OrderDate,ShippingDate,ProductID,Zip,Units,Revenue,Currency
2010-01-15 00:00:00,2010-01-17 00:00:00,25,07825,1,792.75,USD
2010-01-15 00:00:00,2010-01-17 00:00:00,33,97231,1,734.475,USD
2010-01-15 00:00:00,2010-01-17 00:00:00,36,40108,1,414.75,GBP
2010-01-15 00:00:00,2010-01-17 00:00:00,36,92122,1,414.75,USD
2010-01-15 00:00:00,2010-01-17 00:00:00,36,92595,1,414.75,USD
2010-01-15 00:00:00,2010-01-17 00:00:00,36,95037,1,414.75,GBP
2010-01-15 00:00:00,2010-01-17 00:00:00,94,29607,1,866.25,GBP
2010-01-15 00:00:00,2010-01-17 00:00:00,94,95351,2,1732.5,USD
2010-01-15 00:00:00,2010-01-17 00:00:00,120,85283,1,829.5,GBP
2010-01-15 00:00:00,2010-01-17 00:00:00,120,94509,1,829.5,USD
2010-01-15 00:00:00,2010-01-17 00:00:00,120,95624,1,829.5,GBP
2010-01-15 00:00:00,2010-01-17 00:00:00,120,97062,1,829.5,GBP
2010-01-15 00:00:00,2010-01-17 00:00:00,120,97330,1,829.5,USD
2010-01-15 00:00:00,2010-01-17 00:00:00,157,85308,1,619.5,GBP
2010-01-15 00:00:00,2010-01-17 00:00:00,158,20817,1,656.25,GBP
2010-01-15 00:00:00,2010-01-17 00:00:00,168,34242,1,629.475,GBP
2010-01-15 00:00:00,2010-01-17 00:00:00,187,97321,1,819,USD
2010-01-15 00:00:00,2010-01-17 00:00:00,195,29615,1,750.225,USD
2010-01-15 00:00:00,2010-01-17 00:00:00,195,29681,1,750.225,GBP
2010-01-15 00:00:00,2010-01-17 00:00:00,228,67209,1,655.9875,USD
2010-01-15 00:00:00,2010-01-17 00:00:00,228,92887,1,655.9875,USD
2010-01-15 00:00:00,2010-01-17 00:00:00,247,37215,1,367.2375,USD
2010-01-15 00:00:00,2010-01-17 00:00:00,248,87501,1,524.7375,USD
2010-01-15 00:00:00,2010-01-17 00:00:00,318,37209,1,865.9875,USD
2010-01-15 00:00:00,2010-01-17 00:00:00,320,06851,1,1364.7375,GBP
2010-01-15 00:00:00,2010-01-17 00:00:00,326,29072,1,708.4875,USD
2010-01-15 00:00:00,2010-01-17 00:00:00,370,33952,1,540.4875,USD
2010-01-15 00:00:00,2010-01-17 00:00:00,370,78745,1,540.4875,USD
2010-01-15 00:00:00,2010-01-17 00:00:00,396,02048,1,857.0625,GBP
2010-01-15 00:00:00,2010-01-17 00:00:00,396,02770,1,857.0625,USD
2010-01-15 00:00:00,2010-01-17 00:00:00,396,06084,1,857.0625,GBP
2010-01-15 00:00:00,2010-01-17 00:00:00,396,06415,1,857.0625,USD
2010-01-15 00:00:00,2010-01-17 00:00:00,396,06423,1,857.0625,GBP
2010-01-15 00:00:00,2010-01-17 00:00:00,396,07065,1,857.0625,USD
2010-01-15 00:00:00,2010-01-17 00:00:00,396,07401,1,857.0625,GBP
2010-01-15 00:00:00,2010-01-17 00:00:00,396,07506,1,857.0625,GBP
2010-01-15 00:00:00,2010-01-17 00:00:00,396,07821,1,857.0625,USD
2010-01-15 00:00:00,2010-01-17 00:00:00,396,07960,1,857.0625,USD
2010-01-15 00:00:00,2010-01-17 00:00:00,396,08080,1,857.0625,USD
2010-01-15 00:00:00,2010-01-17 00:00:00,396,19720,1,857.0625,GBP
2010-01-15 00:00:00,2010-01-17 00:00:00,396,20747,1,857.0625,USD
2010-01-15 00:00:00,2010-01-17 00:00:00,396,21087,1,857.0625,USD
2010-01-15 00:00:00,2010-01-17 00:00:00,396,21901,1,857.0625,USD
2010-01-15 00:00:00,2010-01-17 00:00:00,396,29576,1,857.0625,USD
2010-01-15 00:00:00,2010-01-17 00:00:00,396,29671,1,857.0625,USD
2010-01-15 00:00:00,2010-01-17 00:00:00,396,29715,1,857.0625,GBP
2010-01-15 00:00:00,2010-01-17 00:00:00,396,32780,1,857.0625,USD
2010-01-15 00:00:00,2010-01-17 00:00:00,396,32955,1,857.0625,USD
2010-01-15 00:00:00,2010-01-17 00:00:00,396,33317,1,857.0625,USD
2010-01-15 00:00:00,2010-01-17 00:00:00,396,33318,1,857.0625,GBP
2010-01-15 00:00:00,2010-01-17 00:00:00,396,33418,1,857.0625,USD
2010-01-15 00:00:00,2010-01-17 00:00:00,396,34104,1,857.0625,USD
2010-01-15 00:00:00,2010-01-17 00:00:00,396,34786,1,857.0625,USD
2010-01-15 00:00:00,2010-01-17 00:00:00,396,35235,1,857.0625,USD
2010-01-15 00:00:00,2010-01-17 00:00:00,396,35749,1,857.0625,USD
2010-01-15 00:00:00,2010-01-17 00:00:00,396,38111,1,857.0625,GBP
2010-01-15 00:00:00,2010-01-17 00:00:00,396,46013,1,857.0625,USD
2010-01-15 00:00:00,2010-01-17 00:00:00,396,46038,3,2571.1875,GBP
2010-01-15 00:00:00,2010-01-17 00:00:00,396,46142,1,857.0625,GBP
2010-01-15 00:00:00,2010-01-17 00:00:00,396,46637,1,857.0625,USD
2010-01-15 00:00:00,2010-01-17 00:00:00,396,47842,1,857.0625,USD
2010-01-15 00:00:00,2010-01-17 00:00:00,396,51357,1,857.0625,GBP
2010-01-15 00:00:00,2010-01-17 00:00:00,396,53532,1,857.0625,USD
2010-01-15 00:00:00,2010-01-17 00:00:00,396,55313,1,857.0625,GBP
2010-01-15 00:00:00,2010-01-17 00:00:00,396,55331,1,857.0625,GBP
2010-01-15 00:00:00,2010-01-17 00:00:00,396,57106,1,857.0625,USD
2010-01-15 00:00:00,2010-01-17 00:00:00,396,63017,1,857.0625,GBP
2010-01-15 00:00:00,2010-01-17 00:00:00,396,67601,1,857.0625,USD
2010-01-15 00:00:00,2010-01-17 00:00:00,396,68164,1,857.0625,GBP
2010-01-15 00:00:00,2010-01-17 00:00:00,396,70518,1,857.0625,USD
2010-01-15 00:00:00,2010-01-17 00:00:00,396,71322,1,857.0625,GBP
2010-01-15 00:00:00,2010-01-17 00:00:00,396,74502,1,857.0625,USD
2010-01-15 00:00:00,2010-01-17 00:00:00,396,84092,1,857.0625,USD
2010-01-15 00:00:00,2010-01-17 00:00:00,396,87059,1,857.0625,GBP
2010-01-15 00:00:00,2010-01-17 00:00:00,396,90631,1,857.0625,USD
2010-01-15 00:00:00,2010-01-17 00:00:00,396,90815,2,1714.125,GBP
2010-01-15 00:00:00,2010-01-17 00:00:00,396,91342,1,857.0625,USD
2010-01-15 00:00:00,2010-01-17 00:00:00,396,91741,1,857.0625,GBP
2010-01-15 00:00:00,2010-01-17 00:00:00,396,91752,1,857.0625,USD
2010-01-15 00:00:00,2010-01-17 00:00:00,396,92026,1,857.0625,USD
2010-01-15 00:00:00,2010-01-17 00:00:00,396,92397,1,857.0625,GBP
2010-01-15 00:00:00,2010-01-17 00:00:00,396,92630,1,857.0625,GBP
2010-01-15 00:00:00,2010-01-17 00:00:00,396,92869,1,857.0625,USD
2010-01-15 00:00:00,2010-01-17 00:00:00,396,93101,1,857.0625,USD
2010-01-15 00:00:00,2010-01-17 00:00:00,396,94514,1,857.0625,USD
2010-01-15 00:00:00,2010-01-17 00:00:00,396,94555,1,857.0625,USD
2010-01-15 00:00:00,2010-01-17 00:00:00,396,94583,1,857.0625,USD
2010-01-15 00:00:00,2010-01-17 00:00:00,396,94949,1,857.0625,GBP
2010-01-15 00:00:00,2010-01-17 00:00:00,396,95037,1,857.0625,USD
2010-01-15 00:00:00,2010-01-17 00:00:00,396,95215,1,857.0625,USD
2010-01-15 00:00:00,2010-01-17 00:00:00,396,95382,1,857.0625,USD
2010-01-15 00:00:00,2010-01-17 00:00:00,396,95673,1,857.0625,USD
2010-01-15 00:00:00,2010-01-17 00:00:00,396,97405,1,857.0625,USD
2010-01-15 00:00:00,2010-01-17 00:00:00,400,07849,1,683.8125,USD
2010-01-15 00:00:00,2010-01-17 00:00:00,400,26070,1,683.8125,GBP
2010-01-15 00:00:00,2010-01-17 00:00:00,400,29801,1,683.8125,GBP
2010-01-15 00:00:00,2010-01-17 00:00:00,400,32043,1,683.8125,GBP
2010-01-15 00:00:00,2010-01-17 00:00:00,400,54970,1,683.8125,GBP
2010-01-15 00:00:00,2010-01-17 00:00:00,400,68164,1,683.8125,GBP
2010-01-15 00:00:00,2010-01-17 00:00:00,400,83704,1,683.8125,USD
2010-01-15 00:00:00,2010-01-17 00:00:00,400,84067,1,683.8125,USD
2010-01-15 00:00:00,2010-01-17 00:00:00,400,85261,1,683.8125,GBP
2010-01-15 00:00:00,2010-01-17 00:00:00,400,95376,1,697.725,GBP
2010-01-15 00:00:00,2010-01-17 00:00:00,400,97103,1,683.8125,GBP
2010-01-15 00:00:00,2010-01-17 00:00:00,400,99705,1,683.8125,GBP
2010-01-15 00:00:00,2010-01-17 00:00:00,415,07652,1,495.8625,GBP
2010-01-15 00:00:00,2010-01-17 00:00:00,415,64119,1,482.7375,GBP
2010-01-15 00:00:00,2010-01-17 00:00:00,415,77339,1,495.8625,GBP
2010-01-15 00:00:00,2010-01-17 00:00:00,415,83501,1,495.8625,USD
2010-01-15 00:00:00,2010-01-17 00:00:00,426,77450,1,795.1125,GBP
2010-01-15 00:00:00,2010-01-17 00:00:00,426,94549,1,807.975,GBP
2010-01-15 00:00:00,2010-01-17 00:00:00,426,95816,1,807.975,GBP
2010-01-15 00:00:00,2010-01-17 00:00:00,433,21502,1,804.3,GBP
2010-01-15 00:00:00,2010-01-17 00:00:00,433,32724,1,804.3,USD
2010-01-15 00:00:00,2010-01-17 00:00:00,433,32780,1,804.3,USD
2010-01-15 00:00:00,2010-01-17 00:00:00,433,34990,1,804.3,GBP
2010-01-15 00:00:00,2010-01-17 00:00:00,433,35124,1,804.3,GBP
2010-01-15 00:00:00,2010-01-17 00:00:00,433,37302,1,804.3,USD
2010-01-15 00:00:00,2010-01-17 00:00:00,433,53219,1,804.3,USD
2010-01-15 00:00:00,2010-01-17 00:00:00,443,08260,1,790.9125,GBP
2010-01-15 00:00:00,2010-01-17 00:00:00,443,08753,1,790.9125,GBP
2010-01-15 00:00:00,2010-01-17 00:00:00,443,19939,1,790.9125,GBP
2010-01-15 00:00:00,2010-01-17 00:00:00,443,32073,1,790.9125,GBP
2010-01-15 00:00:00,2010-01-17 00:00:00,443,32117,2,1581.825,USD
2010-01-15 00:00:00,2010-01-17 00:00:00,443,32712,1,790.9125,GBP
2010-01-15 00:00:00,2010-01-17 00:00:00,443,33141,1,790.9125,GBP
2010-01-15 00:00:00,2010-01-17 00:00:00,443,33611,1,790.9125,GBP
2010-01-15 00:00:00,2010-01-17 00:00:00,443,34243,1,790.9125,USD
2010-01-15 00:00:00,2010-01-17 00:00:00,443,35161,1,790.9125,GBP
2010-01-15 00:00:00,2010-01-17 00:00:00,443,39571,1,790.9125,GBP
2010-01-15 00:00:00,2010-01-17 00:00:00,443,41472,1,790.9125,USD
2010-01-15 00:00:00,2010-01-17 00:00:00,443,53142,2,1581.825,USD
2010-01-15 00:00:00,2010-01-17 00:00:00,443,54452,1,790.9125,GBP
2010-01-15 00:00:00,2010-01-17 00:00:00,443,55106,1,790.9125,GBP
2010-01-15 00:00:00,2010-01-17 00:00:00,443,58078,1,790.9125,USD
2010-01-15 00:00:00,2010-01-17 00:00:00,443,68025,1,790.9125,USD
2010-01-15 00:00:00,2010-01-17 00:00:00,443,68127,1,790.9125,GBP
2010-01-15 00:00:00,2010-01-17 00:00:00,443,75090,1,790.9125,GBP
2010-01-15 00:00:00,2010-01-17 00:00:00,443,85202,1,790.9125,GBP
2010-01-15 00:00:00,2010-01-17 00:00:00,443,87401,1,790.9125,USD
2010-01-15 00:00:00,2010-01-17 00:00:00,443,90815,1,804.825,USD
2010-01-15 00:00:00,2010-01-17 00:00:00,443,91932,1,804.825,GBP
2010-01-15 00:00:00,2010-01-17 00:00:00,443,95070,1,804.825,USD
2010-01-15 00:00:00,2010-01-17 00:00:00,464,32750,1,566.2125,USD
2010-01-15 00:00:00,2010-01-17 00:00:00,464,33881,4,2264.85,USD
2010-01-15 00:00:00,2010-01-17 00:00:00,464,77506,1,566.2125,USD
2010-01-15 00:00:00,2010-01-17 00:00:00,475,32052,1,970.2,USD
2010-01-15 00:00:00,2010-01-17 00:00:00,475,33016,1,970.2,USD
2010-01-15 00:00:00,2010-01-17 00:00:00,475,33067,1,970.2,USD
2010-01-15 00:00:00,2010-01-17 00:00:00,475,33904,1,970.2,USD
2010-01-15 00:00:00,2010-01-17 00:00:00,475,34287,1,970.2,USD
2010-01-15 00:00:00,2010-01-17 00:00:00,475,38477,1,970.2,GBP
2010-01-15 00:00:00,2010-01-17 00:00:00,475,53144,1,970.2,GBP
2010-01-15 00:00:00,2010-01-17 00:00:00,475,53156,1,970.2,GBP
2010-01-15 00:00:00,2010-01-17 00:00:00,475,53809,1,13582.800000000003,GBP
2010-01-15 00:00:00,2010-01-17 00:00:00,475,53809,1,5821.2,USD
2010-01-15 00:00:00,2010-01-17 00:00:00,475,54230,1,970.2,GBP
2010-01-15 00:00:00,2010-01-17 00:00:00,475,54944,1,970.2,GBP
2010-01-15 00:00:00,2010-01-17 00:00:00,475,63622,1,970.2,GBP
2010-01-15 00:00:00,2010-01-17 00:00:00,475,68137,1,970.2,USD
2010-01-15 00:00:00,2010-01-17 00:00:00,475,73165,1,970.2,USD
2010-01-15 00:00:00,2010-01-17 00:00:00,475,74075,1,970.2,GBP
2010-01-15 00:00:00,2010-01-17 00:00:00,475,75093,1,970.2,USD
2010-01-15 00:00:00,2010-01-17 00:00:00,475,82718,1,970.2,USD
2010-01-15 00:00:00,2010-01-17 00:00:00,475,87109,1,970.2,USD
2010-01-15 00:00:00,2010-01-17 00:00:00,475,92040,1,975.45,USD
2010-01-15 00:00:00,2010-01-17 00:00:00,475,92056,1,975.45,USD
2010-01-15 00:00:00,2010-01-17 00:00:00,475,92392,2,1950.9,USD
2010-01-15 00:00:00,2010-01-17 00:00:00,475,92546,1,975.45,GBP
2010-01-15 00:00:00,2010-01-17 00:00:00,475,94521,1,975.45,USD
2010-01-15 00:00:00,2010-01-17 00:00:00,485,42103,1,807.1875,GBP
2010-01-15 00:00:00,2010-01-17 00:00:00,485,42103,1,807.1875,USD
2010-01-15 00:00:00,2010-01-17 00:00:00,488,33351,1,970.2,USD
2010-01-15 00:00:00,2010-01-17 00:00:00,491,01075,1,815.325,GBP
2010-01-15 00:00:00,2010-01-17 00:00:00,491,01522,1,815.325,GBP
2010-01-15 00:00:00,2010-01-17 00:00:00,491,02816,1,815.325,USD
2010-01-15 00:00:00,2010-01-17 00:00:00,491,02878,1,815.325,GBP
2010-01-15 00:00:00,2010-01-17 00:00:00,491,07822,1,815.325,GBP
2010-01-15 00:00:00,2010-01-17 00:00:00,491,29526,1,815.325,USD
2010-01-15 00:00:00,2010-01-17 00:00:00,491,32801,1,815.325,GBP
2010-01-15 00:00:00,2010-01-17 00:00:00,491,33139,1,815.325,GBP
2010-01-15 00:00:00,2010-01-17 00:00:00,491,33308,1,815.325,GBP
2010-01-15 00:00:00,2010-01-17 00:00:00,491,33469,1,815.325,USD
2010-01-15 00:00:00,2010-01-17 00:00:00,491,33480,1,815.325,GBP
2010-01-15 00:00:00,2010-01-17 00:00:00,491,35773,1,815.325,USD
2010-01-15 00:00:00,2010-01-17 00:00:00,491,40322,1,815.325,USD
2010-01-15 00:00:00,2010-01-17 00:00:00,491,41230,1,815.325,GBP
2010-01-15 00:00:00,2010-01-17 00:00:00,491,41844,1,4891.95,GBP
2010-01-15 00:00:00,2010-01-17 00:00:00,491,41844,1,5707.275,USD
2010-01-15 00:00:00,2010-01-17 00:00:00,491,46514,1,815.325,GBP
2010-01-15 00:00:00,2010-01-17 00:00:00,491,46514,1,1630.65,USD
2010-01-15 00:00:00,2010-01-17 00:00:00,491,50021,1,815.325,USD
2010-01-15 00:00:00,2010-01-17 00:00:00,491,50595,1,815.325,USD
2010-01-15 00:00:00,2010-01-17 00:00:00,491,53086,1,815.325,USD
2010-01-15 00:00:00,2010-01-17 00:00:00,491,53144,1,815.325,GBP
2010-01-15 00:00:00,2010-01-17 00:00:00,491,53211,1,815.325,GBP
2010-01-15 00:00:00,2010-01-17 00:00:00,491,54952,1,815.325,USD
2010-01-15 00:00:00,2010-01-17 00:00:00,491,55128,1,815.325,GBP
2010-01-15 00:00:00,2010-01-17 00:00:00,491,66102,1,815.325,USD
2010-01-15 00:00:00,2010-01-17 00:00:00,491,75011,1,815.325,USD
2010-01-15 00:00:00,2010-01-17 00:00:00,491,76092,1,815.325,USD
2010-01-15 00:00:00,2010-01-17 00:00:00,491,77429,1,815.325,GBP
2010-01-15 00:00:00,2010-01-17 00:00:00,491,79410,1,815.325,USD
2010-01-15 00:00:00,2010-01-17 00:00:00,491,84074,1,815.325,GBP
2010-01-15 00:00:00,2010-01-17 00:00:00,491,85215,1,815.325,USD
2010-01-15 00:00:00,2010-01-17 00:00:00,491,87413,1,815.325,USD
2010-01-15 00:00:00,2010-01-17 00:00:00,491,97462,1,815.325,GBP
2010-01-15 00:00:00,2010-01-17 00:00:00,495,71366,1,560.9625,USD
2010-01-15 00:00:00,2010-01-17 00:00:00,495,78213,1,560.9625,USD
2010-01-15 00:00:00,2010-01-17 00:00:00,499,26554,1,846.3,GBP
2010-01-15 00:00:00,2010-01-17 00:00:00,499,33133,1,846.3,USD
2010-01-15 00:00:00,2010-01-17 00:00:00,499,33809,1,846.3,GBP
2010-01-15 00:00:00,2010-01-17 00:00:00,499,37067,1,846.3,GBP
2010-01-15 00:00:00,2010-01-17 00:00:00,499,54215,1,846.3,USD
2010-01-15 00:00:00,2010-01-17 00:00:00,499,77061,1,846.3,GBP
2010-01-15 00:00:00,2010-01-17 00:00:00,499,78257,1,846.3,GBP
2010-01-15 00:00:00,2010-01-17 00:00:00,499,83221,1,846.3,GBP
2010-01-15 00:00:00,2010-01-17 00:00:00,510,33020,1,837.1125,USD
2010-01-15 00:00:00,2010-01-17 00:00:00,510,46224,1,837.1125,GBP
2010-01-15 00:00:00,2010-01-17 00:00:00,510,85210,1,837.1125,USD
2010-01-15 00:00:00,2010-01-17 00:00:00,513,55112,1,451.4475,GBP
2010-01-15 00:00:00,2010-01-17 00:00:00,513,77075,1,451.4475,GBP
2010-01-15 00:00:00,2010-01-17 00:00:00,521,33990,1,556.4475,GBP
2010-01-15 00:00:00,2010-01-17 00:00:00,532,37663,1,556.4475,USD
2010-01-15 00:00:00,2010-01-17 00:00:00,532,84124,1,556.4475,USD
2010-01-15 00:00:00,2010-01-17 00:00:00,532,93955,1,561.6975,USD
2010-01-15 00:00:00,2010-01-17 00:00:00,532,94538,1,561.6975,USD
2010-01-15 00:00:00,2010-01-17 00:00:00,532,96093,1,561.6975,USD
2010-01-15 00:00:00,2010-01-17 00:00:00,550,07840,1,403.9875,USD
2010-01-15 00:00:00,2010-01-17 00:00:00,550,20851,1,403.9875,GBP
2010-01-15 00:00:00,2010-01-17 00:00:00,550,32806,1,403.9875,GBP
2010-01-15 00:00:00,2010-01-17 00:00:00,550,37221,1,403.9875,USD
2010-01-15 00:00:00,2010-01-17 00:00:00,550,37369,1,403.9875,USD
2010-01-15 00:00:00,2010-01-17 00:00:00,550,55109,1,403.9875,USD
2010-01-15 00:00:00,2010-01-17 00:00:00,550,55804,1,403.9875,GBP
2010-01-15 00:00:00,2010-01-17 00:00:00,550,56425,1,403.9875,USD
2010-01-15 00:00:00,2010-01-17 00:00:00,550,59833,1,403.9875,USD
2010-01-15 00:00:00,2010-01-17 00:00:00,550,68134,1,403.9875,GBP
2010-01-15 00:00:00,2010-01-17 00:00:00,550,82426,1,403.9875,GBP
2010-01-15 00:00:00,2010-01-17 00:00:00,550,84074,1,403.9875,USD
2010-01-15 00:00:00,2010-01-17 00:00:00,559,33428,1,585.6375,USD
2010-01-15 00:00:00,2010-01-17 00:00:00,559,42324,1,585.6375,GBP
2010-01-15 00:00:00,2010-01-17 00:00:00,559,46307,1,585.6375,USD
2010-01-15 00:00:00,2010-01-17 00:00:00,559,53405,1,585.6375,USD
2010-01-15 00:00:00,2010-01-17 00:00:00,559,58701,1,585.6375,GBP
2010-01-15 00:00:00,2010-01-17 00:00:00,559,65672,1,585.6375,USD
2010-01-15 00:00:00,2010-01-17 00:00:00,559,84302,1,585.6375,GBP
2010-01-15 00:00:00,2010-01-17 00:00:00,559,85364,1,585.6375,GBP
2010-01-15 00:00:00,2010-01-17 00:00:00,559,87505,1,585.6375,USD
2010-01-15 00:00:00,2010-01-17 00:00:00,559,92071,1,600.6,GBP
2010-01-15 00:00:00,2010-01-17 00:00:00,559,99507,1,585.6375,USD
2010-01-15 00:00:00,2010-01-17 00:00:00,573,06249,1,280.6125,GBP
2010-01-15 00:00:00,2010-01-17 00:00:00,573,34266,1,280.6125,GBP
2010-01-15 00:00:00,2010-01-17 00:00:00,573,37620,1,280.6125,USD
2010-01-15 00:00:00,2010-01-17 00:00:00,573,53027,1,280.6125,GBP
2010-01-15 00:00:00,2010-01-17 00:00:00,573,53137,1,280.6125,GBP
2010-01-15 00:00:00,2010-01-17 00:00:00,573,55311,1,280.6125,GBP
2010-01-15 00:00:00,2010-01-17 00:00:00,573,56762,1,280.6125,GBP
2010-01-15 00:00:00,2010-01-17 00:00:00,573,58102,1,280.6125,GBP
2010-01-15 00:00:00,2010-01-17 00:00:00,573,70001,1,280.6125,USD
2010-01-15 00:00:00,2010-01-17 00:00:00,573,75644,1,280.6125,USD
2010-01-15 00:00:00,2010-01-17 00:00:00,573,76542,1,280.6125,USD
2010-01-15 00:00:00,2010-01-17 00:00:00,573,78613,1,280.6125,GBP
2010-01-15 00:00:00,2010-01-17 00:00:00,573,85255,1,280.6125,GBP
2010-01-15 00:00:00,2010-01-17 00:00:00,573,91206,1,286.9125,GBP
2010-01-15 00:00:00,2010-01-17 00:00:00,573,91945,1,286.9125,USD
2010-01-15 00:00:00,2010-01-17 00:00:00,573,92084,1,286.9125,GBP
2010-01-15 00:00:00,2010-01-17 00:00:00,573,92504,1,286.9125,GBP
2010-01-15 00:00:00,2010-01-17 00:00:00,573,94268,1,286.9125,USD
2010-01-15 00:00:00,2010-01-17 00:00:00,573,94553,1,286.9125,USD
2010-01-15 00:00:00,2010-01-17 00:00:00,573,97470,1,280.6125,GBP
2010-01-15 00:00:00,2010-01-17 00:00:00,574,33414,1,728.4375,GBP
2010-01-15 00:00:00,2010-01-17 00:00:00,574,85303,2,1661.1,USD
2010-01-15 00:00:00,2010-01-17 00:00:00,574,90650,2,1661.1,USD
2010-01-15 00:00:00,2010-01-17 00:00:00,574,92595,1,830.55,USD
2010-01-15 00:00:00,2010-01-17 00:00:00,574,94580,1,830.55,USD
2010-01-15 00:00:00,2010-01-17 00:00:00,574,95336,1,830.55,USD
2010-01-15 00:00:00,2010-01-17 00:00:00,574,97007,1,830.55,USD
2010-01-15 00:00:00,2010-01-17 00:00:00,580,06415,1,734.7375,GBP
2010-01-15 00:00:00,2010-01-17 00:00:00,580,07424,1,734.7375,GBP
2010-01-15 00:00:00,2010-01-17 00:00:00,580,32124,1,734.7375,GBP
2010-01-15 00:00:00,2010-01-17 00:00:00,580,42103,1,734.7375,GBP
2010-01-15 00:00:00,2010-01-17 00:00:00,580,42103,1,1469.475,USD
2010-01-15 00:00:00,2010-01-17 00:00:00,580,53402,1,734.7375,USD
2010-01-15 00:00:00,2010-01-17 00:00:00,580,59230,1,734.7375,USD
2010-01-15 00:00:00,2010-01-17 00:00:00,580,75020,1,734.7375,USD
2010-01-15 00:00:00,2010-01-17 00:00:00,580,75032,1,734.7375,GBP
2010-01-15 00:00:00,2010-01-17 00:00:00,580,90274,1,749.9625,GBP
2010-01-15 00:00:00,2010-01-17 00:00:00,580,95687,1,749.9625,USD
2010-01-15 00:00:00,2010-01-17 00:00:00,580,99669,1,734.7375,GBP
2010-01-15 00:00:00,2010-01-17 00:00:00,596,21029,1,746.55,GBP
2010-01-15 00:00:00,2010-01-17 00:00:00,596,21234,1,746.55,USD
2010-01-15 00:00:00,2010-01-17 00:00:00,596,29626,1,746.55,USD
2010-01-15 00:00:00,2010-01-17 00:00:00,596,42303,1,746.55,USD
2010-01-15 00:00:00,2010-01-17 00:00:00,596,46225,1,746.55,USD
2010-01-15 00:00:00,2010-01-17 00:00:00,596,46806,1,746.55,USD
2010-01-15 00:00:00,2010-01-17 00:00:00,596,47348,1,746.55,USD
2010-01-15 00:00:00,2010-01-17 00:00:00,596,54824,1,746.55,GBP
2010-01-15 00:00:00,2010-01-17 00:00:00,596,55016,1,746.55,USD
2010-01-15 00:00:00,2010-01-17 00:00:00,596,55082,1,746.55,GBP
2010-01-15 00:00:00,2010-01-17 00:00:00,596,55328,1,746.55,GBP
2010-01-15 00:00:00,2010-01-17 00:00:00,596,55804,1,746.55,USD
2010-01-15 00:00:00,2010-01-17 00:00:00,596,57709,1,746.55,USD
2010-01-15 00:00:00,2010-01-17 00:00:00,596,59937,1,746.55,USD
2010-01-15 00:00:00,2010-01-17 00:00:00,596,68025,1,746.55,GBP
2010-01-15 00:00:00,2010-01-17 00:00:00,596,72137,1,746.55,USD
2010-01-15 00:00:00,2010-01-17 00:00:00,596,94558,1,761.5125,USD
2010-01-15 00:00:00,2010-01-17 00:00:00,599,01453,1,753.6375,USD
2010-01-15 00:00:00,2010-01-17 00:00:00,599,02333,1,753.6375,GBP
2010-01-15 00:00:00,2010-01-17 00:00:00,599,07601,1,753.6375,USD
2010-01-15 00:00:00,2010-01-17 00:00:00,599,21655,1,753.6375,GBP
2010-01-15 00:00:00,2010-01-17 00:00:00,599,34667,1,753.6375,GBP
2010-01-15 00:00:00,2010-01-17 00:00:00,599,34983,1,753.6375,USD
2010-01-15 00:00:00,2010-01-17 00:00:00,599,36362,1,753.6375,USD
2010-01-15 00:00:00,2010-01-17 00:00:00,599,36504,1,753.6375,GBP
2010-01-15 00:00:00,2010-01-17 00:00:00,599,37191,1,753.6375,GBP
2010-01-15 00:00:00,2010-01-17 00:00:00,599,46126,1,753.6375,GBP
2010-01-15 00:00:00,2010-01-17 00:00:00,599,52722,1,753.6375,USD
2010-01-15 00:00:00,2010-01-17 00:00:00,599,58504,1,753.6375,GBP
2010-01-15 00:00:00,2010-01-17 00:00:00,599,85024,1,753.6375,USD
2010-01-15 00:00:00,2010-01-17 00:00:00,599,94509,1,753.6375,GBP
2010-01-15 00:00:00,2010-01-17 00:00:00,599,94520,1,753.6375,USD
2010-01-15 00:00:00,2010-01-17 00:00:00,599,95358,1,753.6375,GBP
2010-01-15 00:00:00,2010-01-17 00:00:00,604,01056,1,461.7375,GBP
2010-01-15 00:00:00,2010-01-17 00:00:00,604,19805,1,461.7375,GBP
2010-01-15 00:00:00,2010-01-17 00:00:00,604,29073,1,461.7375,GBP
2010-01-15 00:00:00,2010-01-17 00:00:00,604,29568,1,461.7375,USD
2010-01-15 00:00:00,2010-01-17 00:00:00,604,32114,1,461.7375,USD
2010-01-15 00:00:00,2010-01-17 00:00:00,604,32117,1,461.7375,USD
2010-01-15 00:00:00,2010-01-17 00:00:00,604,33433,1,461.7375,GBP
2010-01-15 00:00:00,2010-01-17 00:00:00,604,33912,1,461.7375,GBP
2010-01-15 00:00:00,2010-01-17 00:00:00,604,35453,1,461.7375,GBP
2010-01-15 00:00:00,2010-01-17 00:00:00,604,37217,1,452.55,GBP
2010-01-15 00:00:00,2010-01-17 00:00:00,604,47138,1,461.7375,USD
2010-01-15 00:00:00,2010-01-17 00:00:00,604,53219,1,461.7375,GBP
2010-01-15 00:00:00,2010-01-17 00:00:00,604,53531,1,461.7375,USD
2010-01-15 00:00:00,2010-01-17 00:00:00,604,73089,1,461.7375,GBP
2010-01-15 00:00:00,2010-01-17 00:00:00,604,75605,1,461.7375,GBP
2010-01-15 00:00:00,2010-01-17 00:00:00,604,87413,1,461.7375,GBP
2010-01-15 00:00:00,2010-01-17 00:00:00,604,93436,1,468.0375,USD
2010-01-15 00:00:00,2010-01-17 00:00:00,604,94603,1,468.0375,USD
2010-01-15 00:00:00,2010-01-17 00:00:00,604,97701,1,461.7375,USD
2010-01-15 00:00:00,2010-01-17 00:00:00,606,08550,1,314.7375,GBP
2010-01-15 00:00:00,2010-01-17 00:00:00,606,21037,1,314.7375,GBP
2010-01-15 00:00:00,2010-01-17 00:00:00,606,21037,1,314.7375,USD
2010-01-15 00:00:00,2010-01-17 00:00:00,606,21237,1,314.7375,USD
2010-01-15 00:00:00,2010-01-17 00:00:00,606,29609,1,314.7375,GBP
2010-01-15 00:00:00,2010-01-17 00:00:00,606,33416,1,314.7375,USD
2010-01-15 00:00:00,2010-01-17 00:00:00,606,33701,1,314.7375,GBP
2010-01-15 00:00:00,2010-01-17 00:00:00,606,37923,1,314.7375,GBP
2010-01-15 00:00:00,2010-01-17 00:00:00,606,38501,1,314.7375,GBP
2010-01-15 00:00:00,2010-01-17 00:00:00,606,63090,1,314.7375,GBP
2010-01-15 00:00:00,2010-01-17 00:00:00,606,66080,1,314.7375,USD
2010-01-15 00:00:00,2010-01-17 00:00:00,606,70458,1,314.7375,USD
2010-01-15 00:00:00,2010-01-17 00:00:00,606,72209,1,314.7375,GBP
2010-01-15 00:00:00,2010-01-17 00:00:00,606,77063,1,314.7375,USD
2010-01-15 00:00:00,2010-01-17 00:00:00,606,78154,1,314.7375,GBP
2010-01-15 00:00:00,2010-01-17 00:00:00,606,78942,1,314.7375,USD
2010-01-15 00:00:00,2010-01-17 00:00:00,606,85044,1,314.7375,GBP
2010-01-15 00:00:00,2010-01-17 00:00:00,606,85224,1,314.7375,GBP
2010-01-15 00:00:00,2010-01-17 00:00:00,606,87110,1,314.7375,GBP
2010-01-15 00:00:00,2010-01-17 00:00:00,606,97385,1,314.7375,USD
2010-01-15 00:00:00,2010-01-17 00:00:00,609,02333,1,778.8375,USD
2010-01-15 00:00:00,2010-01-17 00:00:00,609,02368,1,778.8375,USD
2010-01-15 00:00:00,2010-01-17 00:00:00,609,02919,1,778.8375,USD
2010-01-15 00:00:00,2010-01-17 00:00:00,609,06118,1,778.8375,USD
2010-01-15 00:00:00,2010-01-17 00:00:00,609,07010,1,778.8375,USD
2010-01-15 00:00:00,2010-01-17 00:00:00,609,07438,1,778.8375,USD
2010-01-15 00:00:00,2010-01-17 00:00:00,609,07621,1,778.8375,GBP
2010-01-15 00:00:00,2010-01-17 00:00:00,609,08085,1,778.8375,GBP
2010-01-15 00:00:00,2010-01-17 00:00:00,609,08753,1,794.0625,USD
2010-01-15 00:00:00,2010-01-17 00:00:00,609,21012,1,778.8375,USD
2010-01-15 00:00:00,2010-01-17 00:00:00,609,21037,1,1557.675,GBP
2010-01-15 00:00:00,2010-01-17 00:00:00,609,21037,1,1557.675,USD
2010-01-15 00:00:00,2010-01-17 00:00:00,609,21087,1,778.8375,GBP
2010-01-15 00:00:00,2010-01-17 00:00:00,609,21811,1,778.8375,USD
2010-01-15 00:00:00,2010-01-17 00:00:00,609,24701,1,778.8375,USD
2010-01-15 00:00:00,2010-01-17 00:00:00,609,24740,1,778.8375,USD
2010-01-15 00:00:00,2010-01-17 00:00:00,609,29617,2,1557.675,USD
2010-01-15 00:00:00,2010-01-17 00:00:00,609,29675,1,778.8375,GBP
2010-01-15 00:00:00,2010-01-17 00:00:00,609,29681,1,778.8375,GBP
2010-01-15 00:00:00,2010-01-17 00:00:00,609,32193,1,778.8375,USD
2010-01-15 00:00:00,2010-01-17 00:00:00,609,32605,1,778.8375,GBP
2010-01-15 00:00:00,2010-01-17 00:00:00,609,32738,2,1557.675,GBP
2010-01-15 00:00:00,2010-01-17 00:00:00,609,32750,5,3894.1875,GBP
2010-01-15 00:00:00,2010-01-17 00:00:00,609,32825,1,778.8375,USD
2010-01-15 00:00:00,2010-01-17 00:00:00,609,33326,1,778.8375,USD
2010-01-15 00:00:00,2010-01-17 00:00:00,609,33405,1,778.8375,GBP
2010-01-15 00:00:00,2010-01-17 00:00:00,609,33611,1,778.8375,USD
2010-01-15 00:00:00,2010-01-17 00:00:00,609,36301,1,778.8375,USD
2010-01-15 00:00:00,2010-01-17 00:00:00,609,37029,1,778.8375,USD
2010-01-15 00:00:00,2010-01-17 00:00:00,609,37040,1,778.8375,USD
2010-01-15 00:00:00,2010-01-17 00:00:00,609,40229,1,1557.675,GBP
2010-01-15 00:00:00,2010-01-17 00:00:00,609,40229,1,778.8375,USD
2010-01-15 00:00:00,2010-01-17 00:00:00,609,46142,1,778.8375,USD
2010-01-15 00:00:00,2010-01-17 00:00:00,609,46240,1,778.8375,GBP
2010-01-15 00:00:00,2010-01-17 00:00:00,609,46240,1,778.8375,USD
2010-01-15 00:00:00,2010-01-17 00:00:00,609,46322,1,778.8375,USD
2010-01-15 00:00:00,2010-01-17 00:00:00,609,46514,1,1557.675,GBP
2010-01-15 00:00:00,2010-01-17 00:00:00,609,46514,1,2336.5125,USD
2010-01-15 00:00:00,2010-01-17 00:00:00,609,46517,1,778.8375,USD
2010-01-15 00:00:00,2010-01-17 00:00:00,609,46544,1,778.8375,USD
2010-01-15 00:00:00,2010-01-17 00:00:00,609,46953,1,778.8375,USD
2010-01-15 00:00:00,2010-01-17 00:00:00,609,47348,1,778.8375,GBP
2010-01-15 00:00:00,2010-01-17 00:00:00,609,50129,1,778.8375,USD
2010-01-15 00:00:00,2010-01-17 00:00:00,609,51104,1,778.8375,USD
2010-01-15 00:00:00,2010-01-17 00:00:00,609,53402,1,778.8375,USD
2010-01-15 00:00:00,2010-01-17 00:00:00,609,55372,1,778.8375,USD
2010-01-15 00:00:00,2010-01-17 00:00:00,609,57324,1,778.8375,USD
2010-01-15 00:00:00,2010-01-17 00:00:00,609,64085,1,778.8375,USD
2010-01-15 00:00:00,2010-01-17 00:00:00,609,72435,1,778.8375,USD
2010-01-15 00:00:00,2010-01-17 00:00:00,609,75901,1,778.8375,USD
2010-01-15 00:00:00,2010-01-17 00:00:00,609,76148,1,778.8375,USD
2010-01-15 00:00:00,2010-01-17 00:00:00,609,77515,1,778.8375,GBP
2010-01-15 00:00:00,2010-01-17 00:00:00,609,78374,1,778.8375,USD
2010-01-15 00:00:00,2010-01-17 00:00:00,609,78613,1,778.8375,USD
2010-01-15 00:00:00,2010-01-17 00:00:00,609,78666,1,778.8375,USD
2010-01-15 00:00:00,2010-01-17 00:00:00,609,84010,1,778.8375,USD
2010-01-15 00:00:00,2010-01-17 00:00:00,609,84405,1,778.8375,USD
2010-01-15 00:00:00,2010-01-17 00:00:00,609,87120,1,778.8375,USD
2010-01-15 00:00:00,2010-01-17 00:00:00,609,91016,1,794.0625,USD
2010-01-15 00:00:00,2010-01-17 00:00:00,609,91306,1,794.0625,GBP
2010-01-15 00:00:00,2010-01-17 00:00:00,609,91730,1,794.0625,GBP
2010-01-15 00:00:00,2010-01-17 00:00:00,609,92083,2,1588.125,USD
2010-01-15 00:00:00,2010-01-17 00:00:00,609,92109,1,794.0625,USD
2010-01-15 00:00:00,2010-01-17 00:00:00,609,92346,1,794.0625,GBP
2010-01-15 00:00:00,2010-01-17 00:00:00,609,92835,1,794.0625,USD
2010-01-15 00:00:00,2010-01-17 00:00:00,609,93535,1,794.0625,USD
2010-01-15 00:00:00,2010-01-17 00:00:00,609,95076,1,794.0625,USD
2010-01-15 00:00:00,2010-01-17 00:00:00,609,95356,1,794.0625,GBP
2010-01-15 00:00:00,2010-01-17 00:00:00,609,95476,1,794.0625,USD
2010-01-15 00:00:00,2010-01-17 00:00:00,609,97005,1,778.8375,USD
2010-01-15 00:00:00,2010-01-17 00:00:00,631,06378,1,346.2375,GBP
2010-01-15 00:00:00,2010-01-17 00:00:00,631,32502,1,346.2375,GBP
2010-01-15 00:00:00,2010-01-17 00:00:00,631,32583,1,346.2375,GBP
2010-01-15 00:00:00,2010-01-17 00:00:00,631,32726,1,346.2375,USD
2010-01-15 00:00:00,2010-01-17 00:00:00,631,32789,1,346.2375,USD
2010-01-15 00:00:00,2010-01-17 00:00:00,631,35023,1,346.2375,GBP
2010-01-15 00:00:00,2010-01-17 00:00:00,631,37087,1,346.2375,USD
2010-01-15 00:00:00,2010-01-17 00:00:00,631,53546,1,346.2375,USD
2010-01-15 00:00:00,2010-01-17 00:00:00,631,76559,1,346.2375,GBP
2010-01-15 00:00:00,2010-01-17 00:00:00,631,77084,1,346.2375,GBP
2010-01-15 00:00:00,2010-01-17 00:00:00,631,78521,1,346.2375,GBP
2010-01-15 00:00:00,2010-01-17 00:00:00,631,79936,1,346.2375,USD
2010-01-15 00:00:00,2010-01-17 00:00:00,631,89511,1,346.2375,USD
2010-01-15 00:00:00,2010-01-17 00:00:00,642,59330,1,822.9375,GBP
2010-01-15 00:00:00,2010-01-17 00:00:00,642,64052,1,822.9375,GBP
2010-01-15 00:00:00,2010-01-17 00:00:00,645,06455,1,746.55,GBP
2010-01-15 00:00:00,2010-01-17 00:00:00,645,06460,1,746.55,GBP
2010-01-15 00:00:00,2010-01-17 00:00:00,645,21219,1,746.55,USD
2010-01-15 00:00:00,2010-01-17 00:00:00,645,32807,1,746.55,USD
2010-01-15 00:00:00,2010-01-17 00:00:00,645,32828,1,746.55,GBP
2010-01-15 00:00:00,2010-01-17 00:00:00,645,37217,1,746.55,USD
2010-01-15 00:00:00,2010-01-17 00:00:00,645,46163,1,746.55,GBP
2010-01-15 00:00:00,2010-01-17 00:00:00,645,46710,1,746.55,GBP
2010-01-15 00:00:00,2010-01-17 00:00:00,645,53040,1,746.55,USD
2010-01-15 00:00:00,2010-01-17 00:00:00,645,56751,1,746.55,GBP
2010-01-15 00:00:00,2010-01-17 00:00:00,645,64068,1,746.55,USD
2010-01-15 00:00:00,2010-01-17 00:00:00,645,76504,1,746.55,USD
2010-01-15 00:00:00,2010-01-17 00:00:00,645,85296,1,746.55,GBP
2010-01-15 00:00:00,2010-01-17 00:00:00,645,89109,1,746.55,GBP
2010-01-15 00:00:00,2010-01-17 00:00:00,645,91042,1,761.5125,GBP
2010-01-15 00:00:00,2010-01-17 00:00:00,645,92651,1,761.5125,GBP
2010-01-15 00:00:00,2010-01-17 00:00:00,645,93060,1,761.5125,USD
2010-01-15 00:00:00,2010-01-17 00:00:00,645,93550,1,761.5125,GBP
2010-01-15 00:00:00,2010-01-17 00:00:00,645,95658,1,761.5125,GBP
2010-01-15 00:00:00,2010-01-17 00:00:00,645,99610,1,746.55,USD
2010-01-15 00:00:00,2010-01-17 00:00:00,645,99801,1,746.55,USD
2010-01-15 00:00:00,2010-01-17 00:00:00,658,37040,1,892.2375,GBP
2010-01-15 00:00:00,2010-01-17 00:00:00,658,38063,1,902.7375,GBP
2010-01-15 00:00:00,2010-01-17 00:00:00,658,46112,2,1805.475,USD
2010-01-15 00:00:00,2010-01-17 00:00:00,658,50111,1,902.7375,GBP
2010-01-15 00:00:00,2010-01-17 00:00:00,658,51234,1,902.7375,GBP
2010-01-15 00:00:00,2010-01-17 00:00:00,658,55423,1,902.7375,USD
2010-01-15 00:00:00,2010-01-17 00:00:00,658,58045,1,902.7375,USD
2010-01-15 00:00:00,2010-01-17 00:00:00,658,75481,1,902.7375,USD
2010-01-15 00:00:00,2010-01-17 00:00:00,658,77346,1,902.7375,GBP
2010-01-15 00:00:00,2010-01-17 00:00:00,658,85233,1,902.7375,USD
2010-01-15 00:00:00,2010-01-17 00:00:00,658,89147,1,902.7375,USD
2010-01-15 00:00:00,2010-01-17 00:00:00,658,92805,1,917.9625,USD
2010-01-15 00:00:00,2010-01-17 00:00:00,658,94588,1,917.9625,GBP
2010-01-15 00:00:00,2010-01-17 00:00:00,663,20853,1,765.45,GBP
2010-01-15 00:00:00,2010-01-17 00:00:00,663,33463,1,765.45,USD
2010-01-15 00:00:00,2010-01-17 00:00:00,663,33629,1,765.45,USD
2010-01-15 00:00:00,2010-01-17 00:00:00,663,46217,1,765.45,GBP
2010-01-15 00:00:00,2010-01-17 00:00:00,663,59833,1,765.45,GBP
2010-01-15 00:00:00,2010-01-17 00:00:00,663,77085,1,765.45,USD
2010-01-15 00:00:00,2010-01-17 00:00:00,663,77356,1,765.45,USD
2010-01-15 00:00:00,2010-01-17 00:00:00,663,78413,1,765.45,USD
2010-01-15 00:00:00,2010-01-17 00:00:00,663,79036,1,765.45,GBP
2010-01-15 00:00:00,2010-01-17 00:00:00,663,91301,1,780.4125,USD
2010-01-15 00:00:00,2010-01-17 00:00:00,676,01057,2,1603.875,GBP
2010-01-15 00:00:00,2010-01-17 00:00:00,676,01108,1,801.9375,GBP
2010-01-15 00:00:00,2010-01-17 00:00:00,676,02859,1,801.9375,USD
2010-01-15 00:00:00,2010-01-17 00:00:00,676,07006,1,801.9375,GBP
2010-01-15 00:00:00,2010-01-17 00:00:00,676,07860,1,801.9375,GBP
2010-01-15 00:00:00,2010-01-17 00:00:00,676,08345,1,801.9375,GBP
2010-01-15 00:00:00,2010-01-17 00:00:00,676,29732,1,801.9375,GBP
2010-01-15 00:00:00,2010-01-17 00:00:00,676,32707,1,801.9375,USD
2010-01-15 00:00:00,2010-01-17 00:00:00,676,32765,1,801.9375,USD
2010-01-15 00:00:00,2010-01-17 00:00:00,676,33411,1,801.9375,USD
2010-01-15 00:00:00,2010-01-17 00:00:00,676,33604,2,1603.875,USD
2010-01-15 00:00:00,2010-01-17 00:00:00,676,33813,1,801.9375,USD
2010-01-15 00:00:00,2010-01-17 00:00:00,676,34601,1,801.9375,USD
2010-01-15 00:00:00,2010-01-17 00:00:00,676,34609,1,801.9375,GBP
2010-01-15 00:00:00,2010-01-17 00:00:00,676,37043,1,801.9375,GBP
2010-01-15 00:00:00,2010-01-17 00:00:00,676,38644,1,801.9375,USD
2010-01-15 00:00:00,2010-01-17 00:00:00,676,39530,1,801.9375,USD
2010-01-15 00:00:00,2010-01-17 00:00:00,676,40004,1,801.9375,GBP
2010-01-15 00:00:00,2010-01-17 00:00:00,676,46227,1,801.9375,GBP
2010-01-15 00:00:00,2010-01-17 00:00:00,676,46901,1,801.9375,USD
2010-01-15 00:00:00,2010-01-17 00:00:00,676,50473,1,801.9375,USD
2010-01-15 00:00:00,2010-01-17 00:00:00,676,50670,1,1603.875,GBP
2010-01-15 00:00:00,2010-01-17 00:00:00,676,50670,1,1603.875,USD
2010-01-15 00:00:00,2010-01-17 00:00:00,676,53024,1,801.9375,USD
2010-01-15 00:00:00,2010-01-17 00:00:00,676,54914,1,801.9375,GBP
2010-01-15 00:00:00,2010-01-17 00:00:00,676,55060,2,1603.875,USD
2010-01-15 00:00:00,2010-01-17 00:00:00,676,55311,1,801.9375,USD
2010-01-15 00:00:00,2010-01-17 00:00:00,676,55387,1,801.9375,GBP
2010-01-15 00:00:00,2010-01-17 00:00:00,676,63016,1,801.9375,USD
2010-01-15 00:00:00,2010-01-17 00:00:00,676,66221,1,801.9375,GBP
2010-01-15 00:00:00,2010-01-17 00:00:00,676,76643,1,801.9375,USD
2010-01-15 00:00:00,2010-01-17 00:00:00,676,77331,1,801.9375,USD
2010-01-15 00:00:00,2010-01-17 00:00:00,676,79226,1,801.9375,USD
2010-01-15 00:00:00,2010-01-17 00:00:00,676,88021,1,801.9375,GBP
2010-01-15 00:00:00,2010-01-17 00:00:00,676,89005,1,801.9375,USD
2010-01-15 00:00:00,2010-01-17 00:00:00,676,92014,1,816.9,GBP
2010-01-15 00:00:00,2010-01-17 00:00:00,676,92276,1,816.9,GBP
2010-01-15 00:00:00,2010-01-17 00:00:00,676,93711,2,1633.8,GBP
2010-01-15 00:00:00,2010-01-17 00:00:00,676,94404,1,816.9,GBP
2010-01-15 00:00:00,2010-01-17 00:00:00,676,95993,1,816.9,USD
2010-01-15 00:00:00,2010-01-17 00:00:00,681,06855,1,629.7375,USD
2010-01-15 00:00:00,2010-01-17 00:00:00,681,07506,1,629.7375,USD
2010-01-15 00:00:00,2010-01-17 00:00:00,681,32544,1,629.7375,USD
2010-01-15 00:00:00,2010-01-17 00:00:00,681,36330,1,629.7375,USD
2010-01-15 00:00:00,2010-01-17 00:00:00,681,52531,1,3778.425,GBP
2010-01-15 00:00:00,2010-01-17 00:00:00,681,52531,1,1259.475,USD
2010-01-15 00:00:00,2010-01-17 00:00:00,681,57703,1,629.7375,GBP
2010-01-15 00:00:00,2010-01-17 00:00:00,681,58201,1,629.7375,USD
2010-01-15 00:00:00,2010-01-17 00:00:00,681,64012,1,629.7375,GBP
2010-01-15 00:00:00,2010-01-17 00:00:00,681,83703,1,629.7375,USD
2010-01-15 00:00:00,2010-01-17 00:00:00,681,90706,1,644.9625,USD
2010-01-15 00:00:00,2010-01-17 00:00:00,681,91342,1,644.9625,USD
2010-01-15 00:00:00,2010-01-17 00:00:00,681,92307,1,644.9625,USD
2010-01-15 00:00:00,2010-01-17 00:00:00,681,94070,1,644.9625,USD
2010-01-15 00:00:00,2010-01-17 00:00:00,681,94542,1,644.9625,USD
2010-01-15 00:00:00,2010-01-17 00:00:00,681,95330,1,644.9625,USD
2010-01-15 00:00:00,2010-01-17 00:00:00,683,07470,1,788.025,USD
2010-01-15 00:00:00,2010-01-17 00:00:00,683,29053,1,788.025,GBP
2010-01-15 00:00:00,2010-01-17 00:00:00,683,29655,1,788.025,GBP
2010-01-15 00:00:00,2010-01-17 00:00:00,683,32174,2,1576.05,GBP
2010-01-15 00:00:00,2010-01-17 00:00:00,683,34112,1,788.025,GBP
2010-01-15 00:00:00,2010-01-17 00:00:00,683,53121,1,1576.05,GBP
2010-01-15 00:00:00,2010-01-17 00:00:00,683,53121,1,1576.05,USD
2010-01-15 00:00:00,2010-01-17 00:00:00,683,63367,1,788.025,USD
2010-01-15 00:00:00,2010-01-17 00:00:00,683,66441,1,788.025,USD
2010-01-15 00:00:00,2010-01-17 00:00:00,683,66508,1,788.025,USD
2010-01-15 00:00:00,2010-01-17 00:00:00,683,70364,1,788.025,USD
2010-01-15 00:00:00,2010-01-17 00:00:00,683,70460,1,788.025,GBP
2010-01-15 00:00:00,2010-01-17 00:00:00,683,85283,2,1576.05,GBP
2010-01-15 00:00:00,2010-01-17 00:00:00,683,95062,2,1606.5,USD
2010-01-15 00:00:00,2010-01-17 00:00:00,683,95127,1,803.25,USD
2010-01-15 00:00:00,2010-01-17 00:00:00,687,19904,1,445.9875,USD
2010-01-15 00:00:00,2010-01-17 00:00:00,687,32119,1,445.9875,USD
2010-01-15 00:00:00,2010-01-17 00:00:00,687,32909,1,445.9875,USD
2010-01-15 00:00:00,2010-01-17 00:00:00,687,33410,1,445.9875,USD
2010-01-15 00:00:00,2010-01-17 00:00:00,687,40222,1,445.9875,USD
2010-01-15 00:00:00,2010-01-17 00:00:00,687,46254,1,440.7375,GBP
2010-01-15 00:00:00,2010-01-17 00:00:00,687,54022,1,445.9875,USD
2010-01-15 00:00:00,2010-01-17 00:00:00,687,75703,1,445.9875,USD
2010-01-15 00:00:00,2010-01-17 00:00:00,687,84084,1,445.9875,GBP
2010-01-15 00:00:00,2010-01-17 00:00:00,702,06708,1,286.0725,USD
2010-01-15 00:00:00,2010-01-17 00:00:00,702,92653,1,286.0725,USD
2010-01-15 00:00:00,2010-01-17 00:00:00,702,93552,1,286.0725,GBP
2010-01-15 00:00:00,2010-01-17 00:00:00,702,95589,1,286.0725,GBP
2010-01-15 00:00:00,2010-01-17 00:00:00,702,97882,1,286.0725,USD
2010-01-15 00:00:00,2010-01-17 00:00:00,713,21221,1,160.0725,USD
2010-01-15 00:00:00,2010-01-17 00:00:00,713,33981,1,160.0725,USD
2010-01-15 00:00:00,2010-01-17 00:00:00,713,50109,1,160.0725,USD
2010-01-15 00:00:00,2010-01-17 00:00:00,713,77662,1,160.0725,USD
2010-01-15 00:00:00,2010-01-17 00:00:00,713,85331,1,160.0725,USD
2010-01-15 00:00:00,2010-01-17 00:00:00,713,89423,1,160.0725,GBP
2010-01-15 00:00:00,2010-01-17 00:00:00,713,92675,1,160.0725,USD
2010-01-15 00:00:00,2010-01-17 00:00:00,713,95991,1,160.0725,USD
2010-01-15 00:00:00,2010-01-17 00:00:00,714,33150,1,160.0725,GBP
2010-01-15 00:00:00,2010-01-17 00:00:00,714,34202,1,160.0725,USD
2010-01-15 00:00:00,2010-01-17 00:00:00,714,37134,1,160.0725,GBP
2010-01-15 00:00:00,2010-01-17 00:00:00,714,88062,1,160.0725,GBP
2010-01-15 00:00:00,2010-01-17 00:00:00,714,92653,1,160.0725,USD
2010-01-15 00:00:00,2010-01-17 00:00:00,714,97405,2,320.145,GBP
2010-01-15 00:00:00,2010-01-17 00:00:00,725,01301,1,115.4475,GBP
2010-01-15 00:00:00,2010-01-17 00:00:00,725,06484,1,115.4475,GBP
2010-01-15 00:00:00,2010-01-17 00:00:00,725,08053,1,115.4475,GBP
2010-01-15 00:00:00,2010-01-17 00:00:00,725,08619,1,115.4475,USD
2010-01-15 00:00:00,2010-01-17 00:00:00,725,20011,1,115.4475,GBP
2010-01-15 00:00:00,2010-01-17 00:00:00,725,20678,1,115.4475,GBP
2010-01-15 00:00:00,2010-01-17 00:00:00,725,21502,1,115.4475,GBP
2010-01-15 00:00:00,2010-01-17 00:00:00,725,21671,1,115.4475,GBP
2010-01-15 00:00:00,2010-01-17 00:00:00,725,29115,1,115.4475,GBP
2010-01-15 00:00:00,2010-01-17 00:00:00,725,29449,1,115.4475,GBP
2010-01-15 00:00:00,2010-01-17 00:00:00,725,29720,2,230.895,USD
2010-01-15 00:00:00,2010-01-17 00:00:00,725,32927,1,115.4475,USD
2010-01-15 00:00:00,2010-01-17 00:00:00,725,33308,1,115.4475,GBP
2010-01-15 00:00:00,2010-01-17 00:00:00,725,35042,2,230.895,GBP
2010-01-15 00:00:00,2010-01-17 00:00:00,725,37871,1,115.4475,GBP
2010-01-15 00:00:00,2010-01-17 00:00:00,725,37922,1,115.4475,GBP
2010-01-15 00:00:00,2010-01-17 00:00:00,725,38305,2,230.895,GBP
2010-01-15 00:00:00,2010-01-17 00:00:00,725,39483,1,115.4475,GBP
2010-01-15 00:00:00,2010-01-17 00:00:00,725,39645,1,115.4475,GBP
2010-01-15 00:00:00,2010-01-17 00:00:00,725,40602,1,115.4475,GBP
2010-01-15 00:00:00,2010-01-17 00:00:00,725,41102,1,115.4475,GBP
2010-01-15 00:00:00,2010-01-17 00:00:00,725,46122,1,115.4475,USD
2010-01-15 00:00:00,2010-01-17 00:00:00,725,46203,2,230.895,GBP
2010-01-15 00:00:00,2010-01-17 00:00:00,725,46368,1,115.4475,USD
2010-01-15 00:00:00,2010-01-17 00:00:00,725,46970,1,115.4475,GBP
2010-01-15 00:00:00,2010-01-17 00:00:00,725,53185,1,115.4475,USD
2010-01-15 00:00:00,2010-01-17 00:00:00,725,70461,1,115.4475,USD
2010-01-15 00:00:00,2010-01-17 00:00:00,725,70811,1,115.4475,GBP
2010-01-15 00:00:00,2010-01-17 00:00:00,725,71006,1,115.4475,GBP
2010-01-15 00:00:00,2010-01-17 00:00:00,725,71234,1,115.4475,GBP
2010-01-15 00:00:00,2010-01-17 00:00:00,725,72015,1,115.4475,GBP
2010-01-15 00:00:00,2010-01-17 00:00:00,725,75650,1,115.4475,GBP
2010-01-15 00:00:00,2010-01-17 00:00:00,725,76040,2,230.895,USD
2010-01-15 00:00:00,2010-01-17 00:00:00,725,85255,1,115.4475,GBP
2010-01-15 00:00:00,2010-01-17 00:00:00,725,85308,1,115.4475,GBP
2010-01-15 00:00:00,2010-01-17 00:00:00,725,85310,1,115.4475,GBP
2010-01-15 00:00:00,2010-01-17 00:00:00,725,87059,1,115.4475,GBP
2010-01-15 00:00:00,2010-01-17 00:00:00,725,89801,1,115.4475,USD
2010-01-15 00:00:00,2010-01-17 00:00:00,725,92242,1,115.4475,GBP
2010-01-15 00:00:00,2010-01-17 00:00:00,725,92399,1,115.4475,GBP
2010-01-15 00:00:00,2010-01-17 00:00:00,725,94025,1,115.4475,USD
2010-01-15 00:00:00,2010-01-17 00:00:00,725,94506,1,115.4475,USD
2010-01-15 00:00:00,2010-01-17 00:00:00,725,95425,1,115.4475,USD
2010-01-15 00:00:00,2010-01-17 00:00:00,725,95634,1,115.4475,GBP
2010-01-15 00:00:00,2010-01-17 00:00:00,725,95672,1,115.4475,USD
2010-01-15 00:00:00,2010-01-17 00:00:00,726,07920,1,115.4475,USD
2010-01-15 00:00:00,2010-01-17 00:00:00,726,07946,1,115.4475,USD
2010-01-15 00:00:00,2010-01-17 00:00:00,726,08053,1,115.4475,USD
2010-01-15 00:00:00,2010-01-17 00:00:00,726,08318,1,115.4475,USD
2010-01-15 00:00:00,2010-01-17 00:00:00,726,08721,1,115.4475,USD
2010-01-15 00:00:00,2010-01-17 00:00:00,726,20685,2,230.895,GBP
2010-01-15 00:00:00,2010-01-17 00:00:00,726,20833,1,115.4475,USD
2010-01-15 00:00:00,2010-01-17 00:00:00,726,20841,1,115.4475,USD
2010-01-15 00:00:00,2010-01-17 00:00:00,726,21502,1,115.4475,USD
2010-01-15 00:00:00,2010-01-17 00:00:00,726,29341,1,115.4475,GBP
2010-01-15 00:00:00,2010-01-17 00:00:00,726,29536,1,115.4475,GBP
2010-01-15 00:00:00,2010-01-17 00:00:00,726,32092,1,115.4475,GBP
2010-01-15 00:00:00,2010-01-17 00:00:00,726,35020,1,115.4475,USD
2010-01-15 00:00:00,2010-01-17 00:00:00,726,35042,2,230.895,USD
2010-01-15 00:00:00,2010-01-17 00:00:00,726,35226,2,230.895,GBP
2010-01-15 00:00:00,2010-01-17 00:00:00,726,37087,1,115.4475,USD
2010-01-15 00:00:00,2010-01-17 00:00:00,726,37122,2,230.895,GBP
2010-01-15 00:00:00,2010-01-17 00:00:00,726,40299,1,115.4475,GBP
2010-01-15 00:00:00,2010-01-17 00:00:00,726,46122,1,115.4475,GBP
2010-01-15 00:00:00,2010-01-17 00:00:00,726,46368,1,115.4475,USD
2010-01-15 00:00:00,2010-01-17 00:00:00,726,46970,1,115.4475,USD
2010-01-15 00:00:00,2010-01-17 00:00:00,726,54521,1,115.4475,USD
2010-01-15 00:00:00,2010-01-17 00:00:00,726,59404,2,225.645,GBP
2010-01-15 00:00:00,2010-01-17 00:00:00,726,67877,1,115.4475,GBP
2010-01-15 00:00:00,2010-01-17 00:00:00,726,71129,1,115.4475,GBP
2010-01-15 00:00:00,2010-01-17 00:00:00,726,73139,1,115.4475,GBP
2010-01-15 00:00:00,2010-01-17 00:00:00,726,74006,1,115.4475,USD
2010-01-15 00:00:00,2010-01-17 00:00:00,726,75650,1,115.4475,GBP
2010-01-15 00:00:00,2010-01-17 00:00:00,726,75670,1,115.4475,USD
2010-01-15 00:00:00,2010-01-17 00:00:00,726,76040,2,230.895,GBP
2010-01-15 00:00:00,2010-01-17 00:00:00,726,77485,1,115.4475,GBP
2010-01-15 00:00:00,2010-01-17 00:00:00,726,84098,1,115.4475,USD
2010-01-15 00:00:00,2010-01-17 00:00:00,726,89403,1,115.4475,GBP
2010-01-15 00:00:00,2010-01-17 00:00:00,726,90731,2,230.895,USD
2010-01-15 00:00:00,2010-01-17 00:00:00,726,91016,1,115.4475,USD
2010-01-15 00:00:00,2010-01-17 00:00:00,726,91350,3,346.3425,USD
2010-01-15 00:00:00,2010-01-17 00:00:00,726,92065,1,115.4475,USD
2010-01-15 00:00:00,2010-01-17 00:00:00,726,92869,1,115.4475,USD
2010-01-15 00:00:00,2010-01-17 00:00:00,726,94952,1,115.4475,USD
2010-01-15 00:00:00,2010-01-17 00:00:00,726,94954,2,230.895,USD
2010-01-15 00:00:00,2010-01-17 00:00:00,726,95006,1,115.4475,GBP
2010-01-15 00:00:00,2010-01-17 00:00:00,726,95060,1,115.4475,GBP
2010-01-15 00:00:00,2010-01-17 00:00:00,726,95492,1,115.4475,USD
2010-01-15 00:00:00,2010-01-17 00:00:00,726,95634,1,115.4475,GBP
2010-01-15 00:00:00,2010-01-17 00:00:00,727,06333,1,62.9475,GBP
2010-01-15 00:00:00,2010-01-17 00:00:00,727,06511,1,62.9475,GBP
2010-01-15 00:00:00,2010-01-17 00:00:00,727,08753,1,62.9475,GBP
2010-01-15 00:00:00,2010-01-17 00:00:00,727,21037,1,62.9475,GBP
2010-01-15 00:00:00,2010-01-17 00:00:00,727,21037,1,125.895,USD
2010-01-15 00:00:00,2010-01-17 00:00:00,727,21122,1,62.9475,USD
2010-01-15 00:00:00,2010-01-17 00:00:00,727,29073,1,68.1975,GBP
2010-01-15 00:00:00,2010-01-17 00:00:00,727,29330,2,125.895,GBP
2010-01-15 00:00:00,2010-01-17 00:00:00,727,32547,1,68.1975,GBP
2010-01-15 00:00:00,2010-01-17 00:00:00,727,33414,1,62.9475,GBP
2010-01-15 00:00:00,2010-01-17 00:00:00,727,33568,1,62.9475,GBP
2010-01-15 00:00:00,2010-01-17 00:00:00,727,34602,1,62.9475,GBP
2010-01-15 00:00:00,2010-01-17 00:00:00,727,34990,1,62.9475,GBP
2010-01-15 00:00:00,2010-01-17 00:00:00,727,35769,1,62.9475,GBP
2010-01-15 00:00:00,2010-01-17 00:00:00,727,37043,1,62.9475,USD
2010-01-15 00:00:00,2010-01-17 00:00:00,727,37708,1,62.9475,GBP
2010-01-15 00:00:00,2010-01-17 00:00:00,727,38474,2,131.145,GBP
2010-01-15 00:00:00,2010-01-17 00:00:00,727,39455,1,62.9475,GBP
2010-01-15 00:00:00,2010-01-17 00:00:00,727,40047,1,62.9475,USD
2010-01-15 00:00:00,2010-01-17 00:00:00,727,42408,1,62.9475,GBP
2010-01-15 00:00:00,2010-01-17 00:00:00,727,50124,1,62.9475,GBP
2010-01-15 00:00:00,2010-01-17 00:00:00,727,53952,1,62.9475,GBP
2010-01-15 00:00:00,2010-01-17 00:00:00,727,54494,1,62.9475,GBP
2010-01-15 00:00:00,2010-01-17 00:00:00,727,65583,1,62.9475,GBP
2010-01-15 00:00:00,2010-01-17 00:00:00,727,72032,1,62.9475,GBP
2010-01-15 00:00:00,2010-01-17 00:00:00,727,77539,1,62.9475,GBP
2010-01-15 00:00:00,2010-01-17 00:00:00,727,77546,1,62.9475,USD
2010-01-15 00:00:00,2010-01-17 00:00:00,727,77581,1,62.9475,GBP
2010-01-15 00:00:00,2010-01-17 00:00:00,727,90807,1,62.9475,GBP
2010-01-15 00:00:00,2010-01-17 00:00:00,727,92780,1,62.9475,USD
2010-01-15 00:00:00,2010-01-17 00:00:00,727,93023,1,68.1975,GBP
2010-01-15 00:00:00,2010-01-17 00:00:00,727,93550,1,62.9475,GBP
2010-01-15 00:00:00,2010-01-17 00:00:00,727,94595,1,62.9475,GBP
2010-01-15 00:00:00,2010-01-17 00:00:00,727,95006,1,62.9475,GBP
2010-01-15 00:00:00,2010-01-17 00:00:00,727,95640,1,62.9475,GBP
2010-01-15 00:00:00,2010-01-17 00:00:00,727,95688,1,62.9475,GBP
2010-01-15 00:00:00,2010-01-17 00:00:00,727,97045,1,62.9475,USD
2010-01-15 00:00:00,2010-01-17 00:00:00,727,97446,1,62.9475,USD
2010-01-15 00:00:00,2010-01-17 00:00:00,728,21037,1,62.9475,GBP
2010-01-15 00:00:00,2010-01-17 00:00:00,728,21037,1,62.9475,USD
2010-01-15 00:00:00,2010-01-17 00:00:00,728,21084,1,62.9475,GBP
2010-01-15 00:00:00,2010-01-17 00:00:00,728,21742,1,68.1975,GBP
2010-01-15 00:00:00,2010-01-17 00:00:00,728,21801,1,62.9475,GBP
2010-01-15 00:00:00,2010-01-17 00:00:00,728,25271,1,68.1975,USD
2010-01-15 00:00:00,2010-01-17 00:00:00,728,33414,1,62.9475,GBP
2010-01-15 00:00:00,2010-01-17 00:00:00,728,34609,1,68.1975,GBP
2010-01-15 00:00:00,2010-01-17 00:00:00,728,34957,1,68.1975,GBP
2010-01-15 00:00:00,2010-01-17 00:00:00,728,34990,1,62.9475,USD
2010-01-15 00:00:00,2010-01-17 00:00:00,728,36080,1,62.9475,GBP
2010-01-15 00:00:00,2010-01-17 00:00:00,728,37122,1,62.9475,GBP
2010-01-15 00:00:00,2010-01-17 00:00:00,728,39730,1,68.1975,USD
2010-01-15 00:00:00,2010-01-17 00:00:00,728,46310,1,62.9475,USD
2010-01-15 00:00:00,2010-01-17 00:00:00,728,63044,1,62.9475,GBP
2010-01-15 00:00:00,2010-01-17 00:00:00,728,70438,1,62.9475,GBP
2010-01-15 00:00:00,2010-01-17 00:00:00,728,70812,1,62.9475,GBP
2010-01-15 00:00:00,2010-01-17 00:00:00,728,75043,1,62.9475,USD
2010-01-15 00:00:00,2010-01-17 00:00:00,728,77024,1,62.9475,USD
2010-01-15 00:00:00,2010-01-17 00:00:00,728,77539,1,62.9475,USD
2010-01-15 00:00:00,2010-01-17 00:00:00,728,90041,1,62.9475,USD
2010-01-15 00:00:00,2010-01-17 00:00:00,728,90601,1,62.9475,GBP
2010-01-15 00:00:00,2010-01-17 00:00:00,728,92084,2,125.895,GBP
2010-01-15 00:00:00,2010-01-17 00:00:00,728,92780,1,62.9475,USD
2010-01-15 00:00:00,2010-01-17 00:00:00,728,94062,1,62.9475,GBP
2010-01-15 00:00:00,2010-01-17 00:00:00,730,07105,1,301.8225,GBP
2010-01-15 00:00:00,2010-01-17 00:00:00,730,74850,1,301.8225,USD
2010-01-15 00:00:00,2010-01-17 00:00:00,730,75771,1,301.8225,USD
2010-01-15 00:00:00,2010-01-17 00:00:00,730,89130,1,301.8225,USD
2010-01-15 00:00:00,2010-01-17 00:00:00,739,07604,1,170.5725,USD
2010-01-15 00:00:00,2010-01-17 00:00:00,739,29072,1,170.5725,GBP
2010-01-15 00:00:00,2010-01-17 00:00:00,739,29501,1,170.5725,GBP
2010-01-15 00:00:00,2010-01-17 00:00:00,739,29918,1,170.5725,USD
2010-01-15 00:00:00,2010-01-17 00:00:00,739,37167,1,170.5725,GBP
2010-01-15 00:00:00,2010-01-17 00:00:00,739,37748,1,170.5725,GBP
2010-01-15 00:00:00,2010-01-17 00:00:00,739,71211,1,170.5725,GBP
2010-01-15 00:00:00,2010-01-17 00:00:00,739,71405,1,170.5725,GBP
2010-01-15 00:00:00,2010-01-17 00:00:00,739,76543,1,170.5725,GBP
2010-01-15 00:00:00,2010-01-17 00:00:00,739,77979,1,170.5725,GBP
2010-01-15 00:00:00,2010-01-17 00:00:00,739,79769,2,341.145,GBP
2010-01-15 00:00:00,2010-01-17 00:00:00,739,85310,2,341.145,GBP
2010-01-15 00:00:00,2010-01-17 00:00:00,739,90201,1,170.5725,GBP
2010-01-15 00:00:00,2010-01-17 00:00:00,739,91350,1,170.5725,GBP
2010-01-15 00:00:00,2010-01-17 00:00:00,739,93267,1,170.5725,GBP
2010-01-15 00:00:00,2010-01-17 00:00:00,739,95023,1,170.5725,GBP
2010-01-15 00:00:00,2010-01-17 00:00:00,739,95121,1,170.5725,GBP
2010-01-15 00:00:00,2010-01-17 00:00:00,740,02817,1,167.9475,USD
2010-01-15 00:00:00,2010-01-17 00:00:00,740,20764,1,170.5725,USD
2010-01-15 00:00:00,2010-01-17 00:00:00,740,33809,1,170.5725,USD
2010-01-15 00:00:00,2010-01-17 00:00:00,740,33860,1,170.5725,GBP
2010-01-15 00:00:00,2010-01-17 00:00:00,740,35244,1,170.5725,USD
2010-01-15 00:00:00,2010-01-17 00:00:00,740,35580,1,165.3225,GBP
2010-01-15 00:00:00,2010-01-17 00:00:00,740,35747,1,170.5725,GBP
2010-01-15 00:00:00,2010-01-17 00:00:00,740,35986,1,170.5725,USD
2010-01-15 00:00:00,2010-01-17 00:00:00,740,37027,1,170.5725,GBP
2010-01-15 00:00:00,2010-01-17 00:00:00,740,38843,1,170.5725,GBP
2010-01-15 00:00:00,2010-01-17 00:00:00,740,54511,1,170.5725,USD
2010-01-15 00:00:00,2010-01-17 00:00:00,740,54723,1,170.5725,GBP
2010-01-15 00:00:00,2010-01-17 00:00:00,740,76233,1,170.5725,USD
2010-01-15 00:00:00,2010-01-17 00:00:00,740,77086,1,170.5725,GBP
2010-01-15 00:00:00,2010-01-17 00:00:00,740,78666,1,170.5725,GBP
2010-01-15 00:00:00,2010-01-17 00:00:00,740,91350,1,170.5725,GBP
2010-01-15 00:00:00,2010-01-17 00:00:00,740,92399,1,170.5725,GBP
2010-01-15 00:00:00,2010-01-17 00:00:00,740,94507,1,170.5725,GBP
2010-01-15 00:00:00,2010-01-17 00:00:00,743,70816,1,267.6975,GBP
2010-01-15 00:00:00,2010-01-17 00:00:00,743,89129,1,270.3225,GBP
2010-01-15 00:00:00,2010-01-17 00:00:00,743,94061,1,270.3225,GBP
2010-01-15 00:00:00,2010-01-17 00:00:00,747,59105,1,291.3225,GBP
2010-01-15 00:00:00,2010-01-17 00:00:00,747,73026,1,291.3225,GBP
2010-01-15 00:00:00,2010-01-17 00:00:00,747,89031,1,291.3225,GBP
2010-01-15 00:00:00,2010-01-17 00:00:00,747,91040,1,291.3225,GBP
2010-01-15 00:00:00,2010-01-17 00:00:00,747,93455,1,291.3225,GBP
2010-01-15 00:00:00,2010-01-17 00:00:00,747,97477,1,291.3225,USD
2010-01-15 00:00:00,2010-01-17 00:00:00,753,55945,1,244.0725,USD
2010-01-15 00:00:00,2010-01-17 00:00:00,753,63026,1,244.0725,USD
2010-01-15 00:00:00,2010-01-17 00:00:00,753,85282,1,241.4475,USD
2010-01-15 00:00:00,2010-01-17 00:00:00,753,92399,1,241.4475,USD
2010-01-15 00:00:00,2010-01-17 00:00:00,753,92404,1,241.4475,GBP
2010-01-15 00:00:00,2010-01-17 00:00:00,753,93535,1,241.4475,GBP
2010-01-15 00:00:00,2010-01-17 00:00:00,753,93618,1,244.0725,GBP
2010-01-15 00:00:00,2010-01-17 00:00:00,753,95360,1,244.0725,USD
2010-01-15 00:00:00,2010-01-17 00:00:00,753,97439,1,244.0725,GBP
2010-01-15 00:00:00,2010-01-17 00:00:00,754,29073,1,244.0725,USD
2010-01-15 00:00:00,2010-01-17 00:00:00,754,69346,1,241.4475,USD
2010-01-15 00:00:00,2010-01-17 00:00:00,754,74401,1,244.0725,USD
2010-01-15 00:00:00,2010-01-17 00:00:00,754,85213,1,244.0725,USD
2010-01-15 00:00:00,2010-01-17 00:00:00,754,85737,3,732.2175,GBP
2010-01-15 00:00:00,2010-01-17 00:00:00,754,91301,1,241.4475,GBP
2010-01-15 00:00:00,2010-01-17 00:00:00,754,93453,1,244.0725,GBP
2010-01-15 00:00:00,2010-01-17 00:00:00,754,94061,1,241.4475,USD
2010-01-15 00:00:00,2010-01-17 00:00:00,754,94538,1,241.4475,USD
2010-01-15 00:00:00,2010-01-17 00:00:00,757,06484,1,83.9475,GBP
2010-01-15 00:00:00,2010-01-17 00:00:00,757,08053,1,83.9475,GBP
2010-01-15 00:00:00,2010-01-17 00:00:00,757,08620,1,83.9475,GBP
2010-01-15 00:00:00,2010-01-17 00:00:00,757,08723,1,83.9475,GBP
2010-01-15 00:00:00,2010-01-17 00:00:00,757,20010,1,83.9475,USD
2010-01-15 00:00:00,2010-01-17 00:00:00,757,21084,1,83.9475,GBP
2010-01-15 00:00:00,2010-01-17 00:00:00,757,21144,1,83.9475,USD
2010-01-15 00:00:00,2010-01-17 00:00:00,757,25309,1,83.9475,USD
2010-01-15 00:00:00,2010-01-17 00:00:00,757,29303,1,83.9475,GBP
2010-01-15 00:00:00,2010-01-17 00:00:00,757,29690,1,83.9475,GBP
2010-01-15 00:00:00,2010-01-17 00:00:00,757,33156,2,167.895,GBP
2010-01-15 00:00:00,2010-01-17 00:00:00,757,33176,1,83.9475,GBP
2010-01-15 00:00:00,2010-01-17 00:00:00,757,35006,2,167.895,GBP
2010-01-15 00:00:00,2010-01-17 00:00:00,757,35674,1,83.9475,USD
2010-01-15 00:00:00,2010-01-17 00:00:00,757,38069,1,83.9475,USD
2010-01-15 00:00:00,2010-01-17 00:00:00,757,38344,1,83.9475,GBP
2010-01-15 00:00:00,2010-01-17 00:00:00,757,38464,1,83.9475,GBP
2010-01-15 00:00:00,2010-01-17 00:00:00,757,39525,1,83.9475,GBP
2010-01-15 00:00:00,2010-01-17 00:00:00,757,39629,1,83.9475,USD
2010-01-15 00:00:00,2010-01-17 00:00:00,757,40272,1,83.9475,USD
2010-01-15 00:00:00,2010-01-17 00:00:00,757,41265,1,83.9475,GBP
2010-01-15 00:00:00,2010-01-17 00:00:00,757,46121,1,83.9475,GBP
2010-01-15 00:00:00,2010-01-17 00:00:00,757,46792,2,167.895,GBP
2010-01-15 00:00:00,2010-01-17 00:00:00,757,47135,1,83.9475,GBP
2010-01-15 00:00:00,2010-01-17 00:00:00,757,67060,1,83.9475,GBP
2010-01-15 00:00:00,2010-01-17 00:00:00,757,67665,1,83.9475,GBP
2010-01-15 00:00:00,2010-01-17 00:00:00,757,72315,1,83.9475,USD
2010-01-15 00:00:00,2010-01-17 00:00:00,757,73507,1,83.9475,GBP
2010-01-15 00:00:00,2010-01-17 00:00:00,757,75763,1,83.9475,GBP
2010-01-15 00:00:00,2010-01-17 00:00:00,757,77979,1,83.9475,USD
2010-01-15 00:00:00,2010-01-17 00:00:00,757,85034,1,83.9475,GBP
2010-01-15 00:00:00,2010-01-17 00:00:00,757,85035,1,83.9475,GBP
2010-01-15 00:00:00,2010-01-17 00:00:00,757,89031,1,83.9475,GBP
2010-01-15 00:00:00,2010-01-17 00:00:00,757,90290,1,83.9475,GBP
2010-01-15 00:00:00,2010-01-17 00:00:00,757,91326,1,83.9475,USD
2010-01-15 00:00:00,2010-01-17 00:00:00,757,92887,1,83.9475,USD
2010-01-15 00:00:00,2010-01-17 00:00:00,757,93405,1,83.9475,GBP
2010-01-15 00:00:00,2010-01-17 00:00:00,757,93514,1,83.9475,GBP
2010-01-15 00:00:00,2010-01-17 00:00:00,757,94044,1,83.9475,GBP
2010-01-15 00:00:00,2010-01-17 00:00:00,757,95060,1,83.9475,GBP
2010-01-15 00:00:00,2010-01-17 00:00:00,757,95616,1,83.9475,USD
2010-01-15 00:00:00,2010-01-17 00:00:00,758,01756,1,83.9475,GBP
2010-01-15 00:00:00,2010-01-17 00:00:00,758,02893,1,83.9475,GBP
2010-01-15 00:00:00,2010-01-17 00:00:00,758,06484,1,83.9475,GBP
2010-01-15 00:00:00,2010-01-17 00:00:00,758,06755,1,83.9475,USD
2010-01-15 00:00:00,2010-01-17 00:00:00,758,07045,1,83.9475,GBP
2010-01-15 00:00:00,2010-01-17 00:00:00,758,07869,1,83.9475,USD
2010-01-15 00:00:00,2010-01-17 00:00:00,758,08620,1,83.9475,USD
2010-01-15 00:00:00,2010-01-17 00:00:00,758,20010,1,83.9475,GBP
2010-01-15 00:00:00,2010-01-17 00:00:00,758,20905,1,83.9475,GBP
2010-01-15 00:00:00,2010-01-17 00:00:00,758,21085,1,83.9475,USD
2010-01-15 00:00:00,2010-01-17 00:00:00,758,21875,1,83.9475,USD
2010-01-15 00:00:00,2010-01-17 00:00:00,758,26554,1,83.9475,USD
2010-01-15 00:00:00,2010-01-17 00:00:00,758,29303,1,83.9475,USD
2010-01-15 00:00:00,2010-01-17 00:00:00,758,29617,1,83.9475,GBP
2010-01-15 00:00:00,2010-01-17 00:00:00,758,29644,1,83.9475,USD
2010-01-15 00:00:00,2010-01-17 00:00:00,758,32218,1,83.9475,USD
2010-01-15 00:00:00,2010-01-17 00:00:00,758,32226,1,83.9475,GBP
2010-01-15 00:00:00,2010-01-17 00:00:00,758,32751,1,83.9475,GBP
2010-01-15 00:00:00,2010-01-17 00:00:00,758,33145,1,83.9475,USD
2010-01-15 00:00:00,2010-01-17 00:00:00,758,33156,2,167.895,USD
2010-01-15 00:00:00,2010-01-17 00:00:00,758,33432,1,83.9475,USD
2010-01-15 00:00:00,2010-01-17 00:00:00,758,34986,1,83.9475,USD
2010-01-15 00:00:00,2010-01-17 00:00:00,758,35244,1,83.9475,USD
2010-01-15 00:00:00,2010-01-17 00:00:00,758,37080,2,167.895,USD
2010-01-15 00:00:00,2010-01-17 00:00:00,758,37138,1,83.9475,USD
2010-01-15 00:00:00,2010-01-17 00:00:00,758,37660,1,83.9475,USD
2010-01-15 00:00:00,2010-01-17 00:00:00,758,38069,1,83.9475,USD
2010-01-15 00:00:00,2010-01-17 00:00:00,758,40831,1,83.9475,USD
2010-01-15 00:00:00,2010-01-17 00:00:00,758,46121,1,83.9475,GBP
2010-01-15 00:00:00,2010-01-17 00:00:00,758,46310,1,83.9475,GBP
2010-01-15 00:00:00,2010-01-17 00:00:00,758,46385,1,83.9475,USD
2010-01-15 00:00:00,2010-01-17 00:00:00,758,53704,2,167.895,USD
2010-01-15 00:00:00,2010-01-17 00:00:00,758,63555,1,83.9475,USD
2010-01-15 00:00:00,2010-01-17 00:00:00,758,64850,1,83.9475,GBP
2010-01-15 00:00:00,2010-01-17 00:00:00,758,70431,1,83.9475,GBP
2010-01-15 00:00:00,2010-01-17 00:00:00,758,70454,1,83.9475,GBP
2010-01-15 00:00:00,2010-01-17 00:00:00,758,70558,1,83.9475,USD
2010-01-15 00:00:00,2010-01-17 00:00:00,758,70767,1,83.9475,USD
2010-01-15 00:00:00,2010-01-17 00:00:00,758,71220,1,83.9475,USD
2010-01-15 00:00:00,2010-01-17 00:00:00,758,71329,1,83.9475,GBP
2010-01-15 00:00:00,2010-01-17 00:00:00,758,71646,1,83.9475,USD
2010-01-15 00:00:00,2010-01-17 00:00:00,758,72101,1,83.9475,GBP
2010-01-15 00:00:00,2010-01-17 00:00:00,758,73507,1,83.9475,USD
2010-01-15 00:00:00,2010-01-17 00:00:00,758,76061,1,83.9475,USD
2010-01-15 00:00:00,2010-01-17 00:00:00,758,77423,1,83.9475,USD
2010-01-15 00:00:00,2010-01-17 00:00:00,758,77702,2,167.895,USD
2010-01-15 00:00:00,2010-01-17 00:00:00,758,84075,1,83.9475,USD
2010-01-15 00:00:00,2010-01-17 00:00:00,758,90045,1,83.9475,USD
2010-01-15 00:00:00,2010-01-17 00:00:00,758,91350,1,83.9475,GBP
2010-01-15 00:00:00,2010-01-17 00:00:00,758,93465,1,83.9475,GBP
2010-01-15 00:00:00,2010-01-17 00:00:00,758,95476,1,83.9475,USD
2010-01-15 00:00:00,2010-01-17 00:00:00,758,95603,1,83.9475,USD
2010-01-15 00:00:00,2010-01-17 00:00:00,758,96020,1,83.9475,GBP
2010-01-15 00:00:00,2010-01-17 00:00:00,758,97123,1,83.9475,USD
2010-01-15 00:00:00,2010-01-17 00:00:00,758,97124,1,83.9475,GBP
2010-01-15 00:00:00,2010-01-17 00:00:00,767,02702,1,104.9475,USD
2010-01-15 00:00:00,2010-01-17 00:00:00,767,08094,1,104.9475,GBP
2010-01-15 00:00:00,2010-01-17 00:00:00,767,20646,1,104.9475,USD
2010-01-15 00:00:00,2010-01-17 00:00:00,767,21037,1,524.7375000000001,GBP
2010-01-15 00:00:00,2010-01-17 00:00:00,767,21037,1,209.895,USD
2010-01-15 00:00:00,2010-01-17 00:00:00,767,21048,1,104.9475,GBP
2010-01-15 00:00:00,2010-01-17 00:00:00,767,25504,1,104.9475,GBP
2010-01-15 00:00:00,2010-01-17 00:00:00,767,25686,1,104.9475,GBP
2010-01-15 00:00:00,2010-01-17 00:00:00,767,29072,1,104.9475,GBP
2010-01-15 00:00:00,2010-01-17 00:00:00,767,29577,1,104.9475,GBP
2010-01-15 00:00:00,2010-01-17 00:00:00,767,32220,1,104.9475,GBP
2010-01-15 00:00:00,2010-01-17 00:00:00,767,33401,1,104.9475,GBP
2010-01-15 00:00:00,2010-01-17 00:00:00,767,33834,1,104.9475,GBP
2010-01-15 00:00:00,2010-01-17 00:00:00,767,35077,1,104.9475,GBP
2010-01-15 00:00:00,2010-01-17 00:00:00,767,35806,1,104.9475,GBP
2010-01-15 00:00:00,2010-01-17 00:00:00,767,37160,1,104.9475,USD
2010-01-15 00:00:00,2010-01-17 00:00:00,767,37681,1,104.9475,USD
2010-01-15 00:00:00,2010-01-17 00:00:00,767,38965,1,102.3225,GBP
2010-01-15 00:00:00,2010-01-17 00:00:00,767,40806,1,104.9475,GBP
2010-01-15 00:00:00,2010-01-17 00:00:00,767,41231,1,104.9475,USD
2010-01-15 00:00:00,2010-01-17 00:00:00,767,41555,1,104.9475,USD
2010-01-15 00:00:00,2010-01-17 00:00:00,767,56245,1,104.9475,USD
2010-01-15 00:00:00,2010-01-17 00:00:00,767,59102,1,104.9475,GBP
2010-01-15 00:00:00,2010-01-17 00:00:00,767,66085,1,104.9475,USD
2010-01-15 00:00:00,2010-01-17 00:00:00,767,67870,1,104.9475,USD
2010-01-15 00:00:00,2010-01-17 00:00:00,767,70520,1,104.9475,GBP
2010-01-15 00:00:00,2010-01-17 00:00:00,767,71107,1,104.9475,GBP
2010-01-15 00:00:00,2010-01-17 00:00:00,767,74804,1,104.9475,GBP
2010-01-15 00:00:00,2010-01-17 00:00:00,767,78132,1,104.9475,GBP
2010-01-15 00:00:00,2010-01-17 00:00:00,767,78552,1,104.9475,USD
2010-01-15 00:00:00,2010-01-17 00:00:00,767,82443,1,104.9475,GBP
2010-01-15 00:00:00,2010-01-17 00:00:00,767,84401,2,209.895,USD
2010-01-15 00:00:00,2010-01-17 00:00:00,767,90605,1,104.9475,GBP
2010-01-15 00:00:00,2010-01-17 00:00:00,767,92084,1,104.9475,GBP
2010-01-15 00:00:00,2010-01-17 00:00:00,767,92111,1,104.9475,USD
2010-01-15 00:00:00,2010-01-17 00:00:00,767,93550,2,209.895,USD
2010-01-15 00:00:00,2010-01-17 00:00:00,767,94550,2,209.895,GBP
2010-01-15 00:00:00,2010-01-17 00:00:00,767,94571,1,104.9475,GBP
2010-01-15 00:00:00,2010-01-17 00:00:00,767,94971,1,104.9475,GBP
2010-01-15 00:00:00,2010-01-17 00:00:00,767,95006,1,104.9475,GBP
2010-01-15 00:00:00,2010-01-17 00:00:00,767,95062,1,104.9475,GBP
2010-01-15 00:00:00,2010-01-17 00:00:00,767,95367,1,104.9475,GBP
2010-01-15 00:00:00,2010-01-17 00:00:00,768,21037,1,104.9475,GBP
2010-01-15 00:00:00,2010-01-17 00:00:00,768,21037,1,314.84250000000003,USD
2010-01-15 00:00:00,2010-01-17 00:00:00,768,21152,1,104.9475,USD
2010-01-15 00:00:00,2010-01-17 00:00:00,768,25504,1,104.9475,GBP
2010-01-15 00:00:00,2010-01-17 00:00:00,768,26070,1,104.9475,GBP
2010-01-15 00:00:00,2010-01-17 00:00:00,768,29072,1,104.9475,USD
2010-01-15 00:00:00,2010-01-17 00:00:00,768,29160,1,104.9475,USD
2010-01-15 00:00:00,2010-01-17 00:00:00,768,29406,1,104.9475,GBP
2010-01-15 00:00:00,2010-01-17 00:00:00,768,32935,1,104.9475,USD
2010-01-15 00:00:00,2010-01-17 00:00:00,768,33852,1,104.9475,GBP
2010-01-15 00:00:00,2010-01-17 00:00:00,768,34655,1,104.9475,USD
2010-01-15 00:00:00,2010-01-17 00:00:00,768,35171,1,104.9475,GBP
2010-01-15 00:00:00,2010-01-17 00:00:00,768,40444,1,104.9475,USD
2010-01-15 00:00:00,2010-01-17 00:00:00,768,41231,1,104.9475,USD
2010-01-15 00:00:00,2010-01-17 00:00:00,768,46385,1,104.9475,GBP
2010-01-15 00:00:00,2010-01-17 00:00:00,768,64076,1,104.9475,USD
2010-01-15 00:00:00,2010-01-17 00:00:00,768,65559,1,104.9475,USD
2010-01-15 00:00:00,2010-01-17 00:00:00,768,67042,1,104.9475,USD
2010-01-15 00:00:00,2010-01-17 00:00:00,768,67208,1,104.9475,USD
2010-01-15 00:00:00,2010-01-17 00:00:00,768,67853,1,104.9475,USD
2010-01-15 00:00:00,2010-01-17 00:00:00,768,71943,1,104.9475,USD
2010-01-15 00:00:00,2010-01-17 00:00:00,768,74804,1,104.9475,USD
2010-01-15 00:00:00,2010-01-17 00:00:00,768,75601,1,104.9475,USD
2010-01-15 00:00:00,2010-01-17 00:00:00,768,76148,1,104.9475,USD
2010-01-15 00:00:00,2010-01-17 00:00:00,768,85054,1,104.9475,USD
2010-01-15 00:00:00,2010-01-17 00:00:00,768,90706,1,104.9475,USD
2010-01-15 00:00:00,2010-01-17 00:00:00,768,92677,2,209.895,USD
2010-01-15 00:00:00,2010-01-17 00:00:00,768,94595,1,104.9475,USD
2010-01-15 00:00:00,2010-01-17 00:00:00,768,95228,1,104.9475,USD
2010-01-15 00:00:00,2010-01-17 00:00:00,768,95634,1,104.9475,GBP
2010-01-15 00:00:00,2010-01-17 00:00:00,769,06354,1,257.1975,USD
2010-01-15 00:00:00,2010-01-17 00:00:00,769,08302,1,257.1975,GBP
2010-01-15 00:00:00,2010-01-17 00:00:00,769,72104,1,257.1975,USD
2010-01-15 00:00:00,2010-01-17 00:00:00,769,73644,1,257.1975,GBP
2010-01-15 00:00:00,2010-01-17 00:00:00,769,76708,1,257.1975,GBP
2010-01-15 00:00:00,2010-01-17 00:00:00,770,20732,1,257.1975,USD
2010-01-15 00:00:00,2010-01-17 00:00:00,770,21811,1,257.1975,USD
2010-01-15 00:00:00,2010-01-17 00:00:00,770,29040,1,257.1975,USD
2010-01-15 00:00:00,2010-01-17 00:00:00,770,33324,1,257.1975,GBP
2010-01-15 00:00:00,2010-01-17 00:00:00,770,46158,1,257.1975,USD
2010-01-15 00:00:00,2010-01-17 00:00:00,770,77657,1,257.1975,GBP
2010-01-15 00:00:00,2010-01-17 00:00:00,770,92057,1,257.1975,USD
2010-01-15 00:00:00,2010-01-17 00:00:00,770,92356,1,257.1975,GBP
2010-01-15 00:00:00,2010-01-17 00:00:00,770,92394,1,257.1975,GBP
2010-01-15 00:00:00,2010-01-17 00:00:00,770,93274,2,514.395,GBP
2010-01-15 00:00:00,2010-01-17 00:00:00,770,93635,1,257.1975,GBP
2010-01-15 00:00:00,2010-01-17 00:00:00,770,95363,1,257.1975,GBP
2010-01-15 00:00:00,2010-01-17 00:00:00,771,32725,1,165.3225,USD
2010-01-15 00:00:00,2010-01-17 00:00:00,771,35504,1,165.3225,USD
2010-01-15 00:00:00,2010-01-17 00:00:00,771,89511,1,165.3225,USD
2010-01-15 00:00:00,2010-01-17 00:00:00,771,91701,1,165.3225,USD
2010-01-15 00:00:00,2010-01-17 00:00:00,771,92886,1,165.3225,USD
2010-01-15 00:00:00,2010-01-17 00:00:00,771,94062,1,165.3225,GBP
2010-01-15 00:00:00,2010-01-17 00:00:00,772,35504,1,165.3225,GBP
2010-01-15 00:00:00,2010-01-17 00:00:00,772,38362,1,165.3225,GBP
2010-01-15 00:00:00,2010-01-17 00:00:00,772,77539,1,165.3225,GBP
2010-01-15 00:00:00,2010-01-17 00:00:00,772,92407,1,165.3225,GBP
2010-01-15 00:00:00,2010-01-17 00:00:00,772,92585,1,165.3225,GBP
2010-01-15 00:00:00,2010-01-17 00:00:00,795,29730,1,275.5725,USD
2010-01-15 00:00:00,2010-01-17 00:00:00,795,35754,1,275.5725,USD
2010-01-15 00:00:00,2010-01-17 00:00:00,795,41502,1,267.6975,USD
2010-01-15 00:00:00,2010-01-17 00:00:00,795,76148,1,275.5725,USD
2010-01-15 00:00:00,2010-01-17 00:00:00,795,77546,1,275.5725,USD
2010-01-15 00:00:00,2010-01-17 00:00:00,795,82240,1,275.5725,USD
2010-01-15 00:00:00,2010-01-17 00:00:00,795,90501,1,275.5725,USD
2010-01-15 00:00:00,2010-01-17 00:00:00,795,90638,1,275.5725,USD
2010-01-15 00:00:00,2010-01-17 00:00:00,795,91321,1,275.5725,GBP
2010-01-15 00:00:00,2010-01-17 00:00:00,795,91401,1,275.5725,USD
2010-01-15 00:00:00,2010-01-17 00:00:00,795,91730,1,275.5725,USD
2010-01-15 00:00:00,2010-01-17 00:00:00,795,92313,1,275.5725,USD
2010-01-15 00:00:00,2010-01-17 00:00:00,795,92503,1,275.5725,USD
2010-01-15 00:00:00,2010-01-17 00:00:00,795,92562,1,275.5725,GBP
2010-01-15 00:00:00,2010-01-17 00:00:00,795,93117,1,275.5725,GBP
2010-01-15 00:00:00,2010-01-17 00:00:00,795,93274,1,275.5725,USD
2010-01-15 00:00:00,2010-01-17 00:00:00,795,93308,1,275.5725,USD
2010-01-15 00:00:00,2010-01-17 00:00:00,795,95631,1,275.5725,USD
2010-01-15 00:00:00,2010-01-17 00:00:00,795,95668,1,275.5725,GBP
2010-01-15 00:00:00,2010-01-17 00:00:00,795,95821,1,275.5725,USD
2010-01-15 00:00:00,2010-01-17 00:00:00,795,95838,1,275.5725,GBP
2010-01-15 00:00:00,2010-01-17 00:00:00,796,33470,1,275.5725,GBP
2010-01-15 00:00:00,2010-01-17 00:00:00,796,34286,1,272.9475,USD
2010-01-15 00:00:00,2010-01-17 00:00:00,796,35754,1,275.5725,USD
2010-01-15 00:00:00,2010-01-17 00:00:00,796,79927,1,275.5725,GBP
2010-01-15 00:00:00,2010-01-17 00:00:00,796,90501,1,275.5725,GBP
2010-01-15 00:00:00,2010-01-17 00:00:00,796,92626,1,275.5725,USD
2010-01-15 00:00:00,2010-01-17 00:00:00,796,93427,1,275.5725,USD
2010-01-15 00:00:00,2010-01-17 00:00:00,796,93536,1,275.5725,GBP
2010-01-15 00:00:00,2010-01-17 00:00:00,796,94588,1,275.5725,USD
2010-01-15 00:00:00,2010-01-17 00:00:00,796,94928,1,275.5725,USD
2010-01-15 00:00:00,2010-01-17 00:00:00,796,95037,1,275.5725,USD
2010-01-15 00:00:00,2010-01-17 00:00:00,796,95407,1,275.5725,GBP
2010-01-15 00:00:00,2010-01-17 00:00:00,796,95668,1,275.5725,GBP
2010-01-15 00:00:00,2010-01-17 00:00:00,796,95959,2,551.145,GBP
2010-01-15 00:00:00,2010-01-17 00:00:00,797,01473,1,301.8225,GBP
2010-01-15 00:00:00,2010-01-17 00:00:00,797,02895,1,301.8225,GBP
2010-01-15 00:00:00,2010-01-17 00:00:00,797,29063,1,301.8225,GBP
2010-01-15 00:00:00,2010-01-17 00:00:00,797,34287,2,603.645,GBP
2010-01-15 00:00:00,2010-01-17 00:00:00,797,50563,1,301.8225,GBP
2010-01-15 00:00:00,2010-01-17 00:00:00,797,54660,1,301.8225,USD
2010-01-15 00:00:00,2010-01-17 00:00:00,797,57702,1,301.8225,USD
2010-01-15 00:00:00,2010-01-17 00:00:00,797,59102,1,301.8225,GBP
2010-01-15 00:00:00,2010-01-17 00:00:00,797,70730,1,301.8225,GBP
2010-01-15 00:00:00,2010-01-17 00:00:00,797,70785,1,301.8225,USD
2010-01-15 00:00:00,2010-01-17 00:00:00,797,77429,1,301.8225,GBP
2010-01-15 00:00:00,2010-01-17 00:00:00,797,83301,1,301.8225,GBP
2010-01-15 00:00:00,2010-01-17 00:00:00,797,83501,1,301.8225,GBP
2010-01-15 00:00:00,2010-01-17 00:00:00,797,84015,1,301.8225,USD
2010-01-15 00:00:00,2010-01-17 00:00:00,797,85331,2,603.645,USD
2010-01-15 00:00:00,2010-01-17 00:00:00,797,89408,1,301.8225,USD
2010-01-15 00:00:00,2010-01-17 00:00:00,797,90274,1,301.8225,GBP
2010-01-15 00:00:00,2010-01-17 00:00:00,797,91040,1,301.8225,USD
2010-01-15 00:00:00,2010-01-17 00:00:00,797,92020,1,301.8225,USD
2010-01-15 00:00:00,2010-01-17 00:00:00,797,92021,1,301.8225,GBP
2010-01-15 00:00:00,2010-01-17 00:00:00,797,92040,1,301.8225,GBP
2010-01-15 00:00:00,2010-01-17 00:00:00,797,92115,1,301.8225,GBP
2010-01-15 00:00:00,2010-01-17 00:00:00,797,92507,1,301.8225,USD
2010-01-15 00:00:00,2010-01-17 00:00:00,797,92509,2,603.645,USD
2010-01-15 00:00:00,2010-01-17 00:00:00,797,94574,1,301.8225,USD
2010-01-15 00:00:00,2010-01-17 00:00:00,797,95355,1,301.8225,USD
2010-01-15 00:00:00,2010-01-17 00:00:00,797,95678,2,603.645,USD
2010-01-15 00:00:00,2010-01-17 00:00:00,797,95924,1,301.8225,GBP
2010-01-15 00:00:00,2010-01-17 00:00:00,797,97702,1,301.8225,GBP
2010-01-15 00:00:00,2010-01-17 00:00:00,801,90631,1,291.3225,USD
2010-01-15 00:00:00,2010-01-17 00:00:00,833,33823,1,803.1975,GBP
2010-01-15 00:00:00,2010-01-17 00:00:00,833,38053,1,797.9475,USD
2010-01-15 00:00:00,2010-01-17 00:00:00,833,38683,1,797.9475,USD
2010-01-15 00:00:00,2010-01-17 00:00:00,833,46383,1,803.1975,USD
2010-01-15 00:00:00,2010-01-17 00:00:00,833,92354,1,797.9475,GBP
2010-01-15 00:00:00,2010-01-17 00:00:00,838,08043,1,944.9475,GBP
2010-01-15 00:00:00,2010-01-17 00:00:00,838,21122,1,934.4475,USD
2010-01-15 00:00:00,2010-01-17 00:00:00,838,29210,1,918.6975,GBP
2010-01-15 00:00:00,2010-01-17 00:00:00,838,33147,1,934.4475,USD
2010-01-15 00:00:00,2010-01-17 00:00:00,838,39073,1,934.4475,GBP
2010-01-15 00:00:00,2010-01-17 00:00:00,838,68061,1,944.9475,GBP
2010-01-15 00:00:00,2010-01-17 00:00:00,838,85739,1,929.1975,GBP
2010-01-15 00:00:00,2010-01-17 00:00:00,838,92027,1,929.1975,USD
2010-01-15 00:00:00,2010-01-17 00:00:00,838,92057,1,934.4475,USD
2010-01-15 00:00:00,2010-01-17 00:00:00,838,95616,1,934.4475,USD
2010-01-15 00:00:00,2010-01-17 00:00:00,847,33311,1,577.4475,GBP
2010-01-15 00:00:00,2010-01-17 00:00:00,847,85351,1,551.1975,GBP
2010-01-15 00:00:00,2010-01-17 00:00:00,852,33156,1,745.4475,USD
2010-01-15 00:00:00,2010-01-17 00:00:00,852,34232,1,745.4475,USD
2010-01-15 00:00:00,2010-01-17 00:00:00,852,77077,1,771.6975,GBP
2010-01-15 00:00:00,2010-01-17 00:00:00,852,77881,1,745.4475,GBP
2010-01-15 00:00:00,2010-01-17 00:00:00,852,78154,1,771.6975,USD
2010-01-15 00:00:00,2010-01-17 00:00:00,852,97048,1,771.6975,GBP
2010-01-15 00:00:00,2010-01-17 00:00:00,852,97430,1,745.4475,GBP
2010-01-15 00:00:00,2010-01-17 00:00:00,853,78413,1,456.6975,USD
2010-01-15 00:00:00,2010-01-17 00:00:00,853,94133,1,456.6975,USD
2010-01-15 00:00:00,2010-01-17 00:00:00,862,02766,1,178.4475,GBP
2010-01-15 00:00:00,2010-01-17 00:00:00,862,33433,1,209.9475,GBP
2010-01-15 00:00:00,2010-01-17 00:00:00,862,70508,1,304.4475,USD
2010-01-15 00:00:00,2010-01-17 00:00:00,862,85224,1,209.9475,GBP
2010-01-15 00:00:00,2010-01-17 00:00:00,862,91789,1,304.4475,GBP
2010-01-15 00:00:00,2010-01-17 00:00:00,863,77375,1,304.4475,USD
2010-01-15 00:00:00,2010-01-17 00:00:00,901,33161,1,409.4475,GBP
2010-01-15 00:00:00,2010-01-17 00:00:00,901,71343,1,409.4475,USD
2010-01-15 00:00:00,2010-01-17 00:00:00,901,91935,1,409.4475,GBP
2010-01-15 00:00:00,2010-01-17 00:00:00,901,92866,1,409.4475,USD
2010-01-15 00:00:00,2010-01-17 00:00:00,901,94536,1,409.4475,USD
2010-01-15 00:00:00,2010-01-17 00:00:00,901,94591,1,409.4475,USD
2010-01-15 00:00:00,2010-01-17 00:00:00,901,97124,1,409.4475,USD
2010-01-15 00:00:00,2010-01-17 00:00:00,910,32746,1,414.6975,USD
2010-01-15 00:00:00,2010-01-17 00:00:00,914,53402,1,603.6975,USD
2010-01-15 00:00:00,2010-01-17 00:00:00,914,75185,1,603.6975,GBP
2010-01-15 00:00:00,2010-01-17 00:00:00,921,06074,1,524.9475,GBP
2010-01-15 00:00:00,2010-01-17 00:00:00,921,21218,1,524.9475,GBP
2010-01-15 00:00:00,2010-01-17 00:00:00,921,33069,1,524.9475,USD
2010-01-15 00:00:00,2010-01-17 00:00:00,921,70535,1,524.9475,GBP
2010-01-15 00:00:00,2010-01-17 00:00:00,921,91803,1,524.9475,USD
2010-01-15 00:00:00,2010-01-17 00:00:00,921,95540,1,524.9475,GBP
2010-01-15 00:00:00,2010-01-17 00:00:00,922,01339,1,472.4475,GBP
2010-01-15 00:00:00,2010-01-17 00:00:00,922,33324,1,472.4475,GBP
2010-01-15 00:00:00,2010-01-17 00:00:00,922,33912,1,472.4475,USD
2010-01-15 00:00:00,2010-01-17 00:00:00,922,87505,1,472.4475,GBP
2010-01-15 00:00:00,2010-01-17 00:00:00,922,91016,1,472.4475,USD
2010-01-15 00:00:00,2010-01-17 00:00:00,932,91792,1,430.4475,GBP
2010-01-15 00:00:00,2010-01-17 00:00:00,936,34711,1,498.6975,GBP
2010-01-15 00:00:00,2010-01-17 00:00:00,936,34994,1,498.6975,GBP
2010-01-15 00:00:00,2010-01-17 00:00:00,936,36303,1,498.6975,USD
2010-01-15 00:00:00,2010-01-17 00:00:00,936,74017,1,498.6975,GBP
2010-01-15 00:00:00,2010-01-17 00:00:00,936,85374,1,498.6975,GBP
2010-01-15 00:00:00,2010-01-17 00:00:00,936,90803,1,498.6975,GBP
2010-01-15 00:00:00,2010-01-17 00:00:00,936,91416,1,498.6975,USD
2010-01-15 00:00:00,2010-01-17 00:00:00,936,92008,1,498.6975,USD
2010-01-15 00:00:00,2010-01-17 00:00:00,936,93063,1,498.6975,GBP
2010-01-15 00:00:00,2010-01-17 00:00:00,940,34997,1,671.9475,GBP
2010-01-15 00:00:00,2010-01-17 00:00:00,940,36330,1,687.6975,USD
2010-01-15 00:00:00,2010-01-17 00:00:00,940,94928,1,671.9475,GBP
2010-01-15 00:00:00,2010-01-17 00:00:00,940,94947,1,687.6975,GBP
2010-01-15 00:00:00,2010-01-17 00:00:00,952,78840,1,262.4475,USD
2010-01-15 00:00:00,2010-01-17 00:00:00,962,33071,1,509.1975,USD
2010-01-15 00:00:00,2010-01-17 00:00:00,962,33511,1,524.9475,USD
2010-01-15 00:00:00,2010-01-17 00:00:00,962,33880,1,524.9475,GBP
2010-01-15 00:00:00,2010-01-17 00:00:00,962,38506,1,524.9475,GBP
2010-01-15 00:00:00,2010-01-17 00:00:00,962,46307,1,524.9475,GBP
2010-01-15 00:00:00,2010-01-17 00:00:00,962,77042,1,509.1975,USD
2010-01-15 00:00:00,2010-01-17 00:00:00,964,32725,1,356.9475,USD
2010-01-15 00:00:00,2010-01-17 00:00:00,964,32822,1,356.9475,USD
2010-01-15 00:00:00,2010-01-17 00:00:00,964,33174,1,356.9475,GBP
2010-01-15 00:00:00,2010-01-17 00:00:00,964,33715,1,346.4475,GBP
2010-01-15 00:00:00,2010-01-17 00:00:00,964,33901,1,356.9475,USD
2010-01-15 00:00:00,2010-01-17 00:00:00,964,39506,1,356.9475,USD
2010-01-15 00:00:00,2010-01-17 00:00:00,964,46383,1,346.4475,USD
2010-01-15 00:00:00,2010-01-17 00:00:00,964,63052,1,346.4475,USD
2010-01-15 00:00:00,2010-01-17 00:00:00,964,76120,1,356.9475,USD
2010-01-15 00:00:00,2010-01-17 00:00:00,964,76513,1,356.9475,USD
2010-01-15 00:00:00,2010-01-17 00:00:00,964,78704,1,346.4475,GBP
2010-01-15 00:00:00,2010-01-17 00:00:00,964,79605,1,346.4475,GBP
2010-01-15 00:00:00,2010-01-17 00:00:00,964,88210,1,356.9475,GBP
2010-01-15 00:00:00,2010-01-17 00:00:00,964,97076,1,356.9475,USD
2010-01-15 00:00:00,2010-01-17 00:00:00,979,33186,1,393.6975,GBP
2010-01-15 00:00:00,2010-01-17 00:00:00,979,34983,1,409.4475,GBP
2010-01-15 00:00:00,2010-01-17 00:00:00,979,78148,1,393.6975,GBP
2010-01-15 00:00:00,2010-01-17 00:00:00,979,92647,1,388.4475,GBP
2010-01-15 00:00:00,2010-01-17 00:00:00,981,08071,1,157.4475,USD
2010-01-15 00:00:00,2010-01-17 00:00:00,981,32708,1,157.4475,GBP
2010-01-15 00:00:00,2010-01-17 00:00:00,981,33146,1,157.4475,USD
2010-01-15 00:00:00,2010-01-17 00:00:00,981,37048,1,157.4475,GBP
2010-01-15 00:00:00,2010-01-17 00:00:00,981,37216,1,167.9475,GBP
2010-01-15 00:00:00,2010-01-17 00:00:00,981,88230,1,167.9475,USD
2010-01-15 00:00:00,2010-01-17 00:00:00,981,92310,1,157.4475,GBP
2010-01-15 00:00:00,2010-01-17 00:00:00,989,41749,1,451.4475,GBP
2010-01-15 00:00:00,2010-01-17 00:00:00,989,41749,1,451.4475,USD
2010-01-15 00:00:00,2010-01-17 00:00:00,989,73044,1,451.4475,GBP
2010-01-15 00:00:00,2010-01-17 00:00:00,989,77380,1,467.1975,GBP
2010-01-15 00:00:00,2010-01-17 00:00:00,989,77493,1,467.1975,GBP
2010-01-15 00:00:00,2010-01-17 00:00:00,990,08619,1,503.9475,USD
2010-01-15 00:00:00,2010-01-17 00:00:00,990,34667,1,482.9475,USD
2010-01-15 00:00:00,2010-01-17 00:00:00,990,85224,1,530.1975,GBP
2010-01-15 00:00:00,2010-01-17 00:00:00,992,07849,1,278.1975,GBP
2010-01-15 00:00:00,2010-01-17 00:00:00,992,29169,1,288.6975,USD
2010-01-15 00:00:00,2010-01-17 00:00:00,992,34684,1,278.1975,GBP
2010-01-15 00:00:00,2010-01-17 00:00:00,992,70518,2,603.645,GBP
2010-01-15 00:00:00,2010-01-17 00:00:00,992,72102,1,278.1975,GBP
2010-01-15 00:00:00,2010-01-17 00:00:00,992,72712,1,288.6975,GBP
2010-01-15 00:00:00,2010-01-17 00:00:00,992,77706,1,278.1975,USD
2010-01-15 00:00:00,2010-01-17 00:00:00,992,78383,1,314.9475,GBP
2010-01-15 00:00:00,2010-01-17 00:00:00,992,87109,1,278.1975,USD
2010-01-15 00:00:00,2010-01-17 00:00:00,992,95035,1,278.1975,GBP
2010-01-15 00:00:00,2010-01-17 00:00:00,993,78259,1,330.6975,USD
2010-01-15 00:00:00,2010-01-17 00:00:00,1003,34698,1,86.5725,USD
2010-01-15 00:00:00,2010-01-17 00:00:00,1003,36036,1,86.5725,GBP
2010-01-15 00:00:00,2010-01-17 00:00:00,1003,37129,1,86.5725,USD
2010-01-15 00:00:00,2010-01-17 00:00:00,1003,46360,1,86.5725,GBP
2010-01-15 00:00:00,2010-01-17 00:00:00,1003,46755,1,86.5725,USD
2010-01-15 00:00:00,2010-01-17 00:00:00,1003,70592,1,86.5725,GBP
2010-01-15 00:00:00,2010-01-17 00:00:00,1003,72209,1,86.5725,GBP
2010-01-15 00:00:00,2010-01-17 00:00:00,1005,32765,1,107.5725,USD
2010-01-15 00:00:00,2010-01-17 00:00:00,1005,35630,2,215.145,GBP
2010-01-15 00:00:00,2010-01-17 00:00:00,1005,39204,1,107.5725,GBP
2010-01-15 00:00:00,2010-01-17 00:00:00,1005,72654,1,107.5725,USD
2010-01-15 00:00:00,2010-01-17 00:00:00,1005,93460,1,107.5725,GBP
2010-01-15 00:00:00,2010-01-17 00:00:00,1008,57501,1,236.1975,USD
2010-01-15 00:00:00,2010-01-17 00:00:00,1008,85268,1,236.1975,USD
2010-01-15 00:00:00,2010-01-17 00:00:00,1008,87571,1,236.1975,GBP
2010-01-15 00:00:00,2010-01-17 00:00:00,1008,92625,1,236.1975,USD
2010-01-15 00:00:00,2010-01-17 00:00:00,1014,29910,1,86.5725,GBP
2010-01-15 00:00:00,2010-01-17 00:00:00,1045,20020,1,207.3225,GBP
2010-01-15 00:00:00,2010-01-17 00:00:00,1045,36522,1,207.3225,GBP
2010-01-15 00:00:00,2010-01-17 00:00:00,1046,24733,1,99.6975,GBP
2010-01-15 00:00:00,2010-01-17 00:00:00,1046,32526,2,199.395,GBP
2010-01-15 00:00:00,2010-01-17 00:00:00,1046,33012,1,99.6975,GBP
2010-01-15 00:00:00,2010-01-17 00:00:00,1046,34488,1,99.6975,GBP
2010-01-15 00:00:00,2010-01-17 00:00:00,1046,39530,1,99.6975,GBP
2010-01-15 00:00:00,2010-01-17 00:00:00,1046,46219,1,99.6975,GBP
2010-01-15 00:00:00,2010-01-17 00:00:00,1046,70560,1,99.6975,USD
2010-01-15 00:00:00,2010-01-17 00:00:00,1046,71465,2,199.395,GBP
2010-01-15 00:00:00,2010-01-17 00:00:00,1046,77040,1,99.6975,GBP
2010-01-15 00:00:00,2010-01-17 00:00:00,1046,77088,1,99.6975,USD
2010-01-15 00:00:00,2010-01-17 00:00:00,1046,79118,1,99.6975,USD
2010-01-15 00:00:00,2010-01-17 00:00:00,1053,33067,1,251.9475,USD
2010-01-15 00:00:00,2010-01-17 00:00:00,1053,79912,1,251.9475,GBP
2010-01-15 00:00:00,2010-01-17 00:00:00,1053,90277,1,251.9475,USD
2010-01-15 00:00:00,2010-01-17 00:00:00,1053,92064,1,251.9475,USD
2010-01-15 00:00:00,2010-01-17 00:00:00,1053,95660,1,251.9475,GBP
2010-01-15 00:00:00,2010-01-17 00:00:00,1064,07726,1,246.6975,USD
2010-01-15 00:00:00,2010-01-17 00:00:00,1064,70737,1,233.5725,USD
2010-01-15 00:00:00,2010-01-17 00:00:00,1065,07417,1,296.5725,USD
2010-01-15 00:00:00,2010-01-17 00:00:00,1065,08534,1,296.5725,GBP
2010-01-15 00:00:00,2010-01-17 00:00:00,1065,26101,1,296.5725,USD
2010-01-15 00:00:00,2010-01-17 00:00:00,1065,33155,1,296.5725,USD
2010-01-15 00:00:00,2010-01-17 00:00:00,1065,35242,1,296.5725,GBP
2010-01-15 00:00:00,2010-01-17 00:00:00,1065,36608,1,296.5725,GBP
2010-01-15 00:00:00,2010-01-17 00:00:00,1065,36701,1,296.5725,GBP
2010-01-15 00:00:00,2010-01-17 00:00:00,1065,55358,1,296.5725,GBP
2010-01-15 00:00:00,2010-01-17 00:00:00,1065,59301,1,296.5725,USD
2010-01-15 00:00:00,2010-01-17 00:00:00,1065,63785,1,296.5725,USD
2010-01-15 00:00:00,2010-01-17 00:00:00,1065,71078,1,296.5725,USD
2010-01-15 00:00:00,2010-01-17 00:00:00,1065,78701,1,296.5725,GBP
2010-01-15 00:00:00,2010-01-17 00:00:00,1065,84062,1,296.5725,USD
2010-01-15 00:00:00,2010-01-17 00:00:00,1065,84663,1,296.5725,GBP
2010-01-15 00:00:00,2010-01-17 00:00:00,1065,89120,1,296.5725,GBP
2010-01-15 00:00:00,2010-01-17 00:00:00,1065,89450,1,296.5725,GBP
2010-01-15 00:00:00,2010-01-17 00:00:00,1065,90278,1,296.5725,USD
2010-01-15 00:00:00,2010-01-17 00:00:00,1065,90712,1,296.5725,USD
2010-01-15 00:00:00,2010-01-17 00:00:00,1065,91355,1,296.5725,GBP
2010-01-15 00:00:00,2010-01-17 00:00:00,1065,91906,1,296.5725,GBP
2010-01-15 00:00:00,2010-01-17 00:00:00,1065,92345,1,296.5725,USD
2010-01-15 00:00:00,2010-01-17 00:00:00,1065,92591,1,296.5725,USD
2010-01-15 00:00:00,2010-01-17 00:00:00,1065,92886,1,296.5725,USD
2010-01-15 00:00:00,2010-01-17 00:00:00,1065,93021,1,296.5725,USD
2010-01-15 00:00:00,2010-01-17 00:00:00,1065,93291,1,296.5725,USD
2010-01-15 00:00:00,2010-01-17 00:00:00,1065,93536,1,296.5725,USD
2010-01-15 00:00:00,2010-01-17 00:00:00,1065,97124,1,296.5725,USD
2010-01-15 00:00:00,2010-01-17 00:00:00,1065,97530,1,296.5725,USD
2010-01-15 00:00:00,2010-01-17 00:00:00,1066,07444,1,296.5725,GBP
2010-01-15 00:00:00,2010-01-17 00:00:00,1066,08021,1,296.5725,GBP
2010-01-15 00:00:00,2010-01-17 00:00:00,1066,08534,1,296.5725,GBP
2010-01-15 00:00:00,2010-01-17 00:00:00,1066,08880,1,296.5725,GBP
2010-01-15 00:00:00,2010-01-17 00:00:00,1066,21207,1,296.5725,GBP
2010-01-15 00:00:00,2010-01-17 00:00:00,1066,26101,1,296.5725,USD
2010-01-15 00:00:00,2010-01-17 00:00:00,1066,29116,1,296.5725,GBP
2010-01-15 00:00:00,2010-01-17 00:00:00,1066,35146,1,296.5725,GBP
2010-01-15 00:00:00,2010-01-17 00:00:00,1066,46550,1,296.5725,GBP
2010-01-15 00:00:00,2010-01-17 00:00:00,1066,50238,1,296.5725,GBP
2010-01-15 00:00:00,2010-01-17 00:00:00,1066,55068,1,296.5725,GBP
2010-01-15 00:00:00,2010-01-17 00:00:00,1066,57783,1,296.5725,GBP
2010-01-15 00:00:00,2010-01-17 00:00:00,1066,70433,1,296.5725,USD
2010-01-15 00:00:00,2010-01-17 00:00:00,1066,72758,1,296.5725,USD
2010-01-15 00:00:00,2010-01-17 00:00:00,1066,73071,1,296.5725,GBP
2010-01-15 00:00:00,2010-01-17 00:00:00,1066,73127,1,296.5725,GBP
2010-01-15 00:00:00,2010-01-17 00:00:00,1066,76126,1,296.5725,GBP
2010-01-15 00:00:00,2010-01-17 00:00:00,1066,76248,1,296.5725,GBP
2010-01-15 00:00:00,2010-01-17 00:00:00,1066,76542,1,296.5725,GBP
2010-01-15 00:00:00,2010-01-17 00:00:00,1066,77354,1,296.5725,GBP
2010-01-15 00:00:00,2010-01-17 00:00:00,1066,84057,1,296.5725,USD
2010-01-15 00:00:00,2010-01-17 00:00:00,1066,84720,1,296.5725,GBP
2010-01-15 00:00:00,2010-01-17 00:00:00,1066,85201,1,296.5725,GBP
2010-01-15 00:00:00,2010-01-17 00:00:00,1066,86446,1,296.5725,GBP
2010-01-15 00:00:00,2010-01-17 00:00:00,1066,89509,2,593.145,GBP
2010-01-15 00:00:00,2010-01-17 00:00:00,1066,90274,1,296.5725,GBP
2010-01-15 00:00:00,2010-01-17 00:00:00,1066,92067,1,296.5725,GBP
2010-01-15 00:00:00,2010-01-17 00:00:00,1066,92314,1,296.5725,USD
2010-01-15 00:00:00,2010-01-17 00:00:00,1066,95117,1,296.5725,GBP
2010-01-15 00:00:00,2010-01-17 00:00:00,1066,95127,1,296.5725,GBP
2010-01-15 00:00:00,2010-01-17 00:00:00,1066,97306,1,296.5725,GBP
2010-01-15 00:00:00,2010-01-17 00:00:00,1066,97404,1,296.5725,GBP
2010-01-15 00:00:00,2010-01-17 00:00:00,1079,02532,1,262.4475,GBP
2010-01-15 00:00:00,2010-01-17 00:00:00,1079,08102,1,262.4475,GBP
2010-01-15 00:00:00,2010-01-17 00:00:00,1079,63021,1,262.4475,GBP
2010-01-15 00:00:00,2010-01-17 00:00:00,1079,85215,1,262.4475,GBP
2010-01-15 00:00:00,2010-01-17 00:00:00,1079,85361,1,262.4475,GBP
2010-01-15 00:00:00,2010-01-17 00:00:00,1079,92121,1,262.4475,GBP
2010-01-15 00:00:00,2010-01-17 00:00:00,1080,08020,1,262.4475,USD
2010-01-15 00:00:00,2010-01-17 00:00:00,1080,78222,1,262.4475,GBP
2010-01-15 00:00:00,2010-01-17 00:00:00,1080,84057,1,262.4475,GBP
2010-01-15 00:00:00,2010-01-17 00:00:00,1080,89703,1,262.4475,USD
2010-01-15 00:00:00,2010-01-17 00:00:00,1080,90277,1,262.4475,GBP
2010-01-15 00:00:00,2010-01-17 00:00:00,1080,92673,1,262.4475,GBP
2010-01-15 00:00:00,2010-01-17 00:00:00,1080,93722,1,262.4475,USD
2010-01-15 00:00:00,2010-01-17 00:00:00,1080,95963,1,262.4475,GBP
2010-01-15 00:00:00,2010-01-17 00:00:00,1081,39576,1,225.6975,USD
2010-01-15 00:00:00,2010-01-17 00:00:00,1081,97035,1,225.6975,GBP
2010-01-15 00:00:00,2010-01-17 00:00:00,1082,26101,1,225.6975,USD
2010-01-15 00:00:00,2010-01-17 00:00:00,1082,39402,1,225.6975,USD
2010-01-15 00:00:00,2010-01-17 00:00:00,1082,74427,1,225.6975,GBP
2010-01-15 00:00:00,2010-01-17 00:00:00,1082,92301,1,225.6975,GBP
2010-01-15 00:00:00,2010-01-17 00:00:00,1082,97201,1,225.6975,USD
2010-01-15 00:00:00,2010-01-17 00:00:00,1091,78209,1,169.5225,GBP
2010-01-15 00:00:00,2010-01-17 00:00:00,1092,88220,1,169.5225,USD
2010-01-15 00:00:00,2010-01-17 00:00:00,1092,95076,1,169.5225,USD
2010-01-15 00:00:00,2010-01-17 00:00:00,1105,33946,1,246.6975,USD
2010-01-15 00:00:00,2010-01-17 00:00:00,1105,35214,1,246.6975,USD
2010-01-15 00:00:00,2010-01-17 00:00:00,1105,85027,1,246.6975,GBP
2010-01-15 00:00:00,2010-01-17 00:00:00,1105,90242,1,246.6975,GBP
2010-01-15 00:00:00,2010-01-17 00:00:00,1105,93906,1,246.6975,GBP
2010-01-15 00:00:00,2010-01-17 00:00:00,1106,20711,1,246.6975,GBP
2010-01-15 00:00:00,2010-01-17 00:00:00,1106,34215,1,246.6975,USD
2010-01-15 00:00:00,2010-01-17 00:00:00,1106,39476,1,246.6975,USD
2010-01-15 00:00:00,2010-01-17 00:00:00,1106,42420,1,246.6975,USD
2010-01-15 00:00:00,2010-01-17 00:00:00,1106,47807,1,740.0925,GBP
2010-01-15 00:00:00,2010-01-17 00:00:00,1106,47807,1,493.395,USD
2010-01-15 00:00:00,2010-01-17 00:00:00,1106,65803,1,246.6975,GBP
2010-01-15 00:00:00,2010-01-17 00:00:00,1106,73026,1,246.6975,USD
2010-01-15 00:00:00,2010-01-17 00:00:00,1106,83236,1,246.6975,USD
2010-01-15 00:00:00,2010-01-17 00:00:00,1106,85382,1,246.6975,USD
2010-01-15 00:00:00,2010-01-17 00:00:00,1106,90808,1,246.6975,USD
2010-01-15 00:00:00,2010-01-17 00:00:00,1106,95945,1,246.6975,USD
2010-01-15 00:00:00,2010-01-17 00:00:00,1109,91744,1,209.9475,GBP
2010-01-15 00:00:00,2010-01-17 00:00:00,1109,95762,1,209.9475,GBP
2010-01-15 00:00:00,2010-01-17 00:00:00,1110,39520,1,209.9475,GBP
2010-01-15 00:00:00,2010-01-17 00:00:00,1110,66109,1,209.9475,USD
2010-01-15 00:00:00,2010-01-17 00:00:00,1110,85022,2,419.895,USD
2010-01-15 00:00:00,2010-01-17 00:00:00,1110,92082,1,209.9475,GBP
2010-01-15 00:00:00,2010-01-17 00:00:00,1110,92591,1,209.9475,USD
2010-01-15 00:00:00,2010-01-17 00:00:00,1110,93117,1,209.9475,USD
2010-01-15 00:00:00,2010-01-17 00:00:00,1110,97402,1,209.9475,USD
2010-01-15 00:00:00,2010-01-17 00:00:00,1111,33326,1,116.4975,USD
2010-01-15 00:00:00,2010-01-17 00:00:00,1111,46725,1,116.4975,GBP
2010-01-15 00:00:00,2010-01-17 00:00:00,1111,70053,1,116.4975,GBP
2010-01-15 00:00:00,2010-01-17 00:00:00,1111,76088,1,116.4975,GBP
2010-01-15 00:00:00,2010-01-17 00:00:00,1111,77592,1,116.4975,USD
2010-01-15 00:00:00,2010-01-17 00:00:00,1111,87110,1,116.4975,USD
2010-01-15 00:00:00,2010-01-17 00:00:00,1111,90077,1,116.4975,GBP
2010-01-15 00:00:00,2010-01-17 00:00:00,1111,92673,1,116.4975,USD
2010-01-15 00:00:00,2010-01-17 00:00:00,1111,92804,1,116.4975,GBP
2010-01-15 00:00:00,2010-01-17 00:00:00,1111,95425,1,116.4975,GBP
2010-01-15 00:00:00,2010-01-17 00:00:00,1111,97442,1,116.4975,GBP
2010-01-15 00:00:00,2010-01-17 00:00:00,1111,97828,1,116.4975,GBP
2010-01-15 00:00:00,2010-01-17 00:00:00,1112,32765,1,116.4975,USD
2010-01-15 00:00:00,2010-01-17 00:00:00,1112,33418,1,116.4975,GBP
2010-01-15 00:00:00,2010-01-17 00:00:00,1112,36106,1,116.4975,USD
2010-01-15 00:00:00,2010-01-17 00:00:00,1112,42206,1,116.4975,USD
2010-01-15 00:00:00,2010-01-17 00:00:00,1112,46910,1,116.4975,GBP
2010-01-15 00:00:00,2010-01-17 00:00:00,1112,58801,1,116.4975,GBP
2010-01-15 00:00:00,2010-01-17 00:00:00,1112,67846,1,116.4975,USD
2010-01-15 00:00:00,2010-01-17 00:00:00,1112,70461,1,116.4975,USD
2010-01-15 00:00:00,2010-01-17 00:00:00,1112,76446,1,116.4975,GBP
2010-01-15 00:00:00,2010-01-17 00:00:00,1112,77327,1,116.4975,GBP
2010-01-15 00:00:00,2010-01-17 00:00:00,1112,83202,1,116.4975,USD
2010-01-15 00:00:00,2010-01-17 00:00:00,1112,89706,1,116.4975,USD
2010-01-15 00:00:00,2010-01-17 00:00:00,1112,90745,1,116.4975,USD
2010-01-15 00:00:00,2010-01-17 00:00:00,1112,90815,1,116.4975,USD
2010-01-15 00:00:00,2010-01-17 00:00:00,1112,91901,1,116.4975,USD
2010-01-15 00:00:00,2010-01-17 00:00:00,1112,92243,1,116.4975,USD
2010-01-15 00:00:00,2010-01-17 00:00:00,1112,92311,1,116.4975,USD
2010-01-15 00:00:00,2010-01-17 00:00:00,1112,92346,1,116.4975,USD
2010-01-15 00:00:00,2010-01-17 00:00:00,1112,93212,1,116.4975,GBP
2010-01-15 00:00:00,2010-01-17 00:00:00,1112,97128,1,116.4975,GBP
2010-01-15 00:00:00,2010-01-17 00:00:00,1112,97828,1,116.4975,GBP
2010-01-15 00:00:00,2010-01-17 00:00:00,1116,02780,1,251.9475,GBP
2010-01-15 00:00:00,2010-01-17 00:00:00,1116,08069,1,251.9475,USD
2010-01-15 00:00:00,2010-01-17 00:00:00,1116,33144,1,251.9475,GBP
2010-01-15 00:00:00,2010-01-17 00:00:00,1116,46573,1,251.9475,USD
2010-01-15 00:00:00,2010-01-17 00:00:00,1116,55331,1,251.9475,GBP
2010-01-15 00:00:00,2010-01-17 00:00:00,1116,75090,1,251.9475,GBP
2010-01-15 00:00:00,2010-01-17 00:00:00,1116,75098,1,251.9475,GBP
2010-01-15 00:00:00,2010-01-17 00:00:00,1116,75182,1,251.9475,USD
2010-01-15 00:00:00,2010-01-17 00:00:00,1116,75230,1,251.9475,USD
2010-01-15 00:00:00,2010-01-17 00:00:00,1116,77339,1,251.9475,GBP
2010-01-15 00:00:00,2010-01-17 00:00:00,1116,90278,1,251.9475,GBP
2010-01-15 00:00:00,2010-01-17 00:00:00,1116,92211,1,251.9475,GBP
2010-01-15 00:00:00,2010-01-17 00:00:00,1116,92324,1,251.9475,USD
2010-01-15 00:00:00,2010-01-17 00:00:00,1116,92506,1,251.9475,USD
2010-01-15 00:00:00,2010-01-17 00:00:00,1116,92557,1,251.9475,USD
2010-01-15 00:00:00,2010-01-17 00:00:00,1116,93221,1,251.9475,USD
2010-01-15 00:00:00,2010-01-17 00:00:00,1120,08330,1,173.1975,GBP
2010-01-15 00:00:00,2010-01-17 00:00:00,1120,21037,1,173.1975,GBP
2010-01-15 00:00:00,2010-01-17 00:00:00,1120,21037,1,692.79,USD
2010-01-15 00:00:00,2010-01-17 00:00:00,1120,73150,1,173.1975,USD
2010-01-15 00:00:00,2010-01-17 00:00:00,1120,79120,1,173.1975,GBP
2010-01-15 00:00:00,2010-01-17 00:00:00,1120,92243,1,173.1975,GBP
2010-01-15 00:00:00,2010-01-17 00:00:00,1120,92587,1,173.1975,GBP
2010-01-15 00:00:00,2010-01-17 00:00:00,1122,25526,1,147.9975,USD
2010-01-15 00:00:00,2010-01-17 00:00:00,1122,34232,1,157.4475,GBP
2010-01-15 00:00:00,2010-01-17 00:00:00,1122,63664,1,157.4475,GBP
2010-01-15 00:00:00,2010-01-17 00:00:00,1122,70551,1,157.4475,GBP
2010-01-15 00:00:00,2010-01-17 00:00:00,1122,76118,1,157.4475,USD
2010-01-15 00:00:00,2010-01-17 00:00:00,1122,92586,1,157.4475,GBP
2010-01-15 00:00:00,2010-01-17 00:00:00,1122,92648,1,157.4475,USD
2010-01-15 00:00:00,2010-01-17 00:00:00,1122,94507,1,157.4475,GBP
2010-01-15 00:00:00,2010-01-17 00:00:00,1122,95425,1,157.4475,GBP
2010-01-15 00:00:00,2010-01-17 00:00:00,1131,32822,1,419.9475,GBP
2010-01-15 00:00:00,2010-01-17 00:00:00,1131,35210,1,419.9475,GBP
2010-01-15 00:00:00,2010-01-17 00:00:00,1131,39056,1,419.9475,USD
2010-01-15 00:00:00,2010-01-17 00:00:00,1131,76856,1,419.9475,GBP
2010-01-15 00:00:00,2010-01-17 00:00:00,1131,84302,1,419.9475,GBP
2010-01-15 00:00:00,2010-01-17 00:00:00,1132,77429,1,629.9475,USD
2010-01-15 00:00:00,2010-01-17 00:00:00,1132,94560,1,629.9475,GBP
2010-01-15 00:00:00,2010-01-17 00:00:00,1133,06118,1,629.9475,GBP
2010-01-15 00:00:00,2010-01-17 00:00:00,1133,38115,1,629.9475,GBP
2010-01-15 00:00:00,2010-01-17 00:00:00,1133,74044,1,629.9475,GBP
2010-01-15 00:00:00,2010-01-17 00:00:00,1133,95686,1,629.9475,GBP
2010-01-15 00:00:00,2010-01-17 00:00:00,1133,95814,1,629.9475,GBP
2010-01-15 00:00:00,2010-01-17 00:00:00,1150,77805,4,1570.8,GBP
2010-01-15 00:00:00,2010-01-17 00:00:00,1150,83501,2,785.4,GBP
2010-01-15 00:00:00,2010-01-17 00:00:00,1157,21401,1,377.9475,USD
2010-01-15 00:00:00,2010-01-17 00:00:00,1157,32809,1,377.9475,GBP
2010-01-15 00:00:00,2010-01-17 00:00:00,1157,47265,1,377.9475,USD
2010-01-15 00:00:00,2010-01-17 00:00:00,1157,50021,1,377.9475,USD
2010-01-15 00:00:00,2010-01-17 00:00:00,1157,97229,1,377.9475,USD
2010-01-15 00:00:00,2010-01-17 00:00:00,1166,70726,1,535.4475,USD
2010-01-15 00:00:00,2010-01-17 00:00:00,1166,73521,1,535.4475,USD
2010-01-15 00:00:00,2010-01-17 00:00:00,1166,75287,1,535.4475,USD
2010-01-15 00:00:00,2010-01-17 00:00:00,1168,95602,1,393.6975,GBP
2010-01-15 00:00:00,2010-01-17 00:00:00,1173,29560,1,524.9475,GBP
2010-01-15 00:00:00,2010-01-17 00:00:00,1173,33056,1,524.9475,USD
2010-01-15 00:00:00,2010-01-17 00:00:00,1173,33410,1,524.9475,GBP
2010-01-15 00:00:00,2010-01-17 00:00:00,1173,38125,1,524.9475,USD
2010-01-15 00:00:00,2010-01-17 00:00:00,1173,42103,1,524.9475,GBP
2010-01-15 00:00:00,2010-01-17 00:00:00,1173,42103,1,1574.8425,USD
2010-01-15 00:00:00,2010-01-17 00:00:00,1173,70810,1,524.9475,GBP
2010-01-15 00:00:00,2010-01-17 00:00:00,1173,89031,1,524.9475,GBP
2010-01-15 00:00:00,2010-01-17 00:00:00,1173,91350,2,1049.895,GBP
2010-01-15 00:00:00,2010-01-17 00:00:00,1173,93933,1,524.9475,GBP
2010-01-15 00:00:00,2010-01-17 00:00:00,1173,94805,1,524.9475,GBP
2010-01-15 00:00:00,2010-01-17 00:00:00,1182,06776,1,157.4475,USD
2010-01-15 00:00:00,2010-01-17 00:00:00,1182,33326,2,314.895,USD
2010-01-15 00:00:00,2010-01-17 00:00:00,1182,35022,1,157.4475,GBP
2010-01-15 00:00:00,2010-01-17 00:00:00,1182,72150,1,157.4475,USD
2010-01-15 00:00:00,2010-01-17 00:00:00,1182,73116,1,157.4475,GBP
2010-01-15 00:00:00,2010-01-17 00:00:00,1182,75061,1,157.4475,USD
2010-01-15 00:00:00,2010-01-17 00:00:00,1182,75232,1,157.4475,USD
2010-01-15 00:00:00,2010-01-17 00:00:00,1182,78201,1,157.4475,USD
2010-01-15 00:00:00,2010-01-17 00:00:00,1182,89131,1,157.4475,USD
2010-01-15 00:00:00,2010-01-17 00:00:00,1182,89147,1,157.4475,GBP
2010-01-15 00:00:00,2010-01-17 00:00:00,1182,92040,1,157.4475,GBP
2010-01-15 00:00:00,2010-01-17 00:00:00,1182,94539,1,157.4475,USD
2010-01-15 00:00:00,2010-01-17 00:00:00,1185,72745,1,419.9475,USD
2010-01-15 00:00:00,2010-01-17 00:00:00,1185,77033,1,419.9475,GBP
2010-01-15 00:00:00,2010-01-17 00:00:00,1185,79925,1,419.9475,GBP
2010-01-15 00:00:00,2010-01-17 00:00:00,1185,86312,1,419.9475,GBP
2010-01-15 00:00:00,2010-01-17 00:00:00,1185,92173,1,419.9475,USD
2010-01-15 00:00:00,2010-01-17 00:00:00,1188,06902,1,472.4475,GBP
2010-01-15 00:00:00,2010-01-17 00:00:00,1188,33936,1,472.4475,USD
2010-01-15 00:00:00,2010-01-17 00:00:00,1188,94509,1,472.4475,GBP
2010-01-15 00:00:00,2010-01-17 00:00:00,1191,89115,1,257.1975,GBP
2010-01-15 00:00:00,2010-01-17 00:00:00,1191,90265,1,262.4475,USD
2010-01-15 00:00:00,2010-01-17 00:00:00,1191,93940,1,257.1975,USD
2010-01-15 00:00:00,2010-01-17 00:00:00,1203,07748,1,314.9475,GBP
2010-01-15 00:00:00,2010-01-17 00:00:00,1204,32344,1,419.9475,GBP
2010-01-15 00:00:00,2010-01-17 00:00:00,1204,40243,1,456.6975,GBP
2010-01-15 00:00:00,2010-01-17 00:00:00,1204,76092,1,419.9475,USD
2010-01-15 00:00:00,2010-01-17 00:00:00,1204,76801,1,456.6975,GBP
2010-01-15 00:00:00,2010-01-17 00:00:00,1204,85233,1,419.9475,USD
2010-01-15 00:00:00,2010-01-17 00:00:00,1206,33138,1,509.1975,GBP
2010-01-15 00:00:00,2010-01-17 00:00:00,1206,33193,1,509.1975,GBP
2010-01-15 00:00:00,2010-01-17 00:00:00,1208,07305,1,330.6975,GBP
2010-01-15 00:00:00,2010-01-17 00:00:00,1215,33624,1,356.9475,USD
2010-01-15 00:00:00,2010-01-17 00:00:00,1215,39183,1,356.9475,USD
2010-01-15 00:00:00,2010-01-17 00:00:00,1215,42445,1,356.9475,GBP
2010-01-15 00:00:00,2010-01-17 00:00:00,1215,77018,1,356.9475,GBP
2010-01-15 00:00:00,2010-01-17 00:00:00,1215,87305,1,356.9475,GBP
2010-01-15 00:00:00,2010-01-17 00:00:00,1215,92807,1,362.1975,USD
2010-01-15 00:00:00,2010-01-17 00:00:00,1225,37825,1,236.1975,USD
2010-01-15 00:00:00,2010-01-17 00:00:00,1225,77042,1,236.1975,USD
2010-01-15 00:00:00,2010-01-17 00:00:00,1225,78247,1,236.1975,GBP
2010-01-15 00:00:00,2010-01-17 00:00:00,1225,97128,1,246.6975,USD
2010-01-15 00:00:00,2010-01-17 00:00:00,1227,20603,1,314.9475,USD
2010-01-15 00:00:00,2010-01-17 00:00:00,1227,29414,1,314.9475,USD
2010-01-15 00:00:00,2010-01-17 00:00:00,1227,32720,1,314.9475,USD
2010-01-15 00:00:00,2010-01-17 00:00:00,1227,36116,1,335.9475,USD
2010-01-15 00:00:00,2010-01-17 00:00:00,1227,36870,1,314.9475,USD
2010-01-15 00:00:00,2010-01-17 00:00:00,1227,70072,1,314.9475,USD
2010-01-15 00:00:00,2010-01-17 00:00:00,1229,21921,1,236.1975,GBP
2010-01-15 00:00:00,2010-01-17 00:00:00,1229,71232,1,236.1975,USD
2010-01-15 00:00:00,2010-01-17 00:00:00,1229,75287,1,236.1975,USD
2010-01-15 00:00:00,2010-01-17 00:00:00,1230,06281,1,524.9475,USD
2010-01-15 00:00:00,2010-01-17 00:00:00,1230,32141,1,524.9475,USD
2010-01-15 00:00:00,2010-01-17 00:00:00,1230,32321,1,519.6975,USD
2010-01-15 00:00:00,2010-01-17 00:00:00,1230,33029,1,519.6975,USD
2010-01-15 00:00:00,2010-01-17 00:00:00,1230,70363,1,524.9475,GBP
2010-01-15 00:00:00,2010-01-17 00:00:00,1230,75605,1,519.6975,GBP
2010-01-15 00:00:00,2010-01-17 00:00:00,1230,76013,1,524.9475,GBP
2010-01-15 00:00:00,2010-01-17 00:00:00,1230,77532,1,519.6975,GBP
2010-01-15 00:00:00,2010-01-17 00:00:00,1230,78358,1,524.9475,USD
2010-01-15 00:00:00,2010-01-17 00:00:00,1230,95602,1,519.6975,USD
2010-01-15 00:00:00,2010-01-17 00:00:00,1230,99504,1,519.6975,USD
2010-01-15 00:00:00,2010-01-17 00:00:00,1260,07834,1,322.77,GBP
2010-01-15 00:00:00,2010-01-17 00:00:00,1298,95942,1,346.395,GBP
2010-01-15 00:00:00,2010-01-17 00:00:00,1309,02093,1,270.27,GBP
2010-01-15 00:00:00,2010-01-17 00:00:00,1309,89014,1,270.27,USD
2010-01-15 00:00:00,2010-01-17 00:00:00,1310,89014,1,270.27,USD
2010-01-15 00:00:00,2010-01-17 00:00:00,1317,08332,1,307.02,USD
2010-01-15 00:00:00,2010-01-17 00:00:00,1318,33166,1,307.02,GBP
2010-01-15 00:00:00,2010-01-17 00:00:00,1318,73661,1,307.02,GBP
2010-01-15 00:00:00,2010-01-17 00:00:00,1318,74017,1,307.02,GBP
2010-01-15 00:00:00,2010-01-17 00:00:00,1329,33166,1,92.82,USD
2010-01-15 00:00:00,2010-01-17 00:00:00,1329,50021,1,92.82,GBP
2010-01-15 00:00:00,2010-01-17 00:00:00,1329,50129,2,556.92,GBP
2010-01-15 00:00:00,2010-01-17 00:00:00,1329,70706,1,92.82,GBP
2010-01-15 00:00:00,2010-01-17 00:00:00,1329,91950,1,92.82,USD
2010-01-15 00:00:00,2010-01-17 00:00:00,1329,93455,1,92.82,GBP
2010-01-15 00:00:00,2010-01-17 00:00:00,1330,25312,1,91.77,GBP
2010-01-15 00:00:00,2010-01-17 00:00:00,1330,33157,1,92.82,USD
2010-01-15 00:00:00,2010-01-17 00:00:00,1330,33166,1,92.82,USD
2010-01-15 00:00:00,2010-01-17 00:00:00,1330,50129,2,371.28,GBP
2010-01-15 00:00:00,2010-01-17 00:00:00,1330,50129,2,185.64,USD
2010-01-15 00:00:00,2010-01-17 00:00:00,1330,92025,1,92.82,USD
2010-01-15 00:00:00,2010-01-17 00:00:00,1346,89119,1,304.395,GBP
2010-01-15 00:00:00,2010-01-17 00:00:00,1346,92313,1,304.395,GBP
2010-01-15 00:00:00,2010-01-17 00:00:00,1347,25812,1,299.145,GBP
2010-01-15 00:00:00,2010-01-17 00:00:00,1347,47041,1,299.145,USD
2010-01-15 00:00:00,2010-01-17 00:00:00,1347,78233,1,299.145,GBP
2010-01-15 00:00:00,2010-01-17 00:00:00,1347,92557,1,299.145,USD
2010-01-15 00:00:00,2010-01-17 00:00:00,1348,68526,1,299.145,USD
2010-01-15 00:00:00,2010-01-17 00:00:00,1348,76542,1,299.145,USD
2010-01-15 00:00:00,2010-01-17 00:00:00,1348,77004,1,280.77,GBP
2010-01-15 00:00:00,2010-01-17 00:00:00,1348,78233,1,299.145,USD
2010-01-15 00:00:00,2010-01-17 00:00:00,1348,95023,1,299.145,USD
2010-01-15 00:00:00,2010-01-17 00:00:00,1348,97015,1,299.145,USD
2010-01-15 00:00:00,2010-01-17 00:00:00,1348,97206,1,299.145,USD
2010-01-15 00:00:00,2010-01-17 00:00:00,1351,68135,1,309.645,USD
2010-01-15 00:00:00,2010-01-17 00:00:00,1351,93291,1,309.645,USD
2010-01-15 00:00:00,2010-01-17 00:00:00,1352,85023,1,309.645,GBP
2010-01-15 00:00:00,2010-01-17 00:00:00,1352,89021,1,309.645,GBP
2010-01-15 00:00:00,2010-01-17 00:00:00,1352,90712,1,309.645,GBP
2010-01-15 00:00:00,2010-01-17 00:00:00,1352,94024,1,309.645,GBP
2010-01-15 00:00:00,2010-01-17 00:00:00,1379,92028,1,314.895,GBP
2010-01-15 00:00:00,2010-01-17 00:00:00,1379,93536,1,314.895,GBP
2010-01-15 00:00:00,2010-01-17 00:00:00,1380,73096,1,314.895,GBP
2010-01-15 00:00:00,2010-01-17 00:00:00,1425,08224,1,286.02,USD
2010-01-15 00:00:00,2010-01-17 00:00:00,1426,93555,1,286.02,GBP
2010-01-15 00:00:00,2010-01-17 00:00:00,1430,37774,1,283.395,GBP
2010-01-15 00:00:00,2010-01-17 00:00:00,1430,94002,1,283.395,GBP
2010-01-15 00:00:00,2010-01-17 00:00:00,1430,95350,1,283.395,USD
2010-01-15 00:00:00,2010-01-17 00:00:00,1435,37876,1,312.27,GBP
2010-01-15 00:00:00,2010-01-17 00:00:00,1436,89113,1,312.27,GBP
2010-01-15 00:00:00,2010-01-17 00:00:00,1449,02053,1,118.02,GBP
2010-01-15 00:00:00,2010-01-17 00:00:00,1449,35983,1,118.02,USD
2010-01-15 00:00:00,2010-01-17 00:00:00,1449,65401,1,118.02,GBP
2010-01-15 00:00:00,2010-01-17 00:00:00,1449,70714,1,118.02,GBP
2010-01-15 00:00:00,2010-01-17 00:00:00,1449,70761,1,118.02,GBP
2010-01-15 00:00:00,2010-01-17 00:00:00,1449,74070,1,118.02,USD
2010-01-15 00:00:00,2010-01-17 00:00:00,1449,86326,1,118.02,GBP
2010-01-15 00:00:00,2010-01-17 00:00:00,1450,65101,1,118.02,GBP
2010-01-15 00:00:00,2010-01-17 00:00:00,1450,85061,1,118.02,GBP
2010-01-15 00:00:00,2010-01-17 00:00:00,1450,89146,1,118.02,USD
2010-01-15 00:00:00,2010-01-17 00:00:00,1450,92227,1,118.02,GBP
2010-01-15 00:00:00,2010-01-17 00:00:00,1478,08051,1,317.52,USD
2010-01-15 00:00:00,2010-01-17 00:00:00,1478,83651,1,317.52,USD
2010-01-15 00:00:00,2010-01-17 00:00:00,1478,90291,1,317.52,GBP
2010-01-15 00:00:00,2010-01-17 00:00:00,1478,95136,1,317.52,GBP
2010-01-15 00:00:00,2010-01-17 00:00:00,1483,74055,1,70.77,GBP
2010-01-15 00:00:00,2010-01-17 00:00:00,1484,77073,1,70.77,USD
2010-01-15 00:00:00,2010-01-17 00:00:00,1489,92057,1,262.395,GBP
2010-01-15 00:00:00,2010-01-17 00:00:00,1517,26651,1,141.645,USD
2010-01-15 00:00:00,2010-01-17 00:00:00,1517,89104,1,141.645,GBP
2010-01-15 00:00:00,2010-01-17 00:00:00,1517,92646,1,141.645,GBP
2010-01-15 00:00:00,2010-01-17 00:00:00,1517,95023,1,141.645,USD
2010-01-15 00:00:00,2010-01-17 00:00:00,1517,95038,1,141.645,GBP
2010-01-15 00:00:00,2010-01-17 00:00:00,1518,20715,1,141.645,USD
2010-01-15 00:00:00,2010-01-17 00:00:00,1518,29461,1,141.645,USD
2010-01-15 00:00:00,2010-01-17 00:00:00,1518,33467,1,141.645,GBP
2010-01-15 00:00:00,2010-01-17 00:00:00,1518,59901,1,141.645,GBP
2010-01-15 00:00:00,2010-01-17 00:00:00,1518,63461,1,141.645,GBP
2010-01-15 00:00:00,2010-01-17 00:00:00,1518,93535,1,141.645,GBP
2010-01-15 00:00:00,2010-01-17 00:00:00,1553,85032,1,330.645,GBP
2010-01-15 00:00:00,2010-01-17 00:00:00,1554,93551,1,330.645,USD
2010-01-15 00:00:00,2010-01-17 00:00:00,1641,64137,1,70.77,GBP
2010-01-15 00:00:00,2010-01-17 00:00:00,1641,83642,1,70.77,USD
2010-01-15 00:00:00,2010-01-17 00:00:00,1641,85203,1,70.77,GBP
2010-01-15 00:00:00,2010-01-17 00:00:00,1641,85234,1,70.77,USD
2010-01-15 00:00:00,2010-01-17 00:00:00,1641,92832,1,70.77,GBP
2010-01-15 00:00:00,2010-01-17 00:00:00,1641,95138,1,70.77,GBP
2010-01-15 00:00:00,2010-01-17 00:00:00,1894,01082,1,682.2375,GBP
2010-01-15 00:00:00,2010-01-17 00:00:00,1894,29356,1,682.2375,USD
2010-01-15 00:00:00,2010-01-17 00:00:00,1894,32118,1,682.2375,GBP
2010-01-15 00:00:00,2010-01-17 00:00:00,1894,32708,1,682.2375,GBP
2010-01-15 00:00:00,2010-01-17 00:00:00,1894,46567,1,682.2375,GBP
2010-01-15 00:00:00,2010-01-17 00:00:00,1894,55328,1,682.2375,GBP
2010-01-15 00:00:00,2010-01-17 00:00:00,1894,55427,1,682.2375,USD
2010-01-15 00:00:00,2010-01-17 00:00:00,1894,57201,2,1364.475,USD
2010-01-15 00:00:00,2010-01-17 00:00:00,1894,68335,1,682.2375,USD
2010-01-15 00:00:00,2010-01-17 00:00:00,1894,70125,1,682.2375,USD
2010-01-15 00:00:00,2010-01-17 00:00:00,1894,71603,1,682.2375,GBP
2010-01-15 00:00:00,2010-01-17 00:00:00,1894,75067,1,682.2375,USD
2010-01-15 00:00:00,2010-01-17 00:00:00,1894,75165,1,682.2375,USD
2010-01-15 00:00:00,2010-01-17 00:00:00,1894,78669,1,682.2375,GBP
2010-01-15 00:00:00,2010-01-17 00:00:00,1894,78758,1,682.2375,USD
2010-01-15 00:00:00,2010-01-17 00:00:00,1894,97202,1,682.2375,USD
2010-01-15 00:00:00,2010-01-17 00:00:00,1909,36830,1,199.4475,GBP
2010-01-15 00:00:00,2010-01-17 00:00:00,1911,86442,1,244.0725,USD
2010-01-15 00:00:00,2010-01-17 00:00:00,1911,93907,1,244.0725,USD
2010-01-15 00:00:00,2010-01-17 00:00:00,1914,74003,1,173.1975,USD
2010-01-15 00:00:00,2010-01-17 00:00:00,1920,75501,1,280.8225,USD
2010-01-15 00:00:00,2010-01-17 00:00:00,1920,90806,1,278.1975,USD
2010-01-15 00:00:00,2010-01-17 00:00:00,1920,93933,1,278.1975,USD
2010-01-15 00:00:00,2010-01-17 00:00:00,1930,33549,1,286.0725,GBP
2010-01-15 00:00:00,2010-01-17 00:00:00,1931,33549,1,286.0725,USD
2010-01-15 00:00:00,2010-01-17 00:00:00,1931,35456,1,283.4475,USD
2010-01-15 00:00:00,2010-01-17 00:00:00,1931,42103,1,283.4475,GBP
2010-01-15 00:00:00,2010-01-17 00:00:00,1931,50125,1,283.4475,USD
2010-01-15 00:00:00,2010-01-17 00:00:00,1948,07750,1,296.5725,USD
2010-01-15 00:00:00,2010-01-17 00:00:00,1948,08619,1,296.5725,GBP
2010-01-15 00:00:00,2010-01-17 00:00:00,1948,21771,1,296.5725,GBP
2010-01-15 00:00:00,2010-01-17 00:00:00,1948,21776,2,593.145,USD
2010-01-15 00:00:00,2010-01-17 00:00:00,1948,29910,1,296.5725,GBP
2010-01-15 00:00:00,2010-01-17 00:00:00,1948,33134,2,593.145,GBP
2010-01-15 00:00:00,2010-01-17 00:00:00,1948,47802,1,593.145,GBP
2010-01-15 00:00:00,2010-01-17 00:00:00,1948,47802,1,296.5725,USD
2010-01-15 00:00:00,2010-01-17 00:00:00,1948,47918,1,296.5725,USD
2010-01-15 00:00:00,2010-01-17 00:00:00,1948,52002,1,296.5725,USD
2010-01-15 00:00:00,2010-01-17 00:00:00,1948,52353,1,296.5725,GBP
2010-01-15 00:00:00,2010-01-17 00:00:00,1948,52353,1,296.5725,USD
2010-01-15 00:00:00,2010-01-17 00:00:00,1948,53916,1,296.5725,USD
2010-01-15 00:00:00,2010-01-17 00:00:00,1948,57785,1,296.5725,USD
2010-01-15 00:00:00,2010-01-17 00:00:00,1948,59714,1,296.5725,GBP
2010-01-15 00:00:00,2010-01-17 00:00:00,1948,77044,1,296.5725,GBP
2010-01-15 00:00:00,2010-01-17 00:00:00,1948,83402,1,296.5725,GBP
2010-01-15 00:00:00,2010-01-17 00:00:00,1948,84066,1,296.5725,GBP
2010-01-15 00:00:00,2010-01-17 00:00:00,1948,84084,1,296.5725,GBP
2010-01-15 00:00:00,2010-01-17 00:00:00,1948,85032,1,296.5725,USD
2010-01-15 00:00:00,2010-01-17 00:00:00,1948,89509,1,296.5725,USD
2010-01-15 00:00:00,2010-01-17 00:00:00,1948,89705,1,296.5725,USD
2010-01-15 00:00:00,2010-01-17 00:00:00,1948,90621,2,593.145,GBP
2010-01-15 00:00:00,2010-01-17 00:00:00,1948,90807,3,889.7175,GBP
2010-01-15 00:00:00,2010-01-17 00:00:00,1948,92335,1,296.5725,USD
2010-01-15 00:00:00,2010-01-17 00:00:00,1948,92503,1,296.5725,USD
2010-01-15 00:00:00,2010-01-17 00:00:00,1948,93534,1,296.5725,USD
2010-01-15 00:00:00,2010-01-17 00:00:00,1948,93657,1,296.5725,GBP
2010-01-15 00:00:00,2010-01-17 00:00:00,1948,94019,1,296.5725,GBP
2010-01-15 00:00:00,2010-01-17 00:00:00,1948,97814,1,296.5725,USD
2010-01-15 00:00:00,2010-01-17 00:00:00,1948,99508,1,296.5725,GBP
2010-01-15 00:00:00,2010-01-17 00:00:00,1949,01431,1,296.5725,USD
2010-01-15 00:00:00,2010-01-17 00:00:00,1949,02865,1,296.5725,GBP
2010-01-15 00:00:00,2010-01-17 00:00:00,1949,07036,2,593.145,USD
2010-01-15 00:00:00,2010-01-17 00:00:00,1949,08050,2,593.145,USD
2010-01-15 00:00:00,2010-01-17 00:00:00,1949,08758,1,296.5725,GBP
2010-01-15 00:00:00,2010-01-17 00:00:00,1949,29316,1,296.5725,USD
2010-01-15 00:00:00,2010-01-17 00:00:00,1949,35117,1,296.5725,GBP
2010-01-15 00:00:00,2010-01-17 00:00:00,1949,47802,1,889.7175,GBP
2010-01-15 00:00:00,2010-01-17 00:00:00,1949,47918,1,296.5725,GBP
2010-01-15 00:00:00,2010-01-17 00:00:00,1949,47918,1,296.5725,USD
2010-01-15 00:00:00,2010-01-17 00:00:00,1949,52353,1,296.5725,GBP
2010-01-15 00:00:00,2010-01-17 00:00:00,1949,52353,1,296.5725,USD
2010-01-15 00:00:00,2010-01-17 00:00:00,1949,54874,1,296.5725,USD
2010-01-15 00:00:00,2010-01-17 00:00:00,1949,57785,1,296.5725,USD
2010-01-15 00:00:00,2010-01-17 00:00:00,1949,83204,1,296.5725,GBP
2010-01-15 00:00:00,2010-01-17 00:00:00,1949,83705,1,296.5725,GBP
2010-01-15 00:00:00,2010-01-17 00:00:00,1949,83815,1,296.5725,GBP
2010-01-15 00:00:00,2010-01-17 00:00:00,1949,84032,1,296.5725,GBP
2010-01-15 00:00:00,2010-01-17 00:00:00,1949,84041,10,2965.725,USD
2010-01-15 00:00:00,2010-01-17 00:00:00,1949,89705,1,296.5725,USD
2010-01-15 00:00:00,2010-01-17 00:00:00,1949,90621,2,593.145,USD
2010-01-15 00:00:00,2010-01-17 00:00:00,1949,92503,1,296.5725,GBP
2010-01-15 00:00:00,2010-01-17 00:00:00,1949,92676,1,296.5725,USD
2010-01-15 00:00:00,2010-01-17 00:00:00,1949,95531,1,296.5725,GBP
2010-01-15 00:00:00,2010-01-17 00:00:00,1949,95828,1,296.5725,USD
2010-01-15 00:00:00,2010-01-17 00:00:00,1949,97452,1,296.5725,USD
2010-01-15 00:00:00,2010-01-17 00:00:00,1949,97544,1,296.5725,USD
2010-01-15 00:00:00,2010-01-17 00:00:00,1949,97756,1,296.5725,GBP
2010-01-15 00:00:00,2010-01-17 00:00:00,1956,52353,1,307.545,USD
2010-01-15 00:00:00,2010-01-17 00:00:00,1956,53168,1,153.7725,USD
2010-01-15 00:00:00,2010-01-17 00:00:00,1956,75951,1,147.9975,GBP
2010-01-15 00:00:00,2010-01-17 00:00:00,1956,89014,1,153.7725,USD
2010-01-15 00:00:00,2010-01-17 00:00:00,1956,93654,1,153.7725,USD
2010-01-15 00:00:00,2010-01-17 00:00:00,1956,97457,1,153.7725,USD
2010-01-15 00:00:00,2010-01-17 00:00:00,1957,37618,1,153.7725,USD
2010-01-15 00:00:00,2010-01-17 00:00:00,1957,46218,1,153.7725,USD
2010-01-15 00:00:00,2010-01-17 00:00:00,1957,51039,1,152.1975,GBP
2010-01-15 00:00:00,2010-01-17 00:00:00,1957,52353,1,153.7725,GBP
2010-01-15 00:00:00,2010-01-17 00:00:00,1957,83202,1,153.7725,USD
2010-01-15 00:00:00,2010-01-17 00:00:00,1957,83401,1,152.1975,USD
2010-01-15 00:00:00,2010-01-17 00:00:00,1957,85331,1,153.7725,GBP
2010-01-15 00:00:00,2010-01-17 00:00:00,1957,88220,1,152.1975,GBP
2010-01-15 00:00:00,2010-01-17 00:00:00,1957,93117,1,153.7725,GBP
2010-01-15 00:00:00,2010-01-17 00:00:00,1960,21835,1,97.0725,GBP
2010-01-15 00:00:00,2010-01-17 00:00:00,1960,77340,1,97.0725,GBP
2010-01-15 00:00:00,2010-01-17 00:00:00,1961,21122,1,97.0725,GBP
2010-01-15 00:00:00,2010-01-17 00:00:00,1961,32771,2,194.145,GBP
2010-01-15 00:00:00,2010-01-17 00:00:00,1961,34990,1,97.0725,GBP
2010-01-15 00:00:00,2010-01-17 00:00:00,1961,36532,2,194.145,USD
2010-01-15 00:00:00,2010-01-17 00:00:00,1961,41774,1,97.0725,GBP
2010-01-15 00:00:00,2010-01-17 00:00:00,1961,47802,1,97.0725,GBP
2010-01-15 00:00:00,2010-01-17 00:00:00,1961,77484,1,97.0725,USD
2010-01-15 00:00:00,2010-01-17 00:00:00,1961,92346,1,97.0725,USD
2010-01-15 00:00:00,2010-01-17 00:00:00,1961,97113,1,97.0725,USD
2010-01-15 00:00:00,2010-01-17 00:00:00,1968,71105,1,230.9475,USD
2010-01-15 00:00:00,2010-01-17 00:00:00,1968,73020,1,230.9475,USD
2010-01-15 00:00:00,2010-01-17 00:00:00,1968,89119,1,238.8225,USD
2010-01-15 00:00:00,2010-01-17 00:00:00,1968,92807,1,238.8225,USD
2010-01-15 00:00:00,2010-01-17 00:00:00,1969,73020,1,230.9475,USD
2010-01-15 00:00:00,2010-01-17 00:00:00,1969,85365,1,236.1975,GBP
2010-01-15 00:00:00,2010-01-17 00:00:00,1969,92807,1,238.8225,USD
2010-01-15 00:00:00,2010-01-17 00:00:00,1974,01602,1,52.4475,USD
2010-01-15 00:00:00,2010-01-17 00:00:00,1974,02769,1,52.4475,USD
2010-01-15 00:00:00,2010-01-17 00:00:00,1974,08096,1,52.4475,USD
2010-01-15 00:00:00,2010-01-17 00:00:00,1974,21613,1,52.4475,USD
2010-01-15 00:00:00,2010-01-17 00:00:00,1974,32927,1,52.4475,GBP
2010-01-15 00:00:00,2010-01-17 00:00:00,1974,35905,1,52.4475,GBP
2010-01-15 00:00:00,2010-01-17 00:00:00,1974,38824,1,52.4475,USD
2010-01-15 00:00:00,2010-01-17 00:00:00,1974,47167,1,52.4475,GBP
2010-01-15 00:00:00,2010-01-17 00:00:00,1974,51039,1,52.4475,USD
2010-01-15 00:00:00,2010-01-17 00:00:00,1974,72811,1,52.4475,USD
2010-01-15 00:00:00,2010-01-17 00:00:00,1974,92509,2,104.895,USD
2010-01-15 00:00:00,2010-01-17 00:00:00,1974,95023,2,104.895,USD
2010-01-15 00:00:00,2010-01-17 00:00:00,1974,95747,2,104.895,GBP
2010-01-15 00:00:00,2010-01-17 00:00:00,1975,71106,1,52.4475,USD
2010-01-15 00:00:00,2010-01-17 00:00:00,1975,75189,1,52.4475,GBP
2010-01-15 00:00:00,2010-01-17 00:00:00,1975,77477,1,52.4475,USD
2010-01-15 00:00:00,2010-01-17 00:00:00,1975,77539,1,52.4475,USD
2010-01-15 00:00:00,2010-01-17 00:00:00,1975,83401,1,52.4475,USD
2010-01-15 00:00:00,2010-01-17 00:00:00,1975,92821,1,52.4475,USD
2010-01-15 00:00:00,2010-01-17 00:00:00,1975,95355,1,52.4475,USD
2010-01-15 00:00:00,2010-01-17 00:00:00,1975,95991,1,52.4475,USD
2010-01-15 00:00:00,2010-01-17 00:00:00,1978,06385,1,254.5725,GBP
2010-01-15 00:00:00,2010-01-17 00:00:00,1978,21776,2,514.395,GBP
2010-01-15 00:00:00,2010-01-17 00:00:00,1990,01068,1,257.1975,USD
2010-01-15 00:00:00,2010-01-17 00:00:00,1990,02668,1,257.1975,USD
2010-01-15 00:00:00,2010-01-17 00:00:00,1990,06082,1,257.1975,USD
2010-01-15 00:00:00,2010-01-17 00:00:00,1990,06249,1,257.1975,USD
2010-01-15 00:00:00,2010-01-17 00:00:00,1990,06511,2,514.395,USD
2010-01-15 00:00:00,2010-01-17 00:00:00,1990,21158,1,257.1975,GBP
2010-01-15 00:00:00,2010-01-17 00:00:00,1990,21401,1,257.1975,USD
2010-01-15 00:00:00,2010-01-17 00:00:00,1990,21502,1,257.1975,USD
2010-01-15 00:00:00,2010-01-17 00:00:00,1990,34974,2,514.395,USD
2010-01-15 00:00:00,2010-01-17 00:00:00,1990,41129,1,257.1975,GBP
2010-01-15 00:00:00,2010-01-17 00:00:00,1990,42036,1,257.1975,GBP
2010-01-15 00:00:00,2010-01-17 00:00:00,1990,47918,1,514.395,GBP
2010-01-15 00:00:00,2010-01-17 00:00:00,1990,55008,2,514.395,USD
2010-01-15 00:00:00,2010-01-17 00:00:00,1990,59714,1,257.1975,USD
2010-01-15 00:00:00,2010-01-17 00:00:00,1990,63129,1,257.1975,USD
2010-01-15 00:00:00,2010-01-17 00:00:00,1990,85353,1,257.1975,GBP
2010-01-15 00:00:00,2010-01-17 00:00:00,1990,91355,1,257.1975,USD
2010-01-15 00:00:00,2010-01-17 00:00:00,1990,92404,1,257.1975,USD
2010-01-15 00:00:00,2010-01-17 00:00:00,1990,92584,2,514.395,USD
2010-01-15 00:00:00,2010-01-17 00:00:00,1990,92805,2,514.395,USD
2010-01-15 00:00:00,2010-01-17 00:00:00,1990,97845,1,257.1975,USD
2010-01-15 00:00:00,2010-01-17 00:00:00,2005,33510,1,299.1975,GBP
2010-01-15 00:00:00,2010-01-17 00:00:00,2005,75229,1,299.1975,USD
2010-01-15 00:00:00,2010-01-17 00:00:00,2005,94019,1,299.1975,GBP
2010-01-15 00:00:00,2010-01-17 00:00:00,2012,41042,1,377.9475,USD
2010-01-15 00:00:00,2010-01-17 00:00:00,2012,89117,1,377.9475,USD
2010-01-15 00:00:00,2010-01-17 00:00:00,2012,90802,1,377.9475,GBP
2010-01-15 00:00:00,2010-01-17 00:00:00,2012,91351,1,377.9475,GBP
2010-01-15 00:00:00,2010-01-17 00:00:00,2012,91436,1,377.9475,GBP
2010-01-15 00:00:00,2010-01-17 00:00:00,2012,92595,1,377.9475,GBP
2010-01-15 00:00:00,2010-01-17 00:00:00,2012,95020,1,377.9475,GBP
2010-01-15 00:00:00,2010-01-17 00:00:00,2012,97420,1,377.9475,GBP
2010-01-15 00:00:00,2010-01-17 00:00:00,2032,94925,1,220.4475,USD
2010-01-15 00:00:00,2010-01-17 00:00:00,2045,08876,1,409.4475,USD
2010-01-15 00:00:00,2010-01-17 00:00:00,2045,21221,1,409.4475,GBP
2010-01-15 00:00:00,2010-01-17 00:00:00,2045,21613,1,409.4475,GBP
2010-01-15 00:00:00,2010-01-17 00:00:00,2045,33313,1,409.4475,GBP
2010-01-15 00:00:00,2010-01-17 00:00:00,2045,38128,1,409.4475,USD
2010-01-15 00:00:00,2010-01-17 00:00:00,2045,38635,1,409.4475,USD
2010-01-15 00:00:00,2010-01-17 00:00:00,2045,73120,1,409.4475,GBP
2010-01-15 00:00:00,2010-01-17 00:00:00,2045,75040,1,409.4475,USD
2010-01-15 00:00:00,2010-01-17 00:00:00,2045,85304,1,409.4475,GBP
2010-01-15 00:00:00,2010-01-17 00:00:00,2045,92145,1,409.4475,USD
2010-01-15 00:00:00,2010-01-17 00:00:00,2045,92553,1,409.4475,GBP
2010-01-15 00:00:00,2010-01-17 00:00:00,2045,94952,1,409.4475,GBP
2010-01-15 00:00:00,2010-01-17 00:00:00,2047,19707,1,377.9475,USD
2010-01-15 00:00:00,2010-01-17 00:00:00,2047,32218,1,377.9475,USD
2010-01-15 00:00:00,2010-01-17 00:00:00,2047,32903,1,377.9475,USD
2010-01-15 00:00:00,2010-01-17 00:00:00,2050,08016,1,498.6975,USD
2010-01-15 00:00:00,2010-01-17 00:00:00,2050,95746,1,498.6975,USD
2010-01-15 00:00:00,2010-01-17 00:00:00,2056,06066,1,325.4475,USD
2010-01-15 00:00:00,2010-01-17 00:00:00,2056,08081,1,325.4475,GBP
2010-01-15 00:00:00,2010-01-17 00:00:00,2056,33415,1,325.4475,USD
2010-01-15 00:00:00,2010-01-17 00:00:00,2056,35242,1,325.4475,GBP
2010-01-15 00:00:00,2010-01-17 00:00:00,2056,85282,1,325.4475,GBP
2010-01-15 00:00:00,2010-01-17 00:00:00,2056,85607,1,325.4475,USD
2010-01-15 00:00:00,2010-01-17 00:00:00,2056,87124,1,325.4475,GBP
2010-01-15 00:00:00,2010-01-17 00:00:00,2056,94070,1,325.4475,USD
2010-01-15 00:00:00,2010-01-17 00:00:00,2057,85643,1,472.4475,USD
2010-01-15 00:00:00,2010-01-17 00:00:00,2057,89147,1,472.4475,GBP
2010-01-15 00:00:00,2010-01-17 00:00:00,2057,95008,1,472.4475,USD
2010-01-15 00:00:00,2010-01-17 00:00:00,2064,02777,1,488.1975,USD
2010-01-15 00:00:00,2010-01-17 00:00:00,2064,07720,1,488.1975,GBP
2010-01-15 00:00:00,2010-01-17 00:00:00,2064,07724,1,488.1975,USD
2010-01-15 00:00:00,2010-01-17 00:00:00,2064,29302,1,488.1975,GBP
2010-01-15 00:00:00,2010-01-17 00:00:00,2064,32824,1,488.1975,GBP
2010-01-15 00:00:00,2010-01-17 00:00:00,2064,35613,10,4881.975,USD
2010-01-15 00:00:00,2010-01-17 00:00:00,2064,51105,1,488.1975,GBP
2010-01-15 00:00:00,2010-01-17 00:00:00,2064,70817,1,488.1975,USD
2010-01-15 00:00:00,2010-01-17 00:00:00,2064,77084,1,488.1975,GBP
2010-01-15 00:00:00,2010-01-17 00:00:00,2064,77520,1,482.9475,GBP
2010-01-15 00:00:00,2010-01-17 00:00:00,2064,93063,1,488.1975,GBP
2010-01-15 00:00:00,2010-01-17 00:00:00,2070,02072,1,519.6975,GBP
2010-01-15 00:00:00,2010-01-17 00:00:00,2070,19947,1,519.6975,USD
2010-01-15 00:00:00,2010-01-17 00:00:00,2070,21146,1,519.6975,USD
2010-01-15 00:00:00,2010-01-17 00:00:00,2070,29461,1,519.6975,USD
2010-01-15 00:00:00,2010-01-17 00:00:00,2070,32177,1,519.6975,USD
2010-01-15 00:00:00,2010-01-17 00:00:00,2070,33183,1,519.6975,GBP
2010-01-15 00:00:00,2010-01-17 00:00:00,2070,33549,2,1039.395,GBP
2010-01-15 00:00:00,2010-01-17 00:00:00,2070,33905,1,519.6975,GBP
2010-01-15 00:00:00,2010-01-17 00:00:00,2070,34482,1,519.6975,USD
2010-01-15 00:00:00,2010-01-17 00:00:00,2070,70763,1,519.6975,USD
2010-01-15 00:00:00,2010-01-17 00:00:00,2070,72023,1,519.6975,USD
2010-01-15 00:00:00,2010-01-17 00:00:00,2070,76502,1,519.6975,USD
2010-01-15 00:00:00,2010-01-17 00:00:00,2070,78258,1,519.6975,USD
2010-01-15 00:00:00,2010-01-17 00:00:00,2070,85268,1,519.6975,GBP
2010-01-15 00:00:00,2010-01-17 00:00:00,2070,89014,1,519.6975,USD
2010-01-15 00:00:00,2010-01-17 00:00:00,2070,93065,1,519.6975,GBP
2010-01-15 00:00:00,2010-01-17 00:00:00,2074,53713,1,328.0725,USD
2010-01-15 00:00:00,2010-01-17 00:00:00,2074,97015,1,328.0725,GBP
2010-01-15 00:00:00,2010-01-17 00:00:00,2074,97045,1,328.0725,USD
2010-01-15 00:00:00,2010-01-17 00:00:00,2081,29418,1,220.4475,GBP
2010-01-15 00:00:00,2010-01-17 00:00:00,2083,65018,1,309.6975,GBP
2010-01-15 00:00:00,2010-01-17 00:00:00,2083,95006,1,309.6975,GBP
2010-01-15 00:00:00,2010-01-17 00:00:00,2091,32095,1,152.1975,USD
2010-01-15 00:00:00,2010-01-17 00:00:00,2091,91311,1,152.1975,USD
2010-01-15 00:00:00,2010-01-17 00:00:00,2091,92021,1,152.1975,GBP
2010-01-15 00:00:00,2010-01-17 00:00:00,2094,08850,1,433.0725,GBP
2010-01-15 00:00:00,2010-01-17 00:00:00,2094,32958,1,433.0725,GBP
2010-01-15 00:00:00,2010-01-17 00:00:00,2094,84663,1,433.0725,GBP
2010-01-15 00:00:00,2010-01-17 00:00:00,2094,91301,1,433.0725,GBP
2010-01-15 00:00:00,2010-01-17 00:00:00,2094,91977,2,866.145,GBP
2010-01-15 00:00:00,2010-01-17 00:00:00,2094,92806,1,433.0725,USD
2010-01-15 00:00:00,2010-01-17 00:00:00,2094,92886,1,433.0725,GBP
2010-01-15 00:00:00,2010-01-17 00:00:00,2094,95076,1,433.0725,GBP
2010-01-15 00:00:00,2010-01-17 00:00:00,2113,76031,1,472.2375,USD
2010-01-15 00:00:00,2010-01-17 00:00:00,2121,90502,1,619.2375,USD
2010-01-15 00:00:00,2010-01-17 00:00:00,2127,77381,1,419.7375,GBP
2010-01-15 00:00:00,2010-01-17 00:00:00,2140,75214,1,550.9875,USD
2010-01-15 00:00:00,2010-01-17 00:00:00,2167,75225,1,577.2375,USD
2010-01-15 00:00:00,2010-01-17 00:00:00,2169,07603,1,535.2375,USD
2010-01-15 00:00:00,2010-01-17 00:00:00,2188,19702,1,233.5725,GBP
2010-01-15 00:00:00,2010-01-17 00:00:00,2188,37323,1,233.5725,GBP
2010-01-15 00:00:00,2010-01-17 00:00:00,2188,67457,1,233.5725,GBP
2010-01-15 00:00:00,2010-01-17 00:00:00,2188,85248,1,233.5725,GBP
2010-01-15 00:00:00,2010-01-17 00:00:00,2192,39452,1,202.0725,USD
2010-01-15 00:00:00,2010-01-17 00:00:00,2192,67401,1,202.0725,USD
2010-01-15 00:00:00,2010-01-17 00:00:00,2192,72315,1,202.0725,GBP
2010-01-15 00:00:00,2010-01-17 00:00:00,2192,91601,1,202.0725,USD
2010-01-15 00:00:00,2010-01-17 00:00:00,2192,92647,1,202.0725,GBP
2010-01-15 00:00:00,2010-01-17 00:00:00,2199,73086,1,178.4475,USD
2010-01-15 00:00:00,2010-01-17 00:00:00,2199,89030,1,178.4475,USD
2010-01-15 00:00:00,2010-01-17 00:00:00,2204,37122,1,173.1975,USD
2010-01-15 00:00:00,2010-01-17 00:00:00,2204,72653,1,173.1975,GBP
2010-01-15 00:00:00,2010-01-17 00:00:00,2204,75094,1,173.1975,USD
2010-01-15 00:00:00,2010-01-17 00:00:00,2204,94544,1,173.1975,GBP
2010-01-15 00:00:00,2010-01-17 00:00:00,2205,97123,1,173.1975,GBP
2010-01-15 00:00:00,2010-01-17 00:00:00,2210,21773,1,107.5725,GBP
2010-01-15 00:00:00,2010-01-17 00:00:00,2210,21915,1,107.5725,USD
2010-01-15 00:00:00,2010-01-17 00:00:00,2210,35549,1,107.5725,USD
2010-01-15 00:00:00,2010-01-17 00:00:00,2210,64152,1,107.5725,USD
2010-01-15 00:00:00,2010-01-17 00:00:00,2210,66514,1,107.5725,GBP
2010-01-15 00:00:00,2010-01-17 00:00:00,2210,70058,1,107.5725,USD
2010-01-15 00:00:00,2010-01-17 00:00:00,2210,70345,1,107.5725,USD
2010-01-15 00:00:00,2010-01-17 00:00:00,2210,77546,2,215.145,GBP
2010-01-15 00:00:00,2010-01-17 00:00:00,2210,82501,1,107.5725,GBP
2010-01-15 00:00:00,2010-01-17 00:00:00,2210,87109,1,107.5725,USD
2010-01-15 00:00:00,2010-01-17 00:00:00,2211,08873,1,107.5725,USD
2010-01-15 00:00:00,2010-01-17 00:00:00,2211,20837,1,107.5725,GBP
2010-01-15 00:00:00,2010-01-17 00:00:00,2211,32967,1,107.5725,GBP
2010-01-15 00:00:00,2010-01-17 00:00:00,2211,34745,1,107.5725,USD
2010-01-15 00:00:00,2010-01-17 00:00:00,2211,73018,1,104.9475,GBP
2010-01-15 00:00:00,2010-01-17 00:00:00,2211,74349,1,107.5725,USD
2010-01-15 00:00:00,2010-01-17 00:00:00,2211,77380,1,107.5725,USD
2010-01-15 00:00:00,2010-01-17 00:00:00,2211,79107,1,107.5725,GBP
2010-01-15 00:00:00,2010-01-17 00:00:00,2211,79360,1,107.5725,GBP
2010-01-15 00:00:00,2010-01-17 00:00:00,2211,85255,3,322.7175,USD
2010-01-15 00:00:00,2010-01-17 00:00:00,2211,87109,1,107.5725,GBP
2010-01-15 00:00:00,2010-01-17 00:00:00,2234,01531,1,65.5725,USD
2010-01-15 00:00:00,2010-01-17 00:00:00,2234,01605,1,65.5725,USD
2010-01-15 00:00:00,2010-01-17 00:00:00,2234,06420,1,65.5725,USD
2010-01-15 00:00:00,2010-01-17 00:00:00,2234,07442,1,65.5725,USD
2010-01-15 00:00:00,2010-01-17 00:00:00,2234,07666,1,65.5725,USD
2010-01-15 00:00:00,2010-01-17 00:00:00,2234,20772,2,131.145,USD
2010-01-15 00:00:00,2010-01-17 00:00:00,2234,21060,1,65.5725,USD
2010-01-15 00:00:00,2010-01-17 00:00:00,2234,21716,1,65.5725,GBP
2010-01-15 00:00:00,2010-01-17 00:00:00,2234,29115,1,65.5725,USD
2010-01-15 00:00:00,2010-01-17 00:00:00,2234,29325,1,65.5725,USD
2010-01-15 00:00:00,2010-01-17 00:00:00,2234,29461,2,131.145,USD
2010-01-15 00:00:00,2010-01-17 00:00:00,2234,33157,1,65.5725,USD
2010-01-15 00:00:00,2010-01-17 00:00:00,2234,33170,1,65.5725,USD
2010-01-15 00:00:00,2010-01-17 00:00:00,2234,33437,1,65.5725,USD
2010-01-15 00:00:00,2010-01-17 00:00:00,2234,34667,1,65.5725,GBP
2010-01-15 00:00:00,2010-01-17 00:00:00,2234,35125,1,65.5725,USD
2010-01-15 00:00:00,2010-01-17 00:00:00,2234,35216,1,65.5725,USD
2010-01-15 00:00:00,2010-01-17 00:00:00,2234,37079,1,65.5725,USD
2010-01-15 00:00:00,2010-01-17 00:00:00,2234,37876,1,65.5725,GBP
2010-01-15 00:00:00,2010-01-17 00:00:00,2234,39503,1,65.5725,GBP
2010-01-15 00:00:00,2010-01-17 00:00:00,2234,42129,1,65.5725,USD
2010-01-15 00:00:00,2010-01-17 00:00:00,2234,46303,1,65.5725,USD
2010-01-15 00:00:00,2010-01-17 00:00:00,2234,51560,1,65.5725,USD
2010-01-15 00:00:00,2010-01-17 00:00:00,2234,63937,1,65.5725,USD
2010-01-15 00:00:00,2010-01-17 00:00:00,2234,67212,1,65.5725,USD
2010-01-15 00:00:00,2010-01-17 00:00:00,2234,70454,1,65.5725,USD
2010-01-15 00:00:00,2010-01-17 00:00:00,2234,73644,1,65.5725,USD
2010-01-15 00:00:00,2010-01-17 00:00:00,2234,75061,1,65.5725,USD
2010-01-15 00:00:00,2010-01-17 00:00:00,2234,76092,1,65.5725,USD
2010-01-15 00:00:00,2010-01-17 00:00:00,2234,77013,1,65.5725,USD
2010-01-15 00:00:00,2010-01-17 00:00:00,2234,77336,1,65.5725,USD
2010-01-15 00:00:00,2010-01-17 00:00:00,2234,77611,1,65.5725,USD
2010-01-15 00:00:00,2010-01-17 00:00:00,2234,77662,1,65.5725,USD
2010-01-15 00:00:00,2010-01-17 00:00:00,2234,79107,1,65.5725,USD
2010-01-15 00:00:00,2010-01-17 00:00:00,2234,85023,1,65.5725,USD
2010-01-15 00:00:00,2010-01-17 00:00:00,2234,86426,1,65.5725,USD
2010-01-15 00:00:00,2010-01-17 00:00:00,2234,88240,1,65.5725,USD
2010-01-15 00:00:00,2010-01-17 00:00:00,2234,90007,1,65.5725,USD
2010-01-15 00:00:00,2010-01-17 00:00:00,2234,91321,1,65.5725,GBP
2010-01-15 00:00:00,2010-01-17 00:00:00,2234,91750,1,65.5725,USD
2010-01-15 00:00:00,2010-01-17 00:00:00,2234,92021,3,196.7175,USD
2010-01-15 00:00:00,2010-01-17 00:00:00,2234,92503,2,131.145,USD
2010-01-15 00:00:00,2010-01-17 00:00:00,2234,92584,1,65.5725,GBP
2010-01-15 00:00:00,2010-01-17 00:00:00,2234,92649,1,65.5725,USD
2010-01-15 00:00:00,2010-01-17 00:00:00,2234,92653,1,65.5725,USD
2010-01-15 00:00:00,2010-01-17 00:00:00,2234,92866,1,65.5725,USD
2010-01-15 00:00:00,2010-01-17 00:00:00,2234,93308,1,65.5725,USD
2010-01-15 00:00:00,2010-01-17 00:00:00,2234,93550,1,65.5725,USD
2010-01-15 00:00:00,2010-01-17 00:00:00,2234,94583,1,65.5725,USD
2010-01-15 00:00:00,2010-01-17 00:00:00,2234,95148,1,65.5725,USD
2010-01-15 00:00:00,2010-01-17 00:00:00,2234,95949,1,65.5725,USD
2010-01-15 00:00:00,2010-01-17 00:00:00,2235,02343,1,65.5725,GBP
2010-01-15 00:00:00,2010-01-17 00:00:00,2235,02368,1,65.5725,GBP
2010-01-15 00:00:00,2010-01-17 00:00:00,2235,02814,1,65.5725,GBP
2010-01-15 00:00:00,2010-01-17 00:00:00,2235,08054,2,131.145,GBP
2010-01-15 00:00:00,2010-01-17 00:00:00,2235,20772,2,131.145,USD
2010-01-15 00:00:00,2010-01-17 00:00:00,2235,21122,1,65.5725,GBP
2010-01-15 00:00:00,2010-01-17 00:00:00,2235,21202,1,65.5725,USD
2010-01-15 00:00:00,2010-01-17 00:00:00,2235,21217,1,65.5725,GBP
2010-01-15 00:00:00,2010-01-17 00:00:00,2235,29461,2,131.145,USD
2010-01-15 00:00:00,2010-01-17 00:00:00,2235,29640,1,65.5725,GBP
2010-01-15 00:00:00,2010-01-17 00:00:00,2235,29644,2,131.145,USD
2010-01-15 00:00:00,2010-01-17 00:00:00,2235,29661,1,65.5725,USD
2010-01-15 00:00:00,2010-01-17 00:00:00,2235,29715,1,65.5725,USD
2010-01-15 00:00:00,2010-01-17 00:00:00,2235,32008,1,65.5725,GBP
2010-01-15 00:00:00,2010-01-17 00:00:00,2235,32617,1,65.5725,USD
2010-01-15 00:00:00,2010-01-17 00:00:00,2235,33549,1,65.5725,USD
2010-01-15 00:00:00,2010-01-17 00:00:00,2235,35504,1,65.5725,GBP
2010-01-15 00:00:00,2010-01-17 00:00:00,2235,37209,1,65.5725,GBP
2010-01-15 00:00:00,2010-01-17 00:00:00,2235,38606,1,65.5725,GBP
2010-01-15 00:00:00,2010-01-17 00:00:00,2235,39701,1,65.5725,GBP
2010-01-15 00:00:00,2010-01-17 00:00:00,2235,46055,1,65.5725,GBP
2010-01-15 00:00:00,2010-01-17 00:00:00,2235,55374,1,65.5725,USD
2010-01-15 00:00:00,2010-01-17 00:00:00,2235,59404,1,65.5725,GBP
2010-01-15 00:00:00,2010-01-17 00:00:00,2235,65459,1,65.5725,GBP
2010-01-15 00:00:00,2010-01-17 00:00:00,2235,68131,1,65.5725,GBP
2010-01-15 00:00:00,2010-01-17 00:00:00,2235,70461,1,65.5725,GBP
2010-01-15 00:00:00,2010-01-17 00:00:00,2235,70774,1,65.5725,USD
2010-01-15 00:00:00,2010-01-17 00:00:00,2235,71726,1,65.5725,GBP
2010-01-15 00:00:00,2010-01-17 00:00:00,2235,72206,1,65.5725,GBP
2010-01-15 00:00:00,2010-01-17 00:00:00,2235,73501,1,65.5725,GBP
2010-01-15 00:00:00,2010-01-17 00:00:00,2235,74501,1,65.5725,GBP
2010-01-15 00:00:00,2010-01-17 00:00:00,2235,74701,1,65.5725,GBP
2010-01-15 00:00:00,2010-01-17 00:00:00,2235,75141,1,65.5725,GBP
2010-01-15 00:00:00,2010-01-17 00:00:00,2235,75703,1,65.5725,GBP
2010-01-15 00:00:00,2010-01-17 00:00:00,2235,75754,1,65.5725,GBP
2010-01-15 00:00:00,2010-01-17 00:00:00,2235,77713,1,65.5725,GBP
2010-01-15 00:00:00,2010-01-17 00:00:00,2235,84790,1,65.5725,GBP
2010-01-15 00:00:00,2010-01-17 00:00:00,2235,85023,1,65.5725,GBP
2010-01-15 00:00:00,2010-01-17 00:00:00,2235,85028,1,65.5725,USD
2010-01-15 00:00:00,2010-01-17 00:00:00,2235,86426,1,65.5725,GBP
2010-01-15 00:00:00,2010-01-17 00:00:00,2235,88340,1,65.5725,USD
2010-01-15 00:00:00,2010-01-17 00:00:00,2235,92021,3,196.7175,GBP
2010-01-15 00:00:00,2010-01-17 00:00:00,2235,92126,1,65.5725,USD
2010-01-15 00:00:00,2010-01-17 00:00:00,2235,92583,1,65.5725,GBP
2010-01-15 00:00:00,2010-01-17 00:00:00,2235,92802,1,65.5725,USD
2010-01-15 00:00:00,2010-01-17 00:00:00,2235,94124,2,131.145,GBP
2010-01-15 00:00:00,2010-01-17 00:00:00,2235,95008,3,196.7175,USD
2010-01-15 00:00:00,2010-01-17 00:00:00,2235,95148,1,65.5725,GBP
2010-01-15 00:00:00,2010-01-17 00:00:00,2235,95403,1,65.5725,GBP
2010-01-15 00:00:00,2010-01-17 00:00:00,2235,97305,1,65.5725,USD
2010-01-15 00:00:00,2010-01-17 00:00:00,2246,42044,1,131.1975,GBP
2010-01-15 00:00:00,2010-01-17 00:00:00,2246,67901,1,131.1975,USD
2010-01-15 00:00:00,2010-01-17 00:00:00,2247,73084,1,131.1975,USD
2010-01-15 00:00:00,2010-01-17 00:00:00,2247,75007,1,131.1975,USD
2010-01-15 00:00:00,2010-01-17 00:00:00,2247,75075,1,131.1975,GBP
2010-01-15 00:00:00,2010-01-17 00:00:00,2247,76092,1,131.1975,GBP
2010-01-15 00:00:00,2010-01-17 00:00:00,2247,76109,1,131.1975,GBP
2010-01-15 00:00:00,2010-01-17 00:00:00,2247,85222,1,131.1975,GBP
2010-01-15 00:00:00,2010-01-17 00:00:00,2247,85260,1,131.1975,USD
2010-01-15 00:00:00,2010-01-17 00:00:00,2254,01721,1,57.6975,USD
2010-01-15 00:00:00,2010-01-17 00:00:00,2254,08804,1,57.6975,GBP
2010-01-15 00:00:00,2010-01-17 00:00:00,2254,20837,2,115.395,GBP
2010-01-15 00:00:00,2010-01-17 00:00:00,2254,20871,1,57.6975,USD
2010-01-15 00:00:00,2010-01-17 00:00:00,2254,21040,1,57.6975,USD
2010-01-15 00:00:00,2010-01-17 00:00:00,2254,21228,1,57.6975,USD
2010-01-15 00:00:00,2010-01-17 00:00:00,2254,21783,1,57.6975,GBP
2010-01-15 00:00:00,2010-01-17 00:00:00,2254,29812,1,57.6975,GBP
2010-01-15 00:00:00,2010-01-17 00:00:00,2254,32127,1,57.6975,GBP
2010-01-15 00:00:00,2010-01-17 00:00:00,2254,32955,1,57.6975,GBP
2010-01-15 00:00:00,2010-01-17 00:00:00,2254,35022,1,57.6975,GBP
2010-01-15 00:00:00,2010-01-17 00:00:00,2254,35673,1,57.6975,GBP
2010-01-15 00:00:00,2010-01-17 00:00:00,2254,35758,1,57.6975,GBP
2010-01-15 00:00:00,2010-01-17 00:00:00,2254,39191,1,57.6975,USD
2010-01-15 00:00:00,2010-01-17 00:00:00,2254,39581,4,230.79,GBP
2010-01-15 00:00:00,2010-01-17 00:00:00,2254,41031,1,57.6975,GBP
2010-01-15 00:00:00,2010-01-17 00:00:00,2254,46012,1,57.6975,GBP
2010-01-15 00:00:00,2010-01-17 00:00:00,2254,46222,1,57.6975,GBP
2010-01-15 00:00:00,2010-01-17 00:00:00,2254,46256,1,57.6975,GBP
2010-01-15 00:00:00,2010-01-17 00:00:00,2254,56431,1,57.6975,GBP
2010-01-15 00:00:00,2010-01-17 00:00:00,2254,58649,1,57.6975,GBP
2010-01-15 00:00:00,2010-01-17 00:00:00,2254,67147,1,57.6975,GBP
2010-01-15 00:00:00,2010-01-17 00:00:00,2254,74354,1,70.8225,USD
2010-01-15 00:00:00,2010-01-17 00:00:00,2254,74801,1,57.6975,USD
2010-01-15 00:00:00,2010-01-17 00:00:00,2254,76009,1,57.6975,GBP
2010-01-15 00:00:00,2010-01-17 00:00:00,2254,77469,1,70.8225,USD
2010-01-15 00:00:00,2010-01-17 00:00:00,2254,77713,1,57.6975,USD
2010-01-15 00:00:00,2010-01-17 00:00:00,2254,79316,1,57.6975,USD
2010-01-15 00:00:00,2010-01-17 00:00:00,2254,83672,1,57.6975,GBP
2010-01-15 00:00:00,2010-01-17 00:00:00,2254,85024,3,173.0925,USD
2010-01-15 00:00:00,2010-01-17 00:00:00,2254,85234,1,57.6975,GBP
2010-01-15 00:00:00,2010-01-17 00:00:00,2254,85282,1,57.6975,GBP
2010-01-15 00:00:00,2010-01-17 00:00:00,2254,86404,1,57.6975,USD
2010-01-15 00:00:00,2010-01-17 00:00:00,2254,89120,1,57.6975,USD
2010-01-15 00:00:00,2010-01-17 00:00:00,2254,90260,1,57.6975,GBP
2010-01-15 00:00:00,2010-01-17 00:00:00,2254,91345,1,57.6975,GBP
2010-01-15 00:00:00,2010-01-17 00:00:00,2254,91737,1,57.6975,USD
2010-01-15 00:00:00,2010-01-17 00:00:00,2254,92065,1,57.6975,GBP
2010-01-15 00:00:00,2010-01-17 00:00:00,2254,92130,1,57.6975,USD
2010-01-15 00:00:00,2010-01-17 00:00:00,2254,92407,1,57.6975,GBP
2010-01-15 00:00:00,2010-01-17 00:00:00,2254,94124,2,115.395,USD
2010-01-15 00:00:00,2010-01-17 00:00:00,2254,94518,1,57.6975,GBP
2010-01-15 00:00:00,2010-01-17 00:00:00,2254,97470,1,57.6975,GBP
2010-01-15 00:00:00,2010-01-17 00:00:00,2255,02532,1,57.6975,GBP
2010-01-15 00:00:00,2010-01-17 00:00:00,2255,08802,1,57.6975,GBP
2010-01-15 00:00:00,2010-01-17 00:00:00,2255,21225,1,57.6975,USD
2010-01-15 00:00:00,2010-01-17 00:00:00,2255,21737,1,57.6975,GBP
2010-01-15 00:00:00,2010-01-17 00:00:00,2255,29812,1,57.6975,USD
2010-01-15 00:00:00,2010-01-17 00:00:00,2255,32746,1,57.6975,GBP
2010-01-15 00:00:00,2010-01-17 00:00:00,2255,33024,1,57.6975,GBP
2010-01-15 00:00:00,2010-01-17 00:00:00,2255,33624,1,57.6975,GBP
2010-01-15 00:00:00,2010-01-17 00:00:00,2255,37153,1,57.6975,USD
2010-01-15 00:00:00,2010-01-17 00:00:00,2255,38551,1,57.6975,GBP
2010-01-15 00:00:00,2010-01-17 00:00:00,2255,39581,4,230.79,GBP
2010-01-15 00:00:00,2010-01-17 00:00:00,2255,41051,1,57.6975,USD
2010-01-15 00:00:00,2010-01-17 00:00:00,2255,42718,1,57.6975,USD
2010-01-15 00:00:00,2010-01-17 00:00:00,2255,46241,1,57.6975,GBP
2010-01-15 00:00:00,2010-01-17 00:00:00,2255,47429,1,57.6975,USD
2010-01-15 00:00:00,2010-01-17 00:00:00,2255,50248,1,57.6975,GBP
2010-01-15 00:00:00,2010-01-17 00:00:00,2255,54937,1,57.6975,USD
2010-01-15 00:00:00,2010-01-17 00:00:00,2255,67147,1,57.6975,USD
2010-01-15 00:00:00,2010-01-17 00:00:00,2255,71202,1,57.6975,USD
2010-01-15 00:00:00,2010-01-17 00:00:00,2255,75154,2,115.395,GBP
2010-01-15 00:00:00,2010-01-17 00:00:00,2255,75605,1,57.6975,USD
2010-01-15 00:00:00,2010-01-17 00:00:00,2255,75653,1,57.6975,GBP
2010-01-15 00:00:00,2010-01-17 00:00:00,2255,77005,1,57.6975,GBP
2010-01-15 00:00:00,2010-01-17 00:00:00,2255,77502,1,57.6975,USD
2010-01-15 00:00:00,2010-01-17 00:00:00,2255,77581,1,57.6975,USD
2010-01-15 00:00:00,2010-01-17 00:00:00,2255,78596,1,57.6975,USD
2010-01-15 00:00:00,2010-01-17 00:00:00,2255,85224,1,57.6975,USD
2010-01-15 00:00:00,2010-01-17 00:00:00,2255,90062,1,57.6975,GBP
2010-01-15 00:00:00,2010-01-17 00:00:00,2255,90250,1,57.6975,GBP
2010-01-15 00:00:00,2010-01-17 00:00:00,2255,90807,1,57.6975,USD
2010-01-15 00:00:00,2010-01-17 00:00:00,2255,92376,1,57.6975,GBP
2010-01-15 00:00:00,2010-01-17 00:00:00,2255,92392,1,57.6975,GBP
2010-01-15 00:00:00,2010-01-17 00:00:00,2255,92692,1,57.6975,GBP
2010-01-15 00:00:00,2010-01-17 00:00:00,2255,92806,1,57.6975,GBP
2010-01-15 00:00:00,2010-01-17 00:00:00,2255,93514,1,57.6975,GBP
2010-01-15 00:00:00,2010-01-17 00:00:00,2255,94124,2,115.395,GBP
2010-01-15 00:00:00,2010-01-17 00:00:00,2255,94513,1,57.6975,USD
2010-01-15 00:00:00,2010-01-17 00:00:00,2255,94518,1,57.6975,USD
2010-01-15 00:00:00,2010-01-17 00:00:00,2255,94803,1,57.6975,GBP
2010-01-15 00:00:00,2010-01-17 00:00:00,2255,95005,1,57.6975,USD
2010-01-15 00:00:00,2010-01-17 00:00:00,2255,95301,3,173.0925,GBP
2010-01-15 00:00:00,2010-01-17 00:00:00,2255,95678,1,57.6975,USD
2010-01-15 00:00:00,2010-01-17 00:00:00,2255,95969,1,57.6975,USD
2010-01-15 00:00:00,2010-01-17 00:00:00,2255,97420,1,57.6975,GBP
2010-01-15 00:00:00,2010-01-17 00:00:00,2268,83401,1,309.6975,USD
2010-01-15 00:00:00,2010-01-17 00:00:00,2277,01436,1,251.9475,USD
2010-01-15 00:00:00,2010-01-17 00:00:00,2277,20814,1,251.9475,USD
2010-01-15 00:00:00,2010-01-17 00:00:00,2277,32626,1,251.9475,GBP
2010-01-15 00:00:00,2010-01-17 00:00:00,2277,32686,1,251.9475,GBP
2010-01-15 00:00:00,2010-01-17 00:00:00,2277,32924,2,503.895,GBP
2010-01-15 00:00:00,2010-01-17 00:00:00,2277,33076,1,251.9475,GBP
2010-01-15 00:00:00,2010-01-17 00:00:00,2277,34601,1,251.9475,GBP
2010-01-15 00:00:00,2010-01-17 00:00:00,2277,37854,1,251.9475,GBP
2010-01-15 00:00:00,2010-01-17 00:00:00,2277,38328,2,503.895,USD
2010-01-15 00:00:00,2010-01-17 00:00:00,2277,40216,1,251.9475,GBP
2010-01-15 00:00:00,2010-01-17 00:00:00,2277,55005,1,251.9475,GBP
2010-01-15 00:00:00,2010-01-17 00:00:00,2277,56069,1,251.9475,GBP
2010-01-15 00:00:00,2010-01-17 00:00:00,2277,58601,1,251.9475,GBP
2010-01-15 00:00:00,2010-01-17 00:00:00,2277,58651,1,251.9475,USD
2010-01-15 00:00:00,2010-01-17 00:00:00,2277,64776,1,251.9475,GBP
2010-01-15 00:00:00,2010-01-17 00:00:00,2277,66618,1,251.9475,GBP
2010-01-15 00:00:00,2010-01-17 00:00:00,2277,68107,1,251.9475,GBP
2010-01-15 00:00:00,2010-01-17 00:00:00,2277,73160,2,503.895,GBP
2010-01-15 00:00:00,2010-01-17 00:00:00,2277,74020,1,251.9475,GBP
2010-01-15 00:00:00,2010-01-17 00:00:00,2277,74063,2,503.895,GBP
2010-01-15 00:00:00,2010-01-17 00:00:00,2277,74538,1,251.9475,USD
2010-01-15 00:00:00,2010-01-17 00:00:00,2277,75060,1,251.9475,GBP
2010-01-15 00:00:00,2010-01-17 00:00:00,2277,75248,1,251.9475,GBP
2010-01-15 00:00:00,2010-01-17 00:00:00,2277,76205,1,251.9475,USD
2010-01-15 00:00:00,2010-01-17 00:00:00,2277,76579,1,251.9475,GBP
2010-01-15 00:00:00,2010-01-17 00:00:00,2277,77065,1,251.9475,GBP
2010-01-15 00:00:00,2010-01-17 00:00:00,2277,77571,1,251.9475,USD
2010-01-15 00:00:00,2010-01-17 00:00:00,2277,78850,1,251.9475,GBP
2010-01-15 00:00:00,2010-01-17 00:00:00,2277,83651,1,251.9475,USD
2010-01-15 00:00:00,2010-01-17 00:00:00,2277,84335,1,251.9475,GBP
2010-01-15 00:00:00,2010-01-17 00:00:00,2277,89134,1,251.9475,GBP
2010-01-15 00:00:00,2010-01-17 00:00:00,2277,89801,1,251.9475,USD
2010-01-15 00:00:00,2010-01-17 00:00:00,2277,91311,2,503.895,GBP
2010-01-15 00:00:00,2010-01-17 00:00:00,2277,91354,1,251.9475,GBP
2010-01-15 00:00:00,2010-01-17 00:00:00,2277,91737,2,503.895,USD
2010-01-15 00:00:00,2010-01-17 00:00:00,2277,91744,1,251.9475,GBP
2010-01-15 00:00:00,2010-01-17 00:00:00,2277,92037,1,251.9475,GBP
2010-01-15 00:00:00,2010-01-17 00:00:00,2277,92154,1,251.9475,GBP
2010-01-15 00:00:00,2010-01-17 00:00:00,2277,92373,1,251.9475,GBP
2010-01-15 00:00:00,2010-01-17 00:00:00,2277,93313,1,251.9475,USD
2010-01-15 00:00:00,2010-01-17 00:00:00,2277,93620,1,251.9475,USD
2010-01-15 00:00:00,2010-01-17 00:00:00,2277,95949,1,251.9475,USD
2010-01-15 00:00:00,2010-01-17 00:00:00,2277,97408,1,251.9475,GBP
2010-01-15 00:00:00,2010-01-17 00:00:00,2279,33023,1,165.3225,GBP
2010-01-15 00:00:00,2010-01-17 00:00:00,2279,41015,1,165.3225,GBP
2010-01-15 00:00:00,2010-01-17 00:00:00,2279,42141,1,165.3225,GBP
2010-01-15 00:00:00,2010-01-17 00:00:00,2279,54540,1,165.3225,USD
2010-01-15 00:00:00,2010-01-17 00:00:00,2279,55992,1,165.3225,GBP
2010-01-15 00:00:00,2010-01-17 00:00:00,2279,65723,1,165.3225,GBP
2010-01-15 00:00:00,2010-01-17 00:00:00,2279,75002,1,165.3225,USD
2010-01-15 00:00:00,2010-01-17 00:00:00,2279,83318,1,165.3225,GBP
2010-01-15 00:00:00,2010-01-17 00:00:00,2279,86401,1,165.3225,USD
2010-01-15 00:00:00,2010-01-17 00:00:00,2279,90720,1,165.3225,GBP
2010-01-15 00:00:00,2010-01-17 00:00:00,2279,90815,1,165.3225,USD
2010-01-15 00:00:00,2010-01-17 00:00:00,2279,94514,2,330.645,GBP
2010-01-15 00:00:00,2010-01-17 00:00:00,2279,95360,1,165.3225,USD
2010-01-15 00:00:00,2010-01-17 00:00:00,2279,95376,1,165.3225,USD
2010-01-15 00:00:00,2010-01-17 00:00:00,2279,99615,2,330.645,USD
2010-01-15 00:00:00,2010-01-17 00:00:00,2282,34285,1,304.4475,GBP
2010-01-15 00:00:00,2010-01-17 00:00:00,2282,34952,1,304.4475,GBP
2010-01-15 00:00:00,2010-01-17 00:00:00,2282,37766,1,304.4475,USD
2010-01-15 00:00:00,2010-01-17 00:00:00,2282,39401,1,304.4475,USD
2010-01-15 00:00:00,2010-01-17 00:00:00,2282,39423,1,304.4475,GBP
2010-01-15 00:00:00,2010-01-17 00:00:00,2282,42327,1,304.4475,USD
2010-01-15 00:00:00,2010-01-17 00:00:00,2282,42701,1,304.4475,GBP
2010-01-15 00:00:00,2010-01-17 00:00:00,2282,53121,1,304.4475,GBP
2010-01-15 00:00:00,2010-01-17 00:00:00,2282,53121,1,304.4475,USD
2010-01-15 00:00:00,2010-01-17 00:00:00,2282,54935,1,304.4475,GBP
2010-01-15 00:00:00,2010-01-17 00:00:00,2282,67203,1,304.4475,GBP
2010-01-15 00:00:00,2010-01-17 00:00:00,2282,70739,1,304.4475,GBP
2010-01-15 00:00:00,2010-01-17 00:00:00,2282,75075,1,304.4475,USD
2010-01-15 00:00:00,2010-01-17 00:00:00,2282,77388,1,304.4475,GBP
2010-01-15 00:00:00,2010-01-17 00:00:00,2282,83605,2,608.895,GBP
2010-01-15 00:00:00,2010-01-17 00:00:00,2282,83686,2,608.895,GBP
2010-01-15 00:00:00,2010-01-17 00:00:00,2282,85748,1,304.4475,GBP
2010-01-15 00:00:00,2010-01-17 00:00:00,2282,89024,1,304.4475,GBP
2010-01-15 00:00:00,2010-01-17 00:00:00,2282,89104,1,304.4475,GBP
2010-01-15 00:00:00,2010-01-17 00:00:00,2282,89128,2,608.895,GBP
2010-01-15 00:00:00,2010-01-17 00:00:00,2282,89134,2,608.895,GBP
2010-01-15 00:00:00,2010-01-17 00:00:00,2282,89318,1,304.4475,GBP
2010-01-15 00:00:00,2010-01-17 00:00:00,2282,90245,1,304.4475,GBP
2010-01-15 00:00:00,2010-01-17 00:00:00,2282,90638,1,304.4475,GBP
2010-01-15 00:00:00,2010-01-17 00:00:00,2282,92028,1,304.4475,GBP
2010-01-15 00:00:00,2010-01-17 00:00:00,2282,92065,1,304.4475,GBP
2010-01-15 00:00:00,2010-01-17 00:00:00,2282,92397,2,608.895,GBP
2010-01-15 00:00:00,2010-01-17 00:00:00,2282,92543,1,304.4475,GBP
2010-01-15 00:00:00,2010-01-17 00:00:00,2282,92570,1,304.4475,USD
2010-01-15 00:00:00,2010-01-17 00:00:00,2282,92595,1,304.4475,USD
2010-01-15 00:00:00,2010-01-17 00:00:00,2282,92673,1,304.4475,USD
2010-01-15 00:00:00,2010-01-17 00:00:00,2282,92675,1,304.4475,GBP
2010-01-15 00:00:00,2010-01-17 00:00:00,2282,93422,1,304.4475,USD
2010-01-15 00:00:00,2010-01-17 00:00:00,2282,93551,1,304.4475,USD
2010-01-15 00:00:00,2010-01-17 00:00:00,2282,94510,1,304.4475,GBP
2010-01-15 00:00:00,2010-01-17 00:00:00,2282,94520,1,304.4475,USD
2010-01-15 00:00:00,2010-01-17 00:00:00,2282,95076,1,304.4475,GBP
2010-01-15 00:00:00,2010-01-17 00:00:00,2282,95139,1,304.4475,USD
2010-01-15 00:00:00,2010-01-17 00:00:00,2282,95589,2,608.895,GBP
2010-01-15 00:00:00,2010-01-17 00:00:00,2282,95667,1,304.4475,GBP
2010-01-15 00:00:00,2010-01-17 00:00:00,2282,95901,1,304.4475,GBP
2010-01-15 00:00:00,2010-01-17 00:00:00,2282,96002,1,304.4475,GBP
2010-01-15 00:00:00,2010-01-17 00:00:00,2282,97058,1,304.4475,USD
2010-01-15 00:00:00,2010-01-17 00:00:00,2282,97367,2,608.895,USD
2010-01-15 00:00:00,2010-01-17 00:00:00,2284,05155,1,293.9475,USD
2010-01-15 00:00:00,2010-01-17 00:00:00,2284,20832,1,293.9475,USD
2010-01-15 00:00:00,2010-01-17 00:00:00,2284,20904,1,293.9475,USD
2010-01-15 00:00:00,2010-01-17 00:00:00,2284,21742,1,293.9475,USD
2010-01-15 00:00:00,2010-01-17 00:00:00,2284,33511,1,293.9475,USD
2010-01-15 00:00:00,2010-01-17 00:00:00,2284,33763,1,293.9475,USD
2010-01-15 00:00:00,2010-01-17 00:00:00,2284,35115,1,293.9475,USD
2010-01-15 00:00:00,2010-01-17 00:00:00,2284,37013,1,293.9475,USD
2010-01-15 00:00:00,2010-01-17 00:00:00,2284,37862,1,293.9475,USD
2010-01-15 00:00:00,2010-01-17 00:00:00,2284,39428,1,293.9475,GBP
2010-01-15 00:00:00,2010-01-17 00:00:00,2284,46902,1,293.9475,USD
2010-01-15 00:00:00,2010-01-17 00:00:00,2284,50321,1,293.9475,USD
2010-01-15 00:00:00,2010-01-17 00:00:00,2284,51532,1,293.9475,USD
2010-01-15 00:00:00,2010-01-17 00:00:00,2284,75089,1,293.9475,USD
2010-01-15 00:00:00,2010-01-17 00:00:00,2284,76579,1,293.9475,USD
2010-01-15 00:00:00,2010-01-17 00:00:00,2284,83402,1,293.9475,USD
2010-01-15 00:00:00,2010-01-17 00:00:00,2284,83854,1,293.9475,USD
2010-01-15 00:00:00,2010-01-17 00:00:00,2284,84601,1,293.9475,USD
2010-01-15 00:00:00,2010-01-17 00:00:00,2284,85029,1,293.9475,USD
2010-01-15 00:00:00,2010-01-17 00:00:00,2284,89702,1,293.9475,USD
2010-01-15 00:00:00,2010-01-17 00:00:00,2284,91351,1,293.9475,USD
2010-01-15 00:00:00,2010-01-17 00:00:00,2284,91709,1,293.9475,GBP
2010-01-15 00:00:00,2010-01-17 00:00:00,2284,91710,1,293.9475,USD
2010-01-15 00:00:00,2010-01-17 00:00:00,2284,91977,1,293.9475,USD
2010-01-15 00:00:00,2010-01-17 00:00:00,2284,92111,1,293.9475,GBP
2010-01-15 00:00:00,2010-01-17 00:00:00,2284,92821,1,293.9475,USD
2010-01-15 00:00:00,2010-01-17 00:00:00,2284,94521,1,293.9475,USD
2010-01-15 00:00:00,2010-01-17 00:00:00,2284,94523,2,587.895,USD
2010-01-15 00:00:00,2010-01-17 00:00:00,2284,94925,1,293.9475,GBP
2010-01-15 00:00:00,2010-01-17 00:00:00,2284,95614,1,293.9475,USD
2010-01-15 00:00:00,2010-01-17 00:00:00,2287,32225,1,839.9475,GBP
2010-01-15 00:00:00,2010-01-17 00:00:00,2287,79108,1,839.9475,GBP
2010-01-15 00:00:00,2010-01-17 00:00:00,2287,79934,1,839.9475,GBP
2010-01-15 00:00:00,2010-01-17 00:00:00,2328,91360,1,393.6975,USD
2010-01-15 00:00:00,2010-01-17 00:00:00,2331,06382,1,535.4475,USD
2010-01-15 00:00:00,2010-01-17 00:00:00,2331,21084,1,535.4475,GBP
2010-01-15 00:00:00,2010-01-17 00:00:00,2331,32821,1,535.4475,USD
2010-01-15 00:00:00,2010-01-17 00:00:00,2331,33024,1,535.4475,USD
2010-01-15 00:00:00,2010-01-17 00:00:00,2331,33321,1,535.4475,USD
2010-01-15 00:00:00,2010-01-17 00:00:00,2331,37341,1,535.4475,GBP
2010-01-15 00:00:00,2010-01-17 00:00:00,2331,37931,1,535.4475,GBP
2010-01-15 00:00:00,2010-01-17 00:00:00,2331,51501,1,535.4475,GBP
2010-01-15 00:00:00,2010-01-17 00:00:00,2331,53083,1,535.4475,USD
2010-01-15 00:00:00,2010-01-17 00:00:00,2331,70364,1,535.4475,USD
2010-01-15 00:00:00,2010-01-17 00:00:00,2331,73110,1,535.4475,GBP
2010-01-15 00:00:00,2010-01-17 00:00:00,2331,74008,1,535.4475,USD
2010-01-15 00:00:00,2010-01-17 00:00:00,2331,74136,1,535.4475,GBP
2010-01-15 00:00:00,2010-01-17 00:00:00,2331,75201,1,535.4475,USD
2010-01-15 00:00:00,2010-01-17 00:00:00,2331,85345,1,535.4475,USD
2010-01-15 00:00:00,2010-01-17 00:00:00,2331,87111,1,535.4475,USD
2010-01-15 00:00:00,2010-01-17 00:00:00,2331,91776,1,535.4475,USD
2010-01-15 00:00:00,2010-01-17 00:00:00,2331,92321,1,535.4475,GBP
2010-01-15 00:00:00,2010-01-17 00:00:00,2351,77840,1,341.1975,USD
2010-01-15 00:00:00,2010-01-17 00:00:00,2351,86032,1,314.9475,USD
2010-01-15 00:00:00,2010-01-17 00:00:00,2351,89031,1,314.9475,GBP
2010-01-15 00:00:00,2010-01-17 00:00:00,2352,53565,1,388.4475,GBP
2010-01-15 00:00:00,2010-01-17 00:00:00,2352,73505,1,367.4475,GBP
2010-01-15 00:00:00,2010-01-17 00:00:00,2352,75057,1,367.4475,USD
2010-01-15 00:00:00,2010-01-17 00:00:00,2352,90069,1,367.4475,USD
2010-01-15 00:00:00,2010-01-17 00:00:00,2352,92201,1,388.4475,GBP
2010-01-15 00:00:00,2010-01-17 00:00:00,2352,95111,1,388.4475,GBP
2010-01-15 00:00:00,2010-01-17 00:00:00,2357,34990,1,278.1975,GBP
2010-01-15 00:00:00,2010-01-17 00:00:00,2370,19904,1,708.6975,GBP
2010-01-15 00:00:00,2010-01-17 00:00:00,2370,33411,1,719.1975,GBP
2010-01-15 00:00:00,2010-01-17 00:00:00,2370,46725,1,708.6975,USD
2010-01-15 00:00:00,2010-01-17 00:00:00,2370,87701,1,719.1975,GBP
2010-01-15 00:00:00,2010-01-17 00:00:00,2371,08080,1,551.1975,USD
2010-01-15 00:00:00,2010-01-17 00:00:00,2371,72401,1,551.1975,USD
2010-01-15 00:00:00,2010-01-17 00:00:00,2371,76208,1,551.1975,GBP
2010-01-15 00:00:00,2010-01-17 00:00:00,2372,42437,1,398.9475,GBP
2010-01-15 00:00:00,2010-01-17 00:00:00,2372,70445,1,398.9475,GBP
2010-01-15 00:00:00,2010-01-17 00:00:00,2372,74859,1,398.9475,GBP
2010-01-15 00:00:00,2010-01-17 00:00:00,2372,85304,1,398.9475,GBP
2010-01-15 00:00:00,2010-01-17 00:00:00,2372,90680,1,398.9475,GBP
2010-01-15 00:00:00,2010-01-17 00:00:00,2373,32130,1,1653.5925,GBP
2010-01-15 00:00:00,2010-01-17 00:00:00,2373,32130,1,2755.9875,USD
2010-01-15 00:00:00,2010-01-17 00:00:00,2373,32141,2,1102.395,GBP
2010-01-15 00:00:00,2010-01-17 00:00:00,2373,36265,1,551.1975,GBP
2010-01-15 00:00:00,2010-01-17 00:00:00,2373,75040,1,551.1975,USD
2010-01-15 00:00:00,2010-01-17 00:00:00,2373,78259,1,551.1975,GBP
2010-01-15 00:00:00,2010-01-17 00:00:00,2373,85323,1,551.1975,USD
2010-01-15 00:00:00,2010-01-17 00:00:00,2373,95014,1,551.1975,GBP
2010-01-15 00:00:00,2010-01-17 00:00:00,2379,32127,1,173.1975,GBP
2010-01-15 00:00:00,2010-01-17 00:00:00,2379,33162,2,346.395,USD
2010-01-15 00:00:00,2010-01-17 00:00:00,2380,32164,1,309.6975,GBP
2010-01-15 00:00:00,2010-01-17 00:00:00,2380,70816,1,309.6975,GBP
2010-01-15 00:00:00,2010-01-17 00:00:00,2380,90046,1,293.9475,USD
2010-01-15 00:00:00,2010-01-17 00:00:00,2388,32693,1,309.6975,USD
2010-01-15 00:00:00,2010-01-17 00:00:00,2388,32708,1,309.6975,GBP
2010-01-15 00:00:00,2010-01-17 00:00:00,2388,33950,1,309.6975,USD
2010-01-15 00:00:00,2010-01-17 00:00:00,2388,36703,1,309.6975,USD
2010-01-15 00:00:00,2010-01-17 00:00:00,2388,38117,1,309.6975,GBP
2010-01-15 00:00:00,2010-01-17 00:00:00,2388,39457,1,309.6975,USD
2010-01-15 00:00:00,2010-01-17 00:00:00,2388,66215,1,309.6975,USD
2010-01-15 00:00:00,2010-01-17 00:00:00,2388,70631,1,309.6975,GBP
2010-01-15 00:00:00,2010-01-17 00:00:00,2388,70816,1,309.6975,USD
2010-01-15 00:00:00,2010-01-17 00:00:00,2388,72117,1,309.6975,USD
2010-01-15 00:00:00,2010-01-17 00:00:00,2388,74421,1,309.6975,GBP
2010-01-15 00:00:00,2010-01-17 00:00:00,2388,75208,1,309.6975,USD
2010-01-15 00:00:00,2010-01-17 00:00:00,2388,91331,1,309.6975,USD
2010-01-15 00:00:00,2010-01-17 00:00:00,2388,92131,2,619.395,GBP
2010-01-15 00:00:00,2010-01-17 00:00:00,2388,93004,1,309.6975,USD
2010-01-15 00:00:00,2010-01-17 00:00:00,2388,93274,1,309.6975,USD
2010-01-15 00:00:00,2010-01-17 00:00:00,2388,93277,1,309.6975,USD
2010-01-15 00:00:00,2010-01-17 00:00:00,2388,95662,1,309.6975,USD
2010-01-15 00:00:00,2010-01-17 00:00:00,2401,33175,1,162.6975,USD
2010-01-15 00:00:00,2010-01-17 00:00:00,2401,33183,1,162.6975,GBP
2010-01-15 00:00:00,2010-01-17 00:00:00,2406,33015,1,86.5725,USD
2010-01-15 00:00:00,2010-01-17 00:00:00,2406,33045,1,89.1975,USD
2010-01-15 00:00:00,2010-01-17 00:00:00,2406,33428,1,89.1975,USD
2010-01-15 00:00:00,2010-01-17 00:00:00,2406,46218,1,89.1975,GBP
2010-01-15 00:00:00,2010-01-17 00:00:00,2406,46241,1,89.1975,USD
2010-01-15 00:00:00,2010-01-17 00:00:00,2407,33023,1,73.4475,USD
2010-01-15 00:00:00,2010-01-17 00:00:00,2407,34769,1,73.4475,GBP
2010-01-15 00:00:00,2010-01-17 00:00:00,2407,47150,1,73.4475,USD
2010-01-15 00:00:00,2010-01-17 00:00:00,2407,55124,1,73.4475,GBP
2010-01-15 00:00:00,2010-01-17 00:00:00,2407,55303,1,73.4475,GBP
2010-01-15 00:00:00,2010-01-17 00:00:00,2407,70737,1,73.4475,GBP
2010-01-15 00:00:00,2010-01-17 00:00:00,2407,71270,1,73.4475,USD
2010-01-15 00:00:00,2010-01-17 00:00:00,2407,78572,1,73.4475,GBP
2010-01-15 00:00:00,2010-01-18 00:00:00,33,92029,1,734.475,USD
2010-01-15 00:00:00,2010-01-18 00:00:00,36,94930,1,414.75,GBP
2010-01-15 00:00:00,2010-01-18 00:00:00,94,33317,1,866.25,USD
2010-01-15 00:00:00,2010-01-18 00:00:00,94,85716,1,866.25,GBP
2010-01-15 00:00:00,2010-01-18 00:00:00,120,06784,1,829.5,USD
2010-01-15 00:00:00,2010-01-18 00:00:00,120,41267,1,829.5,GBP
2010-01-15 00:00:00,2010-01-18 00:00:00,120,92024,1,829.5,GBP
2010-01-15 00:00:00,2010-01-18 00:00:00,139,90807,1,546,USD
2010-01-15 00:00:00,2010-01-18 00:00:00,184,75228,1,729.75,USD
2010-01-15 00:00:00,2010-01-18 00:00:00,184,92040,1,729.75,GBP
2010-01-15 00:00:00,2010-01-18 00:00:00,187,91780,1,819,GBP
2010-01-15 00:00:00,2010-01-18 00:00:00,187,94601,1,819,GBP
2010-01-15 00:00:00,2010-01-18 00:00:00,195,95066,1,750.225,USD
2010-01-15 00:00:00,2010-01-18 00:00:00,226,33455,1,760.9875,USD
2010-01-15 00:00:00,2010-01-18 00:00:00,226,73135,1,760.9875,USD
2010-01-15 00:00:00,2010-01-18 00:00:00,234,90042,1,393.4875,USD
2010-01-15 00:00:00,2010-01-18 00:00:00,247,94131,1,367.2375,USD
2010-01-15 00:00:00,2010-01-18 00:00:00,248,86001,1,524.7375,USD
2010-01-15 00:00:00,2010-01-18 00:00:00,248,94920,1,524.7375,USD
2010-01-15 00:00:00,2010-01-18 00:00:00,297,85044,1,708.4875,USD
2010-01-15 00:00:00,2010-01-18 00:00:00,297,92377,1,708.4875,USD
2010-01-15 00:00:00,2010-01-18 00:00:00,318,75287,1,865.9875,GBP
2010-01-15 00:00:00,2010-01-18 00:00:00,318,77573,1,865.9875,GBP
2010-01-15 00:00:00,2010-01-18 00:00:00,318,97058,1,865.9875,GBP
2010-01-15 00:00:00,2010-01-18 00:00:00,320,91208,1,1364.7375,USD
2010-01-15 00:00:00,2010-01-18 00:00:00,343,33170,1,865.9875,GBP
2010-01-15 00:00:00,2010-01-18 00:00:00,370,90064,1,540.4875,USD
2010-01-15 00:00:00,2010-01-18 00:00:00,396,02748,1,857.0625,USD
2010-01-15 00:00:00,2010-01-18 00:00:00,396,07083,1,857.0625,GBP
2010-01-15 00:00:00,2010-01-18 00:00:00,396,07403,1,857.0625,USD
2010-01-15 00:00:00,2010-01-18 00:00:00,396,08560,1,857.0625,USD
2010-01-15 00:00:00,2010-01-18 00:00:00,396,19958,1,857.0625,USD
2010-01-15 00:00:00,2010-01-18 00:00:00,396,21030,1,857.0625,USD
2010-01-15 00:00:00,2010-01-18 00:00:00,396,21085,1,857.0625,USD
2010-01-15 00:00:00,2010-01-18 00:00:00,396,21620,1,857.0625,GBP
2010-01-15 00:00:00,2010-01-18 00:00:00,396,21782,1,857.0625,GBP
2010-01-15 00:00:00,2010-01-18 00:00:00,396,29621,1,857.0625,GBP
2010-01-15 00:00:00,2010-01-18 00:00:00,396,32746,2,1694.9625,USD
2010-01-15 00:00:00,2010-01-18 00:00:00,396,32903,1,857.0625,GBP
2010-01-15 00:00:00,2010-01-18 00:00:00,396,34471,1,857.0625,GBP
2010-01-15 00:00:00,2010-01-18 00:00:00,396,36695,1,857.0625,USD
2010-01-15 00:00:00,2010-01-18 00:00:00,396,37743,1,857.0625,USD
2010-01-15 00:00:00,2010-01-18 00:00:00,396,38018,1,857.0625,USD
2010-01-15 00:00:00,2010-01-18 00:00:00,396,38857,1,857.0625,USD
2010-01-15 00:00:00,2010-01-18 00:00:00,396,42431,1,857.0625,GBP
2010-01-15 00:00:00,2010-01-18 00:00:00,396,46143,1,857.0625,GBP
2010-01-15 00:00:00,2010-01-18 00:00:00,396,46168,1,857.0625,USD
2010-01-15 00:00:00,2010-01-18 00:00:00,396,46201,1,857.0625,USD
2010-01-15 00:00:00,2010-01-18 00:00:00,396,46256,1,857.0625,GBP
2010-01-15 00:00:00,2010-01-18 00:00:00,396,46350,1,857.0625,USD
2010-01-15 00:00:00,2010-01-18 00:00:00,396,46517,1,857.0625,GBP
2010-01-15 00:00:00,2010-01-18 00:00:00,396,46565,1,857.0625,USD
2010-01-15 00:00:00,2010-01-18 00:00:00,396,47374,1,857.0625,GBP
2010-01-15 00:00:00,2010-01-18 00:00:00,396,55112,1,857.0625,USD
2010-01-15 00:00:00,2010-01-18 00:00:00,396,64057,2,1714.125,USD
2010-01-15 00:00:00,2010-01-18 00:00:00,396,64133,1,857.0625,USD
2010-01-15 00:00:00,2010-01-18 00:00:00,396,65536,1,857.0625,GBP
2010-01-15 00:00:00,2010-01-18 00:00:00,396,66604,1,857.0625,GBP
2010-01-15 00:00:00,2010-01-18 00:00:00,396,66611,1,857.0625,GBP
2010-01-15 00:00:00,2010-01-18 00:00:00,396,69101,1,857.0625,USD
2010-01-15 00:00:00,2010-01-18 00:00:00,396,73173,1,857.0625,USD
2010-01-15 00:00:00,2010-01-18 00:00:00,396,75040,1,857.0625,USD
2010-01-15 00:00:00,2010-01-18 00:00:00,396,75088,1,857.0625,GBP
2010-01-15 00:00:00,2010-01-18 00:00:00,396,75238,1,857.0625,GBP
2010-01-15 00:00:00,2010-01-18 00:00:00,396,76643,1,857.0625,USD
2010-01-15 00:00:00,2010-01-18 00:00:00,396,77331,1,857.0625,USD
2010-01-15 00:00:00,2010-01-18 00:00:00,396,79331,1,857.0625,USD
2010-01-15 00:00:00,2010-01-18 00:00:00,396,83647,1,857.0625,GBP
2010-01-15 00:00:00,2010-01-18 00:00:00,396,83714,1,857.0625,USD
2010-01-15 00:00:00,2010-01-18 00:00:00,396,83861,2,1714.125,GBP
2010-01-15 00:00:00,2010-01-18 00:00:00,396,85258,1,857.0625,USD
2010-01-15 00:00:00,2010-01-18 00:00:00,396,85543,1,857.0625,USD
2010-01-15 00:00:00,2010-01-18 00:00:00,396,90079,1,857.0625,USD
2010-01-15 00:00:00,2010-01-18 00:00:00,396,91737,1,857.0625,GBP
2010-01-15 00:00:00,2010-01-18 00:00:00,396,91786,1,857.0625,GBP
2010-01-15 00:00:00,2010-01-18 00:00:00,396,92009,2,1714.125,USD
2010-01-15 00:00:00,2010-01-18 00:00:00,396,92054,2,1714.125,USD
2010-01-15 00:00:00,2010-01-18 00:00:00,396,92110,1,857.0625,GBP
2010-01-15 00:00:00,2010-01-18 00:00:00,396,92544,1,857.0625,GBP
2010-01-15 00:00:00,2010-01-18 00:00:00,396,92646,2,1714.125,USD
2010-01-15 00:00:00,2010-01-18 00:00:00,396,93030,1,857.0625,USD
2010-01-15 00:00:00,2010-01-18 00:00:00,396,93230,1,857.0625,GBP
2010-01-15 00:00:00,2010-01-18 00:00:00,396,94591,1,857.0625,USD
2010-01-15 00:00:00,2010-01-18 00:00:00,396,95128,1,857.0625,USD
2010-01-15 00:00:00,2010-01-18 00:00:00,396,95209,1,857.0625,GBP
2010-01-15 00:00:00,2010-01-18 00:00:00,396,95361,2,1714.125,GBP
2010-01-15 00:00:00,2010-01-18 00:00:00,396,97035,1,857.0625,GBP
2010-01-15 00:00:00,2010-01-18 00:00:00,396,97206,1,857.0625,GBP
2010-01-15 00:00:00,2010-01-18 00:00:00,400,02360,1,683.8125,GBP
2010-01-15 00:00:00,2010-01-18 00:00:00,400,02842,1,683.8125,GBP
2010-01-15 00:00:00,2010-01-18 00:00:00,400,07922,1,683.8125,USD
2010-01-15 00:00:00,2010-01-18 00:00:00,400,46012,1,683.8125,GBP
2010-01-15 00:00:00,2010-01-18 00:00:00,400,46036,1,683.8125,USD
2010-01-15 00:00:00,2010-01-18 00:00:00,400,69101,1,683.8125,GBP
2010-01-15 00:00:00,2010-01-18 00:00:00,400,72004,1,683.8125,GBP
2010-01-15 00:00:00,2010-01-18 00:00:00,400,79925,1,683.8125,GBP
2010-01-15 00:00:00,2010-01-18 00:00:00,400,82201,1,683.8125,GBP
2010-01-15 00:00:00,2010-01-18 00:00:00,400,89706,1,683.8125,USD
2010-01-15 00:00:00,2010-01-18 00:00:00,400,92040,2,1395.45,GBP
2010-01-15 00:00:00,2010-01-18 00:00:00,400,93906,1,697.725,GBP
2010-01-15 00:00:00,2010-01-18 00:00:00,400,95125,1,697.725,GBP
2010-01-15 00:00:00,2010-01-18 00:00:00,400,99577,1,683.8125,GBP
2010-01-15 00:00:00,2010-01-18 00:00:00,415,77708,1,495.8625,USD
2010-01-15 00:00:00,2010-01-18 00:00:00,426,55412,1,795.1125,GBP
2010-01-15 00:00:00,2010-01-18 00:00:00,426,77531,1,795.1125,GBP
2010-01-15 00:00:00,2010-01-18 00:00:00,433,33179,1,804.3,GBP
2010-01-15 00:00:00,2010-01-18 00:00:00,433,37046,1,804.3,USD
2010-01-15 00:00:00,2010-01-18 00:00:00,433,63044,1,804.3,USD
2010-01-15 00:00:00,2010-01-18 00:00:00,433,82633,1,804.3,GBP
2010-01-15 00:00:00,2010-01-18 00:00:00,433,91711,1,804.3,GBP
2010-01-15 00:00:00,2010-01-18 00:00:00,443,32960,1,790.9125,GBP
2010-01-15 00:00:00,2010-01-18 00:00:00,443,38018,1,790.9125,GBP
2010-01-15 00:00:00,2010-01-18 00:00:00,443,63026,1,790.9125,GBP
2010-01-15 00:00:00,2010-01-18 00:00:00,443,65203,1,790.9125,GBP
2010-01-15 00:00:00,2010-01-18 00:00:00,443,66048,1,790.9125,GBP
2010-01-15 00:00:00,2010-01-18 00:00:00,443,85254,1,790.9125,USD
2010-01-15 00:00:00,2010-01-18 00:00:00,443,85367,1,790.9125,USD
2010-01-15 00:00:00,2010-01-18 00:00:00,443,91942,1,804.825,GBP
2010-01-15 00:00:00,2010-01-18 00:00:00,443,94268,1,790.9125,GBP
2010-01-15 00:00:00,2010-01-18 00:00:00,443,95023,1,804.825,GBP
2010-01-15 00:00:00,2010-01-18 00:00:00,443,95209,1,804.825,GBP
2010-01-15 00:00:00,2010-01-18 00:00:00,443,97702,1,790.9125,GBP
2010-01-15 00:00:00,2010-01-18 00:00:00,443,97814,1,790.9125,GBP
2010-01-15 00:00:00,2010-01-18 00:00:00,464,77040,1,566.2125,USD
2010-01-15 00:00:00,2010-01-18 00:00:00,475,07644,1,970.2,USD
2010-01-15 00:00:00,2010-01-18 00:00:00,475,08822,1,970.2,USD
2010-01-15 00:00:00,2010-01-18 00:00:00,475,19730,1,970.2,GBP
2010-01-15 00:00:00,2010-01-18 00:00:00,475,21638,1,970.2,USD
2010-01-15 00:00:00,2010-01-18 00:00:00,475,26554,1,970.2,USD
2010-01-15 00:00:00,2010-01-18 00:00:00,475,33024,1,970.2,USD
2010-01-15 00:00:00,2010-01-18 00:00:00,475,33321,1,970.2,USD
2010-01-15 00:00:00,2010-01-18 00:00:00,475,33324,1,970.2,GBP
2010-01-15 00:00:00,2010-01-18 00:00:00,475,34689,1,970.2,GBP
2010-01-15 00:00:00,2010-01-18 00:00:00,475,34744,1,970.2,GBP
2010-01-15 00:00:00,2010-01-18 00:00:00,475,38063,1,970.2,USD
2010-01-15 00:00:00,2010-01-18 00:00:00,475,42629,1,970.2,USD
2010-01-15 00:00:00,2010-01-18 00:00:00,475,53210,1,970.2,GBP
2010-01-15 00:00:00,2010-01-18 00:00:00,475,53809,1,8731.8,GBP
2010-01-15 00:00:00,2010-01-18 00:00:00,475,53809,1,6791.4,USD
2010-01-15 00:00:00,2010-01-18 00:00:00,475,54227,2,1940.4,USD
2010-01-15 00:00:00,2010-01-18 00:00:00,475,54848,1,970.2,GBP
2010-01-15 00:00:00,2010-01-18 00:00:00,475,54971,2,1940.4,USD
2010-01-15 00:00:00,2010-01-18 00:00:00,475,55441,1,970.2,GBP
2010-01-15 00:00:00,2010-01-18 00:00:00,475,56560,1,970.2,USD
2010-01-15 00:00:00,2010-01-18 00:00:00,475,59772,1,970.2,GBP
2010-01-15 00:00:00,2010-01-18 00:00:00,475,63775,1,970.2,USD
2010-01-15 00:00:00,2010-01-18 00:00:00,475,66216,1,970.2,USD
2010-01-15 00:00:00,2010-01-18 00:00:00,475,75043,1,970.2,USD
2010-01-15 00:00:00,2010-01-18 00:00:00,475,75951,1,970.2,USD
2010-01-15 00:00:00,2010-01-18 00:00:00,475,77069,1,970.2,GBP
2010-01-15 00:00:00,2010-01-18 00:00:00,475,79068,1,970.2,USD
2010-01-15 00:00:00,2010-01-18 00:00:00,475,84109,1,970.2,USD
2010-01-15 00:00:00,2010-01-18 00:00:00,475,85020,1,970.2,GBP
2010-01-15 00:00:00,2010-01-18 00:00:00,475,87031,1,970.2,USD
2010-01-15 00:00:00,2010-01-18 00:00:00,475,91942,1,975.45,USD
2010-01-15 00:00:00,2010-01-18 00:00:00,475,94541,2,1950.9,USD
2010-01-15 00:00:00,2010-01-18 00:00:00,475,95841,1,975.45,GBP
2010-01-15 00:00:00,2010-01-18 00:00:00,475,97327,1,970.2,GBP
2010-01-15 00:00:00,2010-01-18 00:00:00,485,33409,1,807.1875,USD
2010-01-15 00:00:00,2010-01-18 00:00:00,485,42103,1,807.1875,GBP
2010-01-15 00:00:00,2010-01-18 00:00:00,485,42103,1,2421.5625,USD
2010-01-15 00:00:00,2010-01-18 00:00:00,488,39208,1,970.2,GBP
2010-01-15 00:00:00,2010-01-18 00:00:00,488,46902,1,970.2,USD
2010-01-15 00:00:00,2010-01-18 00:00:00,488,86004,2,1940.4,GBP
2010-01-15 00:00:00,2010-01-18 00:00:00,491,01529,1,815.325,USD
2010-01-15 00:00:00,2010-01-18 00:00:00,491,06482,1,815.325,USD
2010-01-15 00:00:00,2010-01-18 00:00:00,491,07040,1,815.325,GBP
2010-01-15 00:00:00,2010-01-18 00:00:00,491,07470,1,815.325,GBP
2010-01-15 00:00:00,2010-01-18 00:00:00,491,08071,1,815.325,USD
2010-01-15 00:00:00,2010-01-18 00:00:00,491,08828,1,815.325,USD
2010-01-15 00:00:00,2010-01-18 00:00:00,491,21702,1,815.325,USD
2010-01-15 00:00:00,2010-01-18 00:00:00,491,29325,1,815.325,USD
2010-01-15 00:00:00,2010-01-18 00:00:00,491,29550,2,1630.65,USD
2010-01-15 00:00:00,2010-01-18 00:00:00,491,29627,1,815.325,USD
2010-01-15 00:00:00,2010-01-18 00:00:00,491,33411,1,815.325,GBP
2010-01-15 00:00:00,2010-01-18 00:00:00,491,35173,1,815.325,GBP
2010-01-15 00:00:00,2010-01-18 00:00:00,491,36203,1,815.325,USD
2010-01-15 00:00:00,2010-01-18 00:00:00,491,40342,1,815.325,USD
2010-01-15 00:00:00,2010-01-18 00:00:00,491,41143,1,815.325,GBP
2010-01-15 00:00:00,2010-01-18 00:00:00,491,41844,1,2445.9750000000004,USD
2010-01-15 00:00:00,2010-01-18 00:00:00,491,46514,1,2445.9750000000004,GBP
2010-01-15 00:00:00,2010-01-18 00:00:00,491,46514,1,2445.9750000000004,USD
2010-01-15 00:00:00,2010-01-18 00:00:00,491,53177,1,815.325,GBP
2010-01-15 00:00:00,2010-01-18 00:00:00,491,53511,1,815.325,GBP
2010-01-15 00:00:00,2010-01-18 00:00:00,491,54311,1,815.325,USD
2010-01-15 00:00:00,2010-01-18 00:00:00,491,54888,1,815.325,USD
2010-01-15 00:00:00,2010-01-18 00:00:00,491,55056,1,815.325,USD
2010-01-15 00:00:00,2010-01-18 00:00:00,491,59873,1,815.325,USD
2010-01-15 00:00:00,2010-01-18 00:00:00,491,64132,1,815.325,USD
2010-01-15 00:00:00,2010-01-18 00:00:00,491,70578,1,815.325,GBP
2010-01-15 00:00:00,2010-01-18 00:00:00,491,73150,1,815.325,GBP
2010-01-15 00:00:00,2010-01-18 00:00:00,491,73505,1,815.325,GBP
2010-01-15 00:00:00,2010-01-18 00:00:00,491,74501,1,815.325,GBP
2010-01-15 00:00:00,2010-01-18 00:00:00,491,75647,1,815.325,USD
2010-01-15 00:00:00,2010-01-18 00:00:00,491,76020,1,815.325,USD
2010-01-15 00:00:00,2010-01-18 00:00:00,491,77336,1,815.325,USD
2010-01-15 00:00:00,2010-01-18 00:00:00,491,77845,1,815.325,GBP
2010-01-15 00:00:00,2010-01-18 00:00:00,491,78232,1,815.325,USD
2010-01-15 00:00:00,2010-01-18 00:00:00,491,84015,1,815.325,USD
2010-01-15 00:00:00,2010-01-18 00:00:00,491,84070,1,815.325,USD
2010-01-15 00:00:00,2010-01-18 00:00:00,491,84123,1,815.325,USD
2010-01-15 00:00:00,2010-01-18 00:00:00,491,85226,1,815.325,USD
2010-01-15 00:00:00,2010-01-18 00:00:00,491,87402,1,815.325,GBP
2010-01-15 00:00:00,2010-01-18 00:00:00,491,89115,2,1630.65,GBP
2010-01-15 00:00:00,2010-01-18 00:00:00,491,95051,1,815.325,USD
2010-01-15 00:00:00,2010-01-18 00:00:00,491,97321,1,815.325,USD
2010-01-15 00:00:00,2010-01-18 00:00:00,495,33024,2,1121.925,USD
2010-01-15 00:00:00,2010-01-18 00:00:00,495,47920,1,560.9625,GBP
2010-01-15 00:00:00,2010-01-18 00:00:00,495,64118,2,1121.925,USD
2010-01-15 00:00:00,2010-01-18 00:00:00,499,01604,1,846.3,GBP
2010-01-15 00:00:00,2010-01-18 00:00:00,499,06790,2,1692.6,GBP
2010-01-15 00:00:00,2010-01-18 00:00:00,499,08092,1,846.3,GBP
2010-01-15 00:00:00,2010-01-18 00:00:00,499,08902,2,1692.6,GBP
2010-01-15 00:00:00,2010-01-18 00:00:00,499,21742,1,846.3,USD
2010-01-15 00:00:00,2010-01-18 00:00:00,499,32119,1,846.3,USD
2010-01-15 00:00:00,2010-01-18 00:00:00,499,33175,1,846.3,USD
2010-01-15 00:00:00,2010-01-18 00:00:00,499,40026,1,846.3,GBP
2010-01-15 00:00:00,2010-01-18 00:00:00,499,53051,1,846.3,USD
2010-01-15 00:00:00,2010-01-18 00:00:00,499,53073,1,846.3,GBP
2010-01-15 00:00:00,2010-01-18 00:00:00,499,53186,1,846.3,GBP
2010-01-15 00:00:00,2010-01-18 00:00:00,499,85048,1,846.3,USD
2010-01-15 00:00:00,2010-01-18 00:00:00,499,85226,1,846.3,USD
2010-01-15 00:00:00,2010-01-18 00:00:00,499,97402,1,846.3,GBP
2010-01-15 00:00:00,2010-01-18 00:00:00,510,29063,1,837.1125,USD
2010-01-15 00:00:00,2010-01-18 00:00:00,510,53214,1,837.1125,USD
2010-01-15 00:00:00,2010-01-18 00:00:00,510,53222,1,837.1125,USD
2010-01-15 00:00:00,2010-01-18 00:00:00,510,70037,1,837.1125,GBP
2010-01-15 00:00:00,2010-01-18 00:00:00,510,91614,1,842.3625,USD
2010-01-15 00:00:00,2010-01-18 00:00:00,510,92867,1,842.3625,USD
2010-01-15 00:00:00,2010-01-18 00:00:00,513,37058,1,451.4475,GBP
2010-01-15 00:00:00,2010-01-18 00:00:00,513,54456,1,451.4475,GBP
2010-01-15 00:00:00,2010-01-18 00:00:00,513,77041,1,451.4475,USD
2010-01-15 00:00:00,2010-01-18 00:00:00,513,78660,1,451.4475,GBP
2010-01-15 00:00:00,2010-01-18 00:00:00,513,90046,1,456.6975,USD
2010-01-15 00:00:00,2010-01-18 00:00:00,521,55014,1,556.4475,GBP
2010-01-15 00:00:00,2010-01-18 00:00:00,521,92674,1,561.6975,GBP
2010-01-15 00:00:00,2010-01-18 00:00:00,530,85255,1,619.4475,GBP
2010-01-15 00:00:00,2010-01-18 00:00:00,530,94043,1,624.6975,GBP
2010-01-15 00:00:00,2010-01-18 00:00:00,532,32024,1,556.4475,USD
2010-01-15 00:00:00,2010-01-18 00:00:00,532,57104,1,524.9475,USD
2010-01-15 00:00:00,2010-01-18 00:00:00,532,71457,1,556.4475,USD
2010-01-15 00:00:00,2010-01-18 00:00:00,532,94107,1,561.6975,USD
2010-01-15 00:00:00,2010-01-18 00:00:00,550,01085,1,403.9875,USD
2010-01-15 00:00:00,2010-01-18 00:00:00,550,06070,1,403.9875,GBP
2010-01-15 00:00:00,2010-01-18 00:00:00,550,06413,1,403.9875,GBP
2010-01-15 00:00:00,2010-01-18 00:00:00,550,08050,1,403.9875,GBP
2010-01-15 00:00:00,2010-01-18 00:00:00,550,29340,1,403.9875,USD
2010-01-15 00:00:00,2010-01-18 00:00:00,550,35071,1,403.9875,GBP
2010-01-15 00:00:00,2010-01-18 00:00:00,550,50523,1,403.9875,GBP
2010-01-15 00:00:00,2010-01-18 00:00:00,550,53158,1,403.9875,USD
2010-01-15 00:00:00,2010-01-18 00:00:00,550,56528,1,403.9875,GBP
2010-01-15 00:00:00,2010-01-18 00:00:00,550,63376,1,403.9875,GBP
2010-01-15 00:00:00,2010-01-18 00:00:00,550,70663,1,403.9875,GBP
2010-01-15 00:00:00,2010-01-18 00:00:00,550,78249,1,403.9875,USD
2010-01-15 00:00:00,2010-01-18 00:00:00,550,84123,1,403.9875,USD
2010-01-15 00:00:00,2010-01-18 00:00:00,550,85204,1,403.9875,GBP
2010-01-15 00:00:00,2010-01-18 00:00:00,550,85367,1,403.9875,GBP
2010-01-15 00:00:00,2010-01-18 00:00:00,550,85746,1,403.9875,GBP
2010-01-15 00:00:00,2010-01-18 00:00:00,550,97301,1,403.9875,USD
2010-01-15 00:00:00,2010-01-18 00:00:00,559,01521,1,585.6375,USD
2010-01-15 00:00:00,2010-01-18 00:00:00,559,19711,1,585.6375,USD
2010-01-15 00:00:00,2010-01-18 00:00:00,559,26301,2,1171.275,USD
2010-01-15 00:00:00,2010-01-18 00:00:00,559,40299,1,585.6375,GBP
2010-01-15 00:00:00,2010-01-18 00:00:00,559,53551,1,585.6375,USD
2010-01-15 00:00:00,2010-01-18 00:00:00,559,84044,2,1171.275,GBP
2010-01-15 00:00:00,2010-01-18 00:00:00,559,89503,1,585.6375,GBP
2010-01-15 00:00:00,2010-01-18 00:00:00,559,93210,1,600.6,USD
2010-01-15 00:00:00,2010-01-18 00:00:00,559,94544,1,600.6,USD
2010-01-15 00:00:00,2010-01-18 00:00:00,573,01085,1,280.6125,GBP
2010-01-15 00:00:00,2010-01-18 00:00:00,573,02184,1,280.6125,GBP
2010-01-15 00:00:00,2010-01-18 00:00:00,573,07663,1,280.6125,GBP
2010-01-15 00:00:00,2010-01-18 00:00:00,573,21001,1,280.6125,USD
2010-01-15 00:00:00,2010-01-18 00:00:00,573,29464,1,280.6125,GBP
2010-01-15 00:00:00,2010-01-18 00:00:00,573,32216,1,275.3625,GBP
2010-01-15 00:00:00,2010-01-18 00:00:00,573,32327,1,280.6125,GBP
2010-01-15 00:00:00,2010-01-18 00:00:00,573,36109,1,280.6125,GBP
2010-01-15 00:00:00,2010-01-18 00:00:00,573,50313,1,280.6125,GBP
2010-01-15 00:00:00,2010-01-18 00:00:00,573,52501,1,255.8325,GBP
2010-01-15 00:00:00,2010-01-18 00:00:00,573,53151,1,280.6125,GBP
2010-01-15 00:00:00,2010-01-18 00:00:00,573,53223,1,280.6125,GBP
2010-01-15 00:00:00,2010-01-18 00:00:00,573,55025,1,280.6125,GBP
2010-01-15 00:00:00,2010-01-18 00:00:00,573,55121,1,275.3625,GBP
2010-01-15 00:00:00,2010-01-18 00:00:00,573,76208,1,280.6125,GBP
2010-01-15 00:00:00,2010-01-18 00:00:00,573,85352,1,280.6125,USD
2010-01-15 00:00:00,2010-01-18 00:00:00,573,90035,1,286.9125,GBP
2010-01-15 00:00:00,2010-01-18 00:00:00,573,91402,1,286.9125,GBP
2010-01-15 00:00:00,2010-01-18 00:00:00,573,91730,1,286.9125,GBP
2010-01-15 00:00:00,2010-01-18 00:00:00,573,92109,1,286.9125,USD
2010-01-15 00:00:00,2010-01-18 00:00:00,573,92110,1,286.9125,USD
2010-01-15 00:00:00,2010-01-18 00:00:00,573,92545,1,286.9125,USD
2010-01-15 00:00:00,2010-01-18 00:00:00,573,92567,1,286.9125,GBP
2010-01-15 00:00:00,2010-01-18 00:00:00,573,94509,1,286.9125,USD
2010-01-15 00:00:00,2010-01-18 00:00:00,573,94521,1,286.9125,GBP
2010-01-15 00:00:00,2010-01-18 00:00:00,573,94709,1,286.9125,GBP
2010-01-15 00:00:00,2010-01-18 00:00:00,573,95350,1,286.9125,USD
2010-01-15 00:00:00,2010-01-18 00:00:00,573,95619,1,286.9125,USD
2010-01-15 00:00:00,2010-01-18 00:00:00,574,91362,1,830.55,USD
2010-01-15 00:00:00,2010-01-18 00:00:00,574,91791,1,830.55,GBP
2010-01-15 00:00:00,2010-01-18 00:00:00,574,92145,1,830.55,GBP
2010-01-15 00:00:00,2010-01-18 00:00:00,574,92404,1,830.55,GBP
2010-01-15 00:00:00,2010-01-18 00:00:00,574,92602,1,830.55,GBP
2010-01-15 00:00:00,2010-01-18 00:00:00,574,92679,1,830.55,USD
2010-01-15 00:00:00,2010-01-18 00:00:00,574,92801,1,830.55,GBP
2010-01-15 00:00:00,2010-01-18 00:00:00,574,92886,1,830.55,USD
2010-01-15 00:00:00,2010-01-18 00:00:00,574,94506,1,830.55,USD
2010-01-15 00:00:00,2010-01-18 00:00:00,574,94521,1,830.55,GBP
2010-01-15 00:00:00,2010-01-18 00:00:00,574,94558,1,830.55,GBP
2010-01-15 00:00:00,2010-01-18 00:00:00,574,94591,2,1661.1,GBP
2010-01-15 00:00:00,2010-01-18 00:00:00,574,94621,1,830.55,GBP
2010-01-15 00:00:00,2010-01-18 00:00:00,574,95695,1,830.55,GBP
2010-01-15 00:00:00,2010-01-18 00:00:00,580,06117,1,734.7375,USD
2010-01-15 00:00:00,2010-01-18 00:00:00,580,32114,1,734.7375,USD
2010-01-15 00:00:00,2010-01-18 00:00:00,580,32425,1,734.7375,USD
2010-01-15 00:00:00,2010-01-18 00:00:00,580,34450,1,734.7375,USD
2010-01-15 00:00:00,2010-01-18 00:00:00,580,34772,1,734.7375,USD
2010-01-15 00:00:00,2010-01-18 00:00:00,580,35116,1,734.7375,GBP
2010-01-15 00:00:00,2010-01-18 00:00:00,580,36695,1,734.7375,GBP
2010-01-15 00:00:00,2010-01-18 00:00:00,580,42103,1,1469.475,GBP
2010-01-15 00:00:00,2010-01-18 00:00:00,580,55372,1,734.7375,GBP
2010-01-15 00:00:00,2010-01-18 00:00:00,580,57532,1,734.7375,USD
2010-01-15 00:00:00,2010-01-18 00:00:00,580,57702,1,734.7375,GBP
2010-01-15 00:00:00,2010-01-18 00:00:00,580,63385,1,734.7375,GBP
2010-01-15 00:00:00,2010-01-18 00:00:00,580,77045,1,734.7375,USD
2010-01-15 00:00:00,2010-01-18 00:00:00,580,77565,1,734.7375,USD
2010-01-15 00:00:00,2010-01-18 00:00:00,580,77581,1,734.7375,USD
2010-01-15 00:00:00,2010-01-18 00:00:00,580,92124,1,749.9625,USD
2010-01-15 00:00:00,2010-01-18 00:00:00,580,93313,1,749.9625,GBP
2010-01-15 00:00:00,2010-01-18 00:00:00,596,06460,1,746.55,USD
2010-01-15 00:00:00,2010-01-18 00:00:00,596,07631,1,746.55,GBP
2010-01-15 00:00:00,2010-01-18 00:00:00,596,21014,1,746.55,USD
2010-01-15 00:00:00,2010-01-18 00:00:00,596,21043,1,746.55,USD
2010-01-15 00:00:00,2010-01-18 00:00:00,596,21044,1,746.55,GBP
2010-01-15 00:00:00,2010-01-18 00:00:00,596,32124,1,746.55,USD
2010-01-15 00:00:00,2010-01-18 00:00:00,596,32250,1,746.55,USD
2010-01-15 00:00:00,2010-01-18 00:00:00,596,33326,1,746.55,USD
2010-01-15 00:00:00,2010-01-18 00:00:00,596,38460,1,746.55,USD
2010-01-15 00:00:00,2010-01-18 00:00:00,596,46804,1,746.55,GBP
2010-01-15 00:00:00,2010-01-18 00:00:00,596,63031,1,746.55,USD
2010-01-15 00:00:00,2010-01-18 00:00:00,596,66030,1,746.55,USD
2010-01-15 00:00:00,2010-01-18 00:00:00,596,66213,1,746.55,GBP
2010-01-15 00:00:00,2010-01-18 00:00:00,596,66610,1,746.55,GBP
2010-01-15 00:00:00,2010-01-18 00:00:00,596,76367,1,746.55,GBP
2010-01-15 00:00:00,2010-01-18 00:00:00,596,77066,1,746.55,USD
2010-01-15 00:00:00,2010-01-18 00:00:00,596,84054,1,761.5125,USD
2010-01-15 00:00:00,2010-01-18 00:00:00,596,92677,1,761.5125,GBP
2010-01-15 00:00:00,2010-01-18 00:00:00,596,94526,1,761.5125,USD
2010-01-15 00:00:00,2010-01-18 00:00:00,596,99709,1,746.55,GBP
2010-01-15 00:00:00,2010-01-18 00:00:00,599,07931,1,741.5625,GBP
2010-01-15 00:00:00,2010-01-18 00:00:00,599,08404,1,753.6375,USD
2010-01-15 00:00:00,2010-01-18 00:00:00,599,08527,1,753.6375,GBP
2010-01-15 00:00:00,2010-01-18 00:00:00,599,32750,1,753.6375,USD
2010-01-15 00:00:00,2010-01-18 00:00:00,599,33801,1,753.6375,USD
2010-01-15 00:00:00,2010-01-18 00:00:00,599,33912,1,753.6375,GBP
2010-01-15 00:00:00,2010-01-18 00:00:00,599,34428,1,753.6375,GBP
2010-01-15 00:00:00,2010-01-18 00:00:00,599,56345,1,753.6375,GBP
2010-01-15 00:00:00,2010-01-18 00:00:00,599,63033,1,753.6375,GBP
2010-01-15 00:00:00,2010-01-18 00:00:00,599,64015,1,741.5625,GBP
2010-01-15 00:00:00,2010-01-18 00:00:00,599,68116,1,753.6375,GBP
2010-01-15 00:00:00,2010-01-18 00:00:00,599,79720,1,753.6375,GBP
2010-01-15 00:00:00,2010-01-18 00:00:00,599,87111,1,753.6375,USD
2010-01-15 00:00:00,2010-01-18 00:00:00,599,89030,1,753.6375,GBP
2010-01-15 00:00:00,2010-01-18 00:00:00,599,91606,1,753.6375,USD
2010-01-15 00:00:00,2010-01-18 00:00:00,599,92131,1,753.6375,USD
2010-01-15 00:00:00,2010-01-18 00:00:00,599,93550,1,753.6375,GBP
2010-01-15 00:00:00,2010-01-18 00:00:00,599,93610,1,753.6375,GBP
2010-01-15 00:00:00,2010-01-18 00:00:00,599,94080,1,753.6375,USD
2010-01-15 00:00:00,2010-01-18 00:00:00,599,95138,1,753.6375,GBP
2010-01-15 00:00:00,2010-01-18 00:00:00,599,95519,1,753.6375,GBP
2010-01-15 00:00:00,2010-01-18 00:00:00,599,97470,1,753.6375,USD
2010-01-15 00:00:00,2010-01-18 00:00:00,604,01301,1,461.7375,GBP
2010-01-15 00:00:00,2010-01-18 00:00:00,604,01604,1,461.7375,GBP
2010-01-15 00:00:00,2010-01-18 00:00:00,604,02760,1,461.7375,GBP
2010-01-15 00:00:00,2010-01-18 00:00:00,604,07747,1,461.7375,USD
2010-01-15 00:00:00,2010-01-18 00:00:00,604,08016,1,461.7375,USD
2010-01-15 00:00:00,2010-01-18 00:00:00,604,21224,1,455.175,GBP
2010-01-15 00:00:00,2010-01-18 00:00:00,604,25177,1,461.7375,USD
2010-01-15 00:00:00,2010-01-18 00:00:00,604,32507,1,461.7375,USD
2010-01-15 00:00:00,2010-01-18 00:00:00,604,33304,1,461.7375,USD
2010-01-15 00:00:00,2010-01-18 00:00:00,604,34208,1,461.7375,USD
2010-01-15 00:00:00,2010-01-18 00:00:00,604,36701,1,461.7375,USD
2010-01-15 00:00:00,2010-01-18 00:00:00,604,46064,1,461.7375,GBP
2010-01-15 00:00:00,2010-01-18 00:00:00,604,52213,1,461.7375,USD
2010-01-15 00:00:00,2010-01-18 00:00:00,604,52804,1,461.7375,GBP
2010-01-15 00:00:00,2010-01-18 00:00:00,604,54703,1,461.7375,USD
2010-01-15 00:00:00,2010-01-18 00:00:00,604,64501,2,923.475,USD
2010-01-15 00:00:00,2010-01-18 00:00:00,604,73160,1,461.7375,GBP
2010-01-15 00:00:00,2010-01-18 00:00:00,604,73170,1,461.7375,USD
2010-01-15 00:00:00,2010-01-18 00:00:00,604,73401,1,461.7375,USD
2010-01-15 00:00:00,2010-01-18 00:00:00,604,74108,1,461.7375,GBP
2010-01-15 00:00:00,2010-01-18 00:00:00,604,75076,1,461.7375,GBP
2010-01-15 00:00:00,2010-01-18 00:00:00,604,78237,1,461.7375,USD
2010-01-15 00:00:00,2010-01-18 00:00:00,604,82070,1,455.175,GBP
2010-01-15 00:00:00,2010-01-18 00:00:00,604,85251,1,461.7375,GBP
2010-01-15 00:00:00,2010-01-18 00:00:00,604,85260,1,468.0375,USD
2010-01-15 00:00:00,2010-01-18 00:00:00,604,85377,1,461.7375,GBP
2010-01-15 00:00:00,2010-01-18 00:00:00,604,91901,2,936.075,USD
2010-01-15 00:00:00,2010-01-18 00:00:00,604,92118,1,461.7375,GBP
2010-01-15 00:00:00,2010-01-18 00:00:00,606,07981,1,314.7375,USD
2010-01-15 00:00:00,2010-01-18 00:00:00,606,21037,1,314.7375,GBP
2010-01-15 00:00:00,2010-01-18 00:00:00,606,21037,1,1573.6875,USD
2010-01-15 00:00:00,2010-01-18 00:00:00,606,34232,1,314.7375,USD
2010-01-15 00:00:00,2010-01-18 00:00:00,606,34758,1,314.7375,USD
2010-01-15 00:00:00,2010-01-18 00:00:00,606,35243,1,314.7375,USD
2010-01-15 00:00:00,2010-01-18 00:00:00,606,40517,1,314.7375,GBP
2010-01-15 00:00:00,2010-01-18 00:00:00,606,56387,1,314.7375,USD
2010-01-15 00:00:00,2010-01-18 00:00:00,606,83301,1,321.0375,USD
2010-01-15 00:00:00,2010-01-18 00:00:00,606,84041,1,314.7375,USD
2010-01-15 00:00:00,2010-01-18 00:00:00,606,85223,1,314.7375,USD
2010-01-15 00:00:00,2010-01-18 00:00:00,606,95023,1,321.0375,GBP
2010-01-15 00:00:00,2010-01-18 00:00:00,606,97123,1,321.0375,GBP
2010-01-15 00:00:00,2010-01-18 00:00:00,606,99577,1,314.7375,USD
2010-01-15 00:00:00,2010-01-18 00:00:00,609,01453,1,778.8375,USD
2010-01-15 00:00:00,2010-01-18 00:00:00,609,01550,1,778.8375,GBP
2010-01-15 00:00:00,2010-01-18 00:00:00,609,02301,1,778.8375,USD
2010-01-15 00:00:00,2010-01-18 00:00:00,609,02771,1,778.8375,USD
2010-01-15 00:00:00,2010-01-18 00:00:00,609,06053,1,778.8375,GBP
2010-01-15 00:00:00,2010-01-18 00:00:00,609,06512,1,778.8375,USD
2010-01-15 00:00:00,2010-01-18 00:00:00,609,06610,1,778.8375,GBP
2010-01-15 00:00:00,2010-01-18 00:00:00,609,07081,1,778.8375,USD
2010-01-15 00:00:00,2010-01-18 00:00:00,609,07843,1,778.8375,USD
2010-01-15 00:00:00,2010-01-18 00:00:00,609,08724,1,778.8375,GBP
2010-01-15 00:00:00,2010-01-18 00:00:00,609,08807,2,1557.675,GBP
2010-01-15 00:00:00,2010-01-18 00:00:00,609,20657,1,778.8375,GBP
2010-01-15 00:00:00,2010-01-18 00:00:00,609,21037,1,1557.675,GBP
2010-01-15 00:00:00,2010-01-18 00:00:00,609,21037,1,3894.1875,USD
2010-01-15 00:00:00,2010-01-18 00:00:00,609,21227,3,2336.5125,USD
2010-01-15 00:00:00,2010-01-18 00:00:00,609,21502,1,766.2375,GBP
2010-01-15 00:00:00,2010-01-18 00:00:00,609,25901,1,778.8375,GBP
2010-01-15 00:00:00,2010-01-18 00:00:00,609,32119,2,1545.075,USD
2010-01-15 00:00:00,2010-01-18 00:00:00,609,32141,1,778.8375,USD
2010-01-15 00:00:00,2010-01-18 00:00:00,609,32408,1,778.8375,USD
2010-01-15 00:00:00,2010-01-18 00:00:00,609,32505,1,778.8375,USD
2010-01-15 00:00:00,2010-01-18 00:00:00,609,32807,1,778.8375,USD
2010-01-15 00:00:00,2010-01-18 00:00:00,609,33406,1,778.8375,GBP
2010-01-15 00:00:00,2010-01-18 00:00:00,609,33853,1,778.8375,USD
2010-01-15 00:00:00,2010-01-18 00:00:00,609,34760,1,778.8375,USD
2010-01-15 00:00:00,2010-01-18 00:00:00,609,38501,1,778.8375,GBP
2010-01-15 00:00:00,2010-01-18 00:00:00,609,40229,1,2336.5125,GBP
2010-01-15 00:00:00,2010-01-18 00:00:00,609,46240,1,778.8375,GBP
2010-01-15 00:00:00,2010-01-18 00:00:00,609,46514,1,1557.675,GBP
2010-01-15 00:00:00,2010-01-18 00:00:00,609,46514,1,4673.025,USD
2010-01-15 00:00:00,2010-01-18 00:00:00,609,46563,1,778.8375,GBP
2010-01-15 00:00:00,2010-01-18 00:00:00,609,50129,1,3115.35,GBP
2010-01-15 00:00:00,2010-01-18 00:00:00,609,50129,1,2336.5125,USD
2010-01-15 00:00:00,2010-01-18 00:00:00,609,51106,1,778.8375,USD
2010-01-15 00:00:00,2010-01-18 00:00:00,609,52556,1,778.8375,USD
2010-01-15 00:00:00,2010-01-18 00:00:00,609,53583,1,778.8375,GBP
2010-01-15 00:00:00,2010-01-18 00:00:00,609,54016,1,778.8375,USD
2010-01-15 00:00:00,2010-01-18 00:00:00,609,54914,1,778.8375,USD
2010-01-15 00:00:00,2010-01-18 00:00:00,609,55760,1,778.8375,USD
2010-01-15 00:00:00,2010-01-18 00:00:00,609,65714,1,778.8375,USD
2010-01-15 00:00:00,2010-01-18 00:00:00,609,68130,1,778.8375,USD
2010-01-15 00:00:00,2010-01-18 00:00:00,609,69301,1,778.8375,USD
2010-01-15 00:00:00,2010-01-18 00:00:00,609,70380,2,1557.675,USD
2010-01-15 00:00:00,2010-01-18 00:00:00,609,73501,1,778.8375,GBP
2010-01-15 00:00:00,2010-01-18 00:00:00,609,78516,1,778.8375,USD
2010-01-15 00:00:00,2010-01-18 00:00:00,609,85705,2,1557.675,GBP
2010-01-15 00:00:00,2010-01-18 00:00:00,609,86430,1,778.8375,USD
2010-01-15 00:00:00,2010-01-18 00:00:00,609,89706,1,778.8375,GBP
2010-01-15 00:00:00,2010-01-18 00:00:00,609,90503,1,794.0625,USD
2010-01-15 00:00:00,2010-01-18 00:00:00,609,91320,1,794.0625,USD
2010-01-15 00:00:00,2010-01-18 00:00:00,609,92021,1,794.0625,USD
2010-01-15 00:00:00,2010-01-18 00:00:00,609,92117,1,794.0625,USD
2010-01-15 00:00:00,2010-01-18 00:00:00,609,92562,1,794.0625,USD
2010-01-15 00:00:00,2010-01-18 00:00:00,609,94030,1,794.0625,USD
2010-01-15 00:00:00,2010-01-18 00:00:00,609,94041,1,794.0625,USD
2010-01-15 00:00:00,2010-01-18 00:00:00,609,94110,1,794.0625,USD
2010-01-15 00:00:00,2010-01-18 00:00:00,609,94507,1,794.0625,GBP
2010-01-15 00:00:00,2010-01-18 00:00:00,609,94587,1,794.0625,USD
2010-01-15 00:00:00,2010-01-18 00:00:00,631,01119,1,346.2375,USD
2010-01-15 00:00:00,2010-01-18 00:00:00,631,08562,1,346.2375,GBP
2010-01-15 00:00:00,2010-01-18 00:00:00,631,34684,1,346.2375,GBP
2010-01-15 00:00:00,2010-01-18 00:00:00,631,40214,1,346.2375,USD
2010-01-15 00:00:00,2010-01-18 00:00:00,631,50466,1,346.2375,GBP
2010-01-15 00:00:00,2010-01-18 00:00:00,631,54401,1,346.2375,USD
2010-01-15 00:00:00,2010-01-18 00:00:00,631,55024,1,346.2375,GBP
2010-01-15 00:00:00,2010-01-18 00:00:00,631,55123,1,346.2375,GBP
2010-01-15 00:00:00,2010-01-18 00:00:00,631,79106,1,346.2375,USD
2010-01-15 00:00:00,2010-01-18 00:00:00,631,85226,1,346.2375,USD
2010-01-15 00:00:00,2010-01-18 00:00:00,631,87106,1,346.2375,GBP
2010-01-15 00:00:00,2010-01-18 00:00:00,631,91040,1,352.5375,USD
2010-01-15 00:00:00,2010-01-18 00:00:00,631,92346,1,352.5375,GBP
2010-01-15 00:00:00,2010-01-18 00:00:00,631,94947,1,352.5375,GBP
2010-01-15 00:00:00,2010-01-18 00:00:00,645,01453,1,746.55,USD
2010-01-15 00:00:00,2010-01-18 00:00:00,645,07023,1,746.55,GBP
2010-01-15 00:00:00,2010-01-18 00:00:00,645,08701,1,746.55,USD
2010-01-15 00:00:00,2010-01-18 00:00:00,645,20602,1,746.55,USD
2010-01-15 00:00:00,2010-01-18 00:00:00,645,32084,1,746.55,GBP
2010-01-15 00:00:00,2010-01-18 00:00:00,645,32703,1,746.55,GBP
2010-01-15 00:00:00,2010-01-18 00:00:00,645,33756,1,746.55,GBP
2010-01-15 00:00:00,2010-01-18 00:00:00,645,75023,1,746.55,USD
2010-01-15 00:00:00,2010-01-18 00:00:00,645,78230,1,746.55,USD
2010-01-15 00:00:00,2010-01-18 00:00:00,645,78750,1,746.55,USD
2010-01-15 00:00:00,2010-01-18 00:00:00,645,87401,1,746.55,USD
2010-01-15 00:00:00,2010-01-18 00:00:00,645,92262,1,761.5125,USD
2010-01-15 00:00:00,2010-01-18 00:00:00,645,93611,1,761.5125,USD
2010-01-15 00:00:00,2010-01-18 00:00:00,645,94514,1,761.5125,USD
2010-01-15 00:00:00,2010-01-18 00:00:00,645,94954,1,761.5125,GBP
2010-01-15 00:00:00,2010-01-18 00:00:00,658,07109,1,902.7375,GBP
2010-01-15 00:00:00,2010-01-18 00:00:00,658,46307,1,902.7375,GBP
2010-01-15 00:00:00,2010-01-18 00:00:00,658,53211,1,902.7375,USD
2010-01-15 00:00:00,2010-01-18 00:00:00,658,77357,1,902.7375,USD
2010-01-15 00:00:00,2010-01-18 00:00:00,658,89406,1,902.7375,GBP
2010-01-15 00:00:00,2010-01-18 00:00:00,663,02301,1,765.45,USD
2010-01-15 00:00:00,2010-01-18 00:00:00,663,02379,1,765.45,GBP
2010-01-15 00:00:00,2010-01-18 00:00:00,663,32960,1,765.45,USD
2010-01-15 00:00:00,2010-01-18 00:00:00,663,57461,1,765.45,USD
2010-01-15 00:00:00,2010-01-18 00:00:00,663,58104,1,765.45,USD
2010-01-15 00:00:00,2010-01-18 00:00:00,663,90703,1,780.4125,USD
2010-01-15 00:00:00,2010-01-18 00:00:00,676,01095,1,801.9375,USD
2010-01-15 00:00:00,2010-01-18 00:00:00,676,01562,1,801.9375,USD
2010-01-15 00:00:00,2010-01-18 00:00:00,676,02724,1,801.9375,USD
2010-01-15 00:00:00,2010-01-18 00:00:00,676,06114,1,801.9375,GBP
2010-01-15 00:00:00,2010-01-18 00:00:00,676,32124,1,801.9375,USD
2010-01-15 00:00:00,2010-01-18 00:00:00,676,32726,1,801.9375,GBP
2010-01-15 00:00:00,2010-01-18 00:00:00,676,33070,1,801.9375,GBP
2010-01-15 00:00:00,2010-01-18 00:00:00,676,33314,1,801.9375,USD
2010-01-15 00:00:00,2010-01-18 00:00:00,676,33414,1,801.9375,USD
2010-01-15 00:00:00,2010-01-18 00:00:00,676,33567,1,801.9375,GBP
2010-01-15 00:00:00,2010-01-18 00:00:00,676,36532,1,801.9375,GBP
2010-01-15 00:00:00,2010-01-18 00:00:00,676,37641,1,801.9375,GBP
2010-01-15 00:00:00,2010-01-18 00:00:00,676,38224,1,801.9375,USD
2010-01-15 00:00:00,2010-01-18 00:00:00,676,47460,1,801.9375,USD
2010-01-15 00:00:00,2010-01-18 00:00:00,676,50131,1,801.9375,GBP
2010-01-15 00:00:00,2010-01-18 00:00:00,676,50670,1,1603.875,GBP
2010-01-15 00:00:00,2010-01-18 00:00:00,676,50670,1,801.9375,USD
2010-01-15 00:00:00,2010-01-18 00:00:00,676,52742,1,801.9375,GBP
2010-01-15 00:00:00,2010-01-18 00:00:00,676,55016,1,801.9375,USD
2010-01-15 00:00:00,2010-01-18 00:00:00,676,55066,1,801.9375,USD
2010-01-15 00:00:00,2010-01-18 00:00:00,676,56721,1,801.9375,USD
2010-01-15 00:00:00,2010-01-18 00:00:00,676,57005,1,801.9375,USD
2010-01-15 00:00:00,2010-01-18 00:00:00,676,57709,1,801.9375,USD
2010-01-15 00:00:00,2010-01-18 00:00:00,676,59715,1,801.9375,USD
2010-01-15 00:00:00,2010-01-18 00:00:00,676,63026,1,801.9375,USD
2010-01-15 00:00:00,2010-01-18 00:00:00,676,72758,1,801.9375,USD
2010-01-15 00:00:00,2010-01-18 00:00:00,676,77018,1,801.9375,USD
2010-01-15 00:00:00,2010-01-18 00:00:00,676,77069,1,801.9375,USD
2010-01-15 00:00:00,2010-01-18 00:00:00,676,78154,1,801.9375,GBP
2010-01-15 00:00:00,2010-01-18 00:00:00,676,78228,1,801.9375,USD
2010-01-15 00:00:00,2010-01-18 00:00:00,676,79106,1,801.9375,USD
2010-01-15 00:00:00,2010-01-18 00:00:00,676,79404,1,801.9375,USD
2010-01-15 00:00:00,2010-01-18 00:00:00,676,85331,1,801.9375,USD
2010-01-15 00:00:00,2010-01-18 00:00:00,676,89129,1,801.9375,USD
2010-01-15 00:00:00,2010-01-18 00:00:00,676,89511,1,801.9375,USD
2010-01-15 00:00:00,2010-01-18 00:00:00,676,90041,1,816.9,GBP
2010-01-15 00:00:00,2010-01-18 00:00:00,676,91351,1,816.9,USD
2010-01-15 00:00:00,2010-01-18 00:00:00,676,91977,1,816.9,USD
2010-01-15 00:00:00,2010-01-18 00:00:00,676,92325,1,816.9,GBP
2010-01-15 00:00:00,2010-01-18 00:00:00,676,92592,2,1633.8,GBP
2010-01-15 00:00:00,2010-01-18 00:00:00,676,92673,1,816.9,USD
2010-01-15 00:00:00,2010-01-18 00:00:00,676,94509,1,816.9,USD
2010-01-15 00:00:00,2010-01-18 00:00:00,676,94928,1,816.9,USD
2010-01-15 00:00:00,2010-01-18 00:00:00,676,95032,1,816.9,GBP
2010-01-15 00:00:00,2010-01-18 00:00:00,676,95703,1,816.9,GBP
2010-01-15 00:00:00,2010-01-18 00:00:00,676,95815,1,816.9,USD
2010-01-15 00:00:00,2010-01-18 00:00:00,676,97032,1,801.9375,USD
2010-01-15 00:00:00,2010-01-18 00:00:00,676,97753,1,801.9375,USD
2010-01-15 00:00:00,2010-01-18 00:00:00,681,29170,1,629.7375,USD
2010-01-15 00:00:00,2010-01-18 00:00:00,681,32256,1,629.7375,GBP
2010-01-15 00:00:00,2010-01-18 00:00:00,681,37620,1,629.7375,USD
2010-01-15 00:00:00,2010-01-18 00:00:00,681,51106,1,629.7375,USD
2010-01-15 00:00:00,2010-01-18 00:00:00,681,51563,1,629.7375,GBP
2010-01-15 00:00:00,2010-01-18 00:00:00,681,52531,1,3778.425,GBP
2010-01-15 00:00:00,2010-01-18 00:00:00,681,52531,1,4408.1625,USD
2010-01-15 00:00:00,2010-01-18 00:00:00,681,65653,1,629.7375,USD
2010-01-15 00:00:00,2010-01-18 00:00:00,681,73109,1,629.7375,USD
2010-01-15 00:00:00,2010-01-18 00:00:00,681,82007,1,629.7375,USD
2010-01-15 00:00:00,2010-01-18 00:00:00,681,85248,1,629.7375,GBP
2010-01-15 00:00:00,2010-01-18 00:00:00,681,85345,1,629.7375,GBP
2010-01-15 00:00:00,2010-01-18 00:00:00,681,89131,1,629.7375,USD
2010-01-15 00:00:00,2010-01-18 00:00:00,681,95008,2,1289.925,USD
2010-01-15 00:00:00,2010-01-18 00:00:00,681,97132,1,629.7375,GBP
2010-01-15 00:00:00,2010-01-18 00:00:00,683,07059,1,788.025,GBP
2010-01-15 00:00:00,2010-01-18 00:00:00,683,34787,1,788.025,USD
2010-01-15 00:00:00,2010-01-18 00:00:00,683,53121,1,788.025,USD
2010-01-15 00:00:00,2010-01-18 00:00:00,683,90602,1,803.25,GBP
2010-01-15 00:00:00,2010-01-18 00:00:00,683,94561,1,803.25,USD
2010-01-15 00:00:00,2010-01-18 00:00:00,687,06040,1,445.9875,GBP
2010-01-15 00:00:00,2010-01-18 00:00:00,687,33433,1,445.9875,GBP
2010-01-15 00:00:00,2010-01-18 00:00:00,687,38122,1,445.9875,GBP
2010-01-15 00:00:00,2010-01-18 00:00:00,687,53807,1,445.9875,GBP
2010-01-15 00:00:00,2010-01-18 00:00:00,687,85202,1,440.7375,GBP
2010-01-15 00:00:00,2010-01-18 00:00:00,687,92037,1,452.2875,USD
2010-01-15 00:00:00,2010-01-18 00:00:00,687,94134,1,452.2875,GBP
2010-01-15 00:00:00,2010-01-18 00:00:00,702,91710,1,286.0725,USD
2010-01-15 00:00:00,2010-01-18 00:00:00,713,01468,1,160.0725,USD
2010-01-15 00:00:00,2010-01-18 00:00:00,713,29412,1,160.0725,USD
2010-01-15 00:00:00,2010-01-18 00:00:00,713,33430,1,160.0725,USD
2010-01-15 00:00:00,2010-01-18 00:00:00,713,84094,1,160.0725,USD
2010-01-15 00:00:00,2010-01-18 00:00:00,713,89433,1,160.0725,GBP
2010-01-15 00:00:00,2010-01-18 00:00:00,714,20774,1,160.0725,GBP
2010-01-15 00:00:00,2010-01-18 00:00:00,714,29687,1,160.0725,GBP
2010-01-15 00:00:00,2010-01-18 00:00:00,714,84094,1,160.0725,USD
2010-01-15 00:00:00,2010-01-18 00:00:00,714,85331,1,160.0725,GBP
2010-01-15 00:00:00,2010-01-18 00:00:00,714,89040,1,160.0725,GBP
2010-01-15 00:00:00,2010-01-18 00:00:00,714,89433,1,160.0725,GBP
2010-01-15 00:00:00,2010-01-18 00:00:00,714,89506,1,160.0725,GBP
2010-01-15 00:00:00,2010-01-18 00:00:00,714,92675,1,160.0725,GBP
2010-01-15 00:00:00,2010-01-18 00:00:00,725,07921,1,115.4475,GBP
2010-01-15 00:00:00,2010-01-18 00:00:00,725,08037,2,230.895,GBP
2010-01-15 00:00:00,2010-01-18 00:00:00,725,08876,1,115.4475,GBP
2010-01-15 00:00:00,2010-01-18 00:00:00,725,20833,1,115.4475,GBP
2010-01-15 00:00:00,2010-01-18 00:00:00,725,20882,1,115.4475,USD
2010-01-15 00:00:00,2010-01-18 00:00:00,725,24901,1,115.4475,USD
2010-01-15 00:00:00,2010-01-18 00:00:00,725,26184,1,115.4475,USD
2010-01-15 00:00:00,2010-01-18 00:00:00,725,26505,1,115.4475,GBP
2010-01-15 00:00:00,2010-01-18 00:00:00,725,29581,1,115.4475,GBP
2010-01-15 00:00:00,2010-01-18 00:00:00,725,33432,1,115.4475,GBP
2010-01-15 00:00:00,2010-01-18 00:00:00,725,34601,1,115.4475,GBP
2010-01-15 00:00:00,2010-01-18 00:00:00,725,34610,1,115.4475,GBP
2010-01-15 00:00:00,2010-01-18 00:00:00,725,34771,1,115.4475,GBP
2010-01-15 00:00:00,2010-01-18 00:00:00,725,35127,3,346.3425,GBP
2010-01-15 00:00:00,2010-01-18 00:00:00,725,35758,1,115.4475,GBP
2010-01-15 00:00:00,2010-01-18 00:00:00,725,37040,1,115.4475,USD
2010-01-15 00:00:00,2010-01-18 00:00:00,725,37064,1,115.4475,GBP
2010-01-15 00:00:00,2010-01-18 00:00:00,725,37087,1,115.4475,GBP
2010-01-15 00:00:00,2010-01-18 00:00:00,725,37207,1,115.4475,GBP
2010-01-15 00:00:00,2010-01-18 00:00:00,725,38040,1,115.4475,USD
2010-01-15 00:00:00,2010-01-18 00:00:00,725,38860,1,115.4475,GBP
2010-01-15 00:00:00,2010-01-18 00:00:00,725,39773,1,115.4475,GBP
2010-01-15 00:00:00,2010-01-18 00:00:00,725,40299,1,115.4475,USD
2010-01-15 00:00:00,2010-01-18 00:00:00,725,41240,1,115.4475,USD
2010-01-15 00:00:00,2010-01-18 00:00:00,725,42041,1,115.4475,GBP
2010-01-15 00:00:00,2010-01-18 00:00:00,725,46260,1,115.4475,GBP
2010-01-15 00:00:00,2010-01-18 00:00:00,725,47041,1,115.4475,GBP
2010-01-15 00:00:00,2010-01-18 00:00:00,725,47118,1,115.4475,GBP
2010-01-15 00:00:00,2010-01-18 00:00:00,725,47933,1,115.4475,GBP
2010-01-15 00:00:00,2010-01-18 00:00:00,725,50131,1,115.4475,GBP
2010-01-15 00:00:00,2010-01-18 00:00:00,725,53073,1,115.4475,GBP
2010-01-15 00:00:00,2010-01-18 00:00:00,725,54521,1,115.4475,USD
2010-01-15 00:00:00,2010-01-18 00:00:00,725,64093,1,115.4475,GBP
2010-01-15 00:00:00,2010-01-18 00:00:00,725,65809,1,115.4475,GBP
2010-01-15 00:00:00,2010-01-18 00:00:00,725,67516,1,115.4475,USD
2010-01-15 00:00:00,2010-01-18 00:00:00,725,69341,1,115.4475,GBP
2010-01-15 00:00:00,2010-01-18 00:00:00,725,70532,1,115.4475,GBP
2010-01-15 00:00:00,2010-01-18 00:00:00,725,70726,1,115.4475,GBP
2010-01-15 00:00:00,2010-01-18 00:00:00,725,70817,1,115.4475,USD
2010-01-15 00:00:00,2010-01-18 00:00:00,725,71161,1,115.4475,GBP
2010-01-15 00:00:00,2010-01-18 00:00:00,725,71351,1,115.4475,GBP
2010-01-15 00:00:00,2010-01-18 00:00:00,725,72012,1,115.4475,GBP
2010-01-15 00:00:00,2010-01-18 00:00:00,725,72211,1,115.4475,USD
2010-01-15 00:00:00,2010-01-18 00:00:00,725,72401,1,115.4475,GBP
2010-01-15 00:00:00,2010-01-18 00:00:00,725,73034,1,115.4475,GBP
2010-01-15 00:00:00,2010-01-18 00:00:00,725,73044,1,115.4475,GBP
2010-01-15 00:00:00,2010-01-18 00:00:00,725,73139,1,115.4475,GBP
2010-01-15 00:00:00,2010-01-18 00:00:00,725,75604,1,115.4475,USD
2010-01-15 00:00:00,2010-01-18 00:00:00,725,77485,1,115.4475,GBP
2010-01-15 00:00:00,2010-01-18 00:00:00,725,77581,1,115.4475,GBP
2010-01-15 00:00:00,2010-01-18 00:00:00,725,78840,1,115.4475,GBP
2010-01-15 00:00:00,2010-01-18 00:00:00,725,79608,1,115.4475,USD
2010-01-15 00:00:00,2010-01-18 00:00:00,725,82420,2,230.895,GBP
2010-01-15 00:00:00,2010-01-18 00:00:00,725,82501,1,115.4475,GBP
2010-01-15 00:00:00,2010-01-18 00:00:00,725,85622,1,115.4475,GBP
2010-01-15 00:00:00,2010-01-18 00:00:00,725,85715,1,115.4475,GBP
2010-01-15 00:00:00,2010-01-18 00:00:00,725,90731,2,230.895,GBP
2010-01-15 00:00:00,2010-01-18 00:00:00,725,90808,1,115.4475,GBP
2010-01-15 00:00:00,2010-01-18 00:00:00,725,91361,2,230.895,USD
2010-01-15 00:00:00,2010-01-18 00:00:00,725,92557,1,115.4475,GBP
2010-01-15 00:00:00,2010-01-18 00:00:00,725,93111,1,115.4475,GBP
2010-01-15 00:00:00,2010-01-18 00:00:00,725,95901,1,115.4475,GBP
2010-01-15 00:00:00,2010-01-18 00:00:00,725,97212,1,115.4475,GBP
2010-01-15 00:00:00,2010-01-18 00:00:00,725,99711,1,115.4475,GBP
2010-01-15 00:00:00,2010-01-18 00:00:00,726,01301,1,115.4475,GBP
2010-01-15 00:00:00,2010-01-18 00:00:00,726,08037,2,230.895,USD
2010-01-15 00:00:00,2010-01-18 00:00:00,726,20678,1,115.4475,USD
2010-01-15 00:00:00,2010-01-18 00:00:00,726,21613,1,115.4475,USD
2010-01-15 00:00:00,2010-01-18 00:00:00,726,21771,1,115.4475,USD
2010-01-15 00:00:00,2010-01-18 00:00:00,726,21774,1,115.4475,GBP
2010-01-15 00:00:00,2010-01-18 00:00:00,726,21776,2,230.895,USD
2010-01-15 00:00:00,2010-01-18 00:00:00,726,21835,1,115.4475,USD
2010-01-15 00:00:00,2010-01-18 00:00:00,726,25276,1,115.4475,USD
2010-01-15 00:00:00,2010-01-18 00:00:00,726,29687,1,115.4475,USD
2010-01-15 00:00:00,2010-01-18 00:00:00,726,29720,2,230.895,USD
2010-01-15 00:00:00,2010-01-18 00:00:00,726,29732,1,115.4475,USD
2010-01-15 00:00:00,2010-01-18 00:00:00,726,29745,2,230.895,USD
2010-01-15 00:00:00,2010-01-18 00:00:00,726,32922,1,115.4475,GBP
2010-01-15 00:00:00,2010-01-18 00:00:00,726,33432,1,115.4475,GBP
2010-01-15 00:00:00,2010-01-18 00:00:00,726,33823,1,115.4475,USD
2010-01-15 00:00:00,2010-01-18 00:00:00,726,34223,1,115.4475,GBP
2010-01-15 00:00:00,2010-01-18 00:00:00,726,34771,1,115.4475,GBP
2010-01-15 00:00:00,2010-01-18 00:00:00,726,34990,1,115.4475,USD
2010-01-15 00:00:00,2010-01-18 00:00:00,726,36530,1,115.4475,GBP
2010-01-15 00:00:00,2010-01-18 00:00:00,726,37922,1,115.4475,USD
2010-01-15 00:00:00,2010-01-18 00:00:00,726,38040,1,115.4475,GBP
2010-01-15 00:00:00,2010-01-18 00:00:00,726,40216,1,115.4475,USD
2010-01-15 00:00:00,2010-01-18 00:00:00,726,41092,2,230.895,USD
2010-01-15 00:00:00,2010-01-18 00:00:00,726,53185,1,115.4475,USD
2010-01-15 00:00:00,2010-01-18 00:00:00,726,54130,1,115.4475,USD
2010-01-15 00:00:00,2010-01-18 00:00:00,726,56304,1,115.4475,GBP
2010-01-15 00:00:00,2010-01-18 00:00:00,726,59701,1,115.4475,USD
2010-01-15 00:00:00,2010-01-18 00:00:00,726,67516,1,115.4475,GBP
2010-01-15 00:00:00,2010-01-18 00:00:00,726,70532,1,115.4475,USD
2010-01-15 00:00:00,2010-01-18 00:00:00,726,70706,1,115.4475,GBP
2010-01-15 00:00:00,2010-01-18 00:00:00,726,70714,1,115.4475,USD
2010-01-15 00:00:00,2010-01-18 00:00:00,726,72211,1,115.4475,USD
2010-01-15 00:00:00,2010-01-18 00:00:00,726,77063,1,115.4475,USD
2010-01-15 00:00:00,2010-01-18 00:00:00,726,77357,1,115.4475,GBP
2010-01-15 00:00:00,2010-01-18 00:00:00,726,77904,1,115.4475,GBP
2010-01-15 00:00:00,2010-01-18 00:00:00,726,83864,1,115.4475,GBP
2010-01-15 00:00:00,2010-01-18 00:00:00,726,84327,1,115.4475,GBP
2010-01-15 00:00:00,2010-01-18 00:00:00,726,85233,1,115.4475,GBP
2010-01-15 00:00:00,2010-01-18 00:00:00,726,91352,1,115.4475,GBP
2010-01-15 00:00:00,2010-01-18 00:00:00,726,91784,1,115.4475,USD
2010-01-15 00:00:00,2010-01-18 00:00:00,726,92399,1,115.4475,USD
2010-01-15 00:00:00,2010-01-18 00:00:00,726,92557,1,115.4475,USD
2010-01-15 00:00:00,2010-01-18 00:00:00,726,93252,1,115.4475,GBP
2010-01-15 00:00:00,2010-01-18 00:00:00,726,93940,1,115.4475,GBP
2010-01-15 00:00:00,2010-01-18 00:00:00,726,95124,1,115.4475,GBP
2010-01-15 00:00:00,2010-01-18 00:00:00,726,95125,1,115.4475,GBP
2010-01-15 00:00:00,2010-01-18 00:00:00,726,97702,1,115.4475,USD
2010-01-15 00:00:00,2010-01-18 00:00:00,727,19947,1,68.1975,GBP
2010-01-15 00:00:00,2010-01-18 00:00:00,727,21037,1,251.79,GBP
2010-01-15 00:00:00,2010-01-18 00:00:00,727,21037,1,62.9475,USD
2010-01-15 00:00:00,2010-01-18 00:00:00,727,21234,1,62.9475,GBP
2010-01-15 00:00:00,2010-01-18 00:00:00,727,21914,1,68.1975,GBP
2010-01-15 00:00:00,2010-01-18 00:00:00,727,29576,1,62.9475,GBP
2010-01-15 00:00:00,2010-01-18 00:00:00,727,33193,1,68.1975,GBP
2010-01-15 00:00:00,2010-01-18 00:00:00,727,35967,1,68.1975,GBP
2010-01-15 00:00:00,2010-01-18 00:00:00,727,37076,1,62.9475,GBP
2010-01-15 00:00:00,2010-01-18 00:00:00,727,37683,1,62.9475,GBP
2010-01-15 00:00:00,2010-01-18 00:00:00,727,39083,1,62.9475,GBP
2010-01-15 00:00:00,2010-01-18 00:00:00,727,42101,1,62.9475,GBP
2010-01-15 00:00:00,2010-01-18 00:00:00,727,54129,1,62.9475,GBP
2010-01-15 00:00:00,2010-01-18 00:00:00,727,65565,1,62.9475,GBP
2010-01-15 00:00:00,2010-01-18 00:00:00,727,70706,1,62.9475,GBP
2010-01-15 00:00:00,2010-01-18 00:00:00,727,72002,1,62.9475,GBP
2010-01-15 00:00:00,2010-01-18 00:00:00,727,73731,1,62.9475,GBP
2010-01-15 00:00:00,2010-01-18 00:00:00,727,75455,1,62.9475,GBP
2010-01-15 00:00:00,2010-01-18 00:00:00,727,76140,1,62.9475,USD
2010-01-15 00:00:00,2010-01-18 00:00:00,727,82633,1,62.9475,GBP
2010-01-15 00:00:00,2010-01-18 00:00:00,727,84050,1,62.9475,GBP
2010-01-15 00:00:00,2010-01-18 00:00:00,727,84115,2,125.895,GBP
2010-01-15 00:00:00,2010-01-18 00:00:00,727,85258,1,62.9475,GBP
2010-01-15 00:00:00,2010-01-18 00:00:00,727,85716,1,62.9475,USD
2010-01-15 00:00:00,2010-01-18 00:00:00,727,87105,1,62.9475,GBP
2010-01-15 00:00:00,2010-01-18 00:00:00,727,90064,3,188.8425,GBP
2010-01-15 00:00:00,2010-01-18 00:00:00,727,90601,1,62.9475,GBP
2010-01-15 00:00:00,2010-01-18 00:00:00,727,91361,1,62.9475,GBP
2010-01-15 00:00:00,2010-01-18 00:00:00,727,92084,2,125.895,USD
2010-01-15 00:00:00,2010-01-18 00:00:00,727,93117,1,62.9475,GBP
2010-01-15 00:00:00,2010-01-18 00:00:00,727,94507,1,62.9475,GBP
2010-01-15 00:00:00,2010-01-18 00:00:00,727,95658,1,62.9475,GBP
2010-01-15 00:00:00,2010-01-18 00:00:00,727,95924,1,62.9475,GBP
2010-01-15 00:00:00,2010-01-18 00:00:00,728,05257,2,125.895,GBP
2010-01-15 00:00:00,2010-01-18 00:00:00,728,07420,1,62.9475,USD
2010-01-15 00:00:00,2010-01-18 00:00:00,728,19733,1,62.9475,GBP
2010-01-15 00:00:00,2010-01-18 00:00:00,728,20603,1,62.9475,GBP
2010-01-15 00:00:00,2010-01-18 00:00:00,728,21037,1,125.895,GBP
2010-01-15 00:00:00,2010-01-18 00:00:00,728,21037,1,125.895,USD
2010-01-15 00:00:00,2010-01-18 00:00:00,728,21738,1,62.9475,GBP
2010-01-15 00:00:00,2010-01-18 00:00:00,728,29072,1,62.9475,USD
2010-01-15 00:00:00,2010-01-18 00:00:00,728,33811,2,136.395,GBP
2010-01-15 00:00:00,2010-01-18 00:00:00,728,34602,1,62.9475,USD
2010-01-15 00:00:00,2010-01-18 00:00:00,728,35242,1,62.9475,GBP
2010-01-15 00:00:00,2010-01-18 00:00:00,728,36054,1,62.9475,USD
2010-01-15 00:00:00,2010-01-18 00:00:00,728,36502,1,62.9475,USD
2010-01-15 00:00:00,2010-01-18 00:00:00,728,37076,1,62.9475,USD
2010-01-15 00:00:00,2010-01-18 00:00:00,728,42101,1,62.9475,USD
2010-01-15 00:00:00,2010-01-18 00:00:00,728,54901,1,62.9475,GBP
2010-01-15 00:00:00,2010-01-18 00:00:00,728,67060,1,62.9475,USD
2010-01-15 00:00:00,2010-01-18 00:00:00,728,70706,1,62.9475,USD
2010-01-15 00:00:00,2010-01-18 00:00:00,728,71291,1,62.9475,GBP
2010-01-15 00:00:00,2010-01-18 00:00:00,728,72111,1,62.9475,GBP
2010-01-15 00:00:00,2010-01-18 00:00:00,728,75605,1,62.9475,USD
2010-01-15 00:00:00,2010-01-18 00:00:00,728,75751,1,62.9475,GBP
2010-01-15 00:00:00,2010-01-18 00:00:00,728,77063,2,125.895,GBP
2010-01-15 00:00:00,2010-01-18 00:00:00,728,78218,1,62.9475,GBP
2010-01-15 00:00:00,2010-01-18 00:00:00,728,83716,1,62.9475,GBP
2010-01-15 00:00:00,2010-01-18 00:00:00,728,84092,1,62.9475,GBP
2010-01-15 00:00:00,2010-01-18 00:00:00,728,89121,2,125.895,GBP
2010-01-15 00:00:00,2010-01-18 00:00:00,728,90807,1,62.9475,GBP
2010-01-15 00:00:00,2010-01-18 00:00:00,728,91701,1,62.9475,USD
2010-01-15 00:00:00,2010-01-18 00:00:00,728,92021,1,62.9475,GBP
2010-01-15 00:00:00,2010-01-18 00:00:00,728,92555,1,62.9475,GBP
2010-01-15 00:00:00,2010-01-18 00:00:00,728,93117,1,62.9475,GBP
2010-01-15 00:00:00,2010-01-18 00:00:00,728,93662,1,62.9475,USD
2010-01-15 00:00:00,2010-01-18 00:00:00,728,94124,1,62.9475,USD
2010-01-15 00:00:00,2010-01-18 00:00:00,728,94507,1,62.9475,USD
2010-01-15 00:00:00,2010-01-18 00:00:00,728,94526,1,62.9475,GBP
2010-01-15 00:00:00,2010-01-18 00:00:00,728,94550,1,62.9475,GBP
2010-01-15 00:00:00,2010-01-18 00:00:00,728,94587,1,62.9475,USD
2010-01-15 00:00:00,2010-01-18 00:00:00,728,95006,1,62.9475,GBP
2010-01-15 00:00:00,2010-01-18 00:00:00,728,95451,1,62.9475,GBP
2010-01-15 00:00:00,2010-01-18 00:00:00,728,95924,1,62.9475,GBP
2010-01-15 00:00:00,2010-01-18 00:00:00,728,97136,1,62.9475,GBP
2010-01-15 00:00:00,2010-01-18 00:00:00,729,53520,1,301.8225,GBP
2010-01-15 00:00:00,2010-01-18 00:00:00,729,74850,1,301.8225,USD
2010-01-15 00:00:00,2010-01-18 00:00:00,729,92111,1,301.8225,USD
2010-01-15 00:00:00,2010-01-18 00:00:00,730,65803,1,301.8225,GBP
2010-01-15 00:00:00,2010-01-18 00:00:00,739,19709,1,170.5725,USD
2010-01-15 00:00:00,2010-01-18 00:00:00,739,19933,1,170.5725,GBP
2010-01-15 00:00:00,2010-01-18 00:00:00,739,21671,1,170.5725,GBP
2010-01-15 00:00:00,2010-01-18 00:00:00,739,34209,1,170.5725,GBP
2010-01-15 00:00:00,2010-01-18 00:00:00,739,35023,2,341.145,GBP
2010-01-15 00:00:00,2010-01-18 00:00:00,739,38237,1,170.5725,GBP
2010-01-15 00:00:00,2010-01-18 00:00:00,739,73099,1,170.5725,GBP
2010-01-15 00:00:00,2010-01-18 00:00:00,739,75209,1,170.5725,GBP
2010-01-15 00:00:00,2010-01-18 00:00:00,739,77086,1,170.5725,GBP
2010-01-15 00:00:00,2010-01-18 00:00:00,739,83501,1,170.5725,GBP
2010-01-15 00:00:00,2010-01-18 00:00:00,739,92399,1,170.5725,GBP
2010-01-15 00:00:00,2010-01-18 00:00:00,739,92507,1,170.5725,GBP
2010-01-15 00:00:00,2010-01-18 00:00:00,739,95838,1,170.5725,GBP
2010-01-15 00:00:00,2010-01-18 00:00:00,739,97365,1,170.5725,GBP
2010-01-15 00:00:00,2010-01-18 00:00:00,739,97914,1,170.5725,GBP
2010-01-15 00:00:00,2010-01-18 00:00:00,740,01301,2,341.145,USD
2010-01-15 00:00:00,2010-01-18 00:00:00,740,02830,1,170.5725,USD
2010-01-15 00:00:00,2010-01-18 00:00:00,740,07932,1,170.5725,GBP
2010-01-15 00:00:00,2010-01-18 00:00:00,740,21076,1,170.5725,USD
2010-01-15 00:00:00,2010-01-18 00:00:00,740,34652,1,170.5725,GBP
2010-01-15 00:00:00,2010-01-18 00:00:00,740,37167,1,170.5725,USD
2010-01-15 00:00:00,2010-01-18 00:00:00,740,37748,1,170.5725,GBP
2010-01-15 00:00:00,2010-01-18 00:00:00,740,38301,1,170.5725,USD
2010-01-15 00:00:00,2010-01-18 00:00:00,740,71295,1,170.5725,GBP
2010-01-15 00:00:00,2010-01-18 00:00:00,740,77354,1,170.5725,GBP
2010-01-15 00:00:00,2010-01-18 00:00:00,740,84654,1,167.9475,GBP
2010-01-15 00:00:00,2010-01-18 00:00:00,740,85254,1,170.5725,GBP
2010-01-15 00:00:00,2010-01-18 00:00:00,740,89511,2,341.145,GBP
2010-01-15 00:00:00,2010-01-18 00:00:00,740,92054,1,170.5725,GBP
2010-01-15 00:00:00,2010-01-18 00:00:00,740,92507,1,170.5725,USD
2010-01-15 00:00:00,2010-01-18 00:00:00,740,94571,1,170.5725,GBP
2010-01-15 00:00:00,2010-01-18 00:00:00,740,95953,1,170.5725,GBP
2010-01-15 00:00:00,2010-01-18 00:00:00,744,95648,1,270.3225,GBP
2010-01-15 00:00:00,2010-01-18 00:00:00,747,35173,1,291.3225,USD
2010-01-15 00:00:00,2010-01-18 00:00:00,748,59105,1,291.3225,GBP
2010-01-15 00:00:00,2010-01-18 00:00:00,748,84401,1,291.3225,GBP
2010-01-15 00:00:00,2010-01-18 00:00:00,748,89014,1,291.3225,GBP
2010-01-15 00:00:00,2010-01-18 00:00:00,748,94549,1,291.3225,USD
2010-01-15 00:00:00,2010-01-18 00:00:00,753,33338,6,1464.435,GBP
2010-01-15 00:00:00,2010-01-18 00:00:00,753,37331,1,244.0725,USD
2010-01-15 00:00:00,2010-01-18 00:00:00,753,39525,1,244.0725,USD
2010-01-15 00:00:00,2010-01-18 00:00:00,753,57551,1,241.4475,USD
2010-01-15 00:00:00,2010-01-18 00:00:00,753,73003,1,244.0725,GBP
2010-01-15 00:00:00,2010-01-18 00:00:00,753,85737,3,732.2175,USD
2010-01-15 00:00:00,2010-01-18 00:00:00,753,92065,1,244.0725,GBP
2010-01-15 00:00:00,2010-01-18 00:00:00,753,92382,1,241.4475,USD
2010-01-15 00:00:00,2010-01-18 00:00:00,753,93550,1,241.4475,USD
2010-01-15 00:00:00,2010-01-18 00:00:00,753,97128,1,244.0725,USD
2010-01-15 00:00:00,2010-01-18 00:00:00,754,21774,1,244.0725,USD
2010-01-15 00:00:00,2010-01-18 00:00:00,754,33156,1,244.0725,USD
2010-01-15 00:00:00,2010-01-18 00:00:00,754,33338,6,1464.435,USD
2010-01-15 00:00:00,2010-01-18 00:00:00,754,35475,1,244.0725,USD
2010-01-15 00:00:00,2010-01-18 00:00:00,754,41051,1,244.0725,GBP
2010-01-15 00:00:00,2010-01-18 00:00:00,754,63123,1,236.1975,GBP
2010-01-15 00:00:00,2010-01-18 00:00:00,754,68418,1,241.4475,USD
2010-01-15 00:00:00,2010-01-18 00:00:00,754,70433,1,244.0725,GBP
2010-01-15 00:00:00,2010-01-18 00:00:00,754,83686,1,241.4475,GBP
2010-01-15 00:00:00,2010-01-18 00:00:00,754,85206,1,244.0725,GBP
2010-01-15 00:00:00,2010-01-18 00:00:00,754,87413,1,244.0725,GBP
2010-01-15 00:00:00,2010-01-18 00:00:00,754,90247,1,241.4475,USD
2010-01-15 00:00:00,2010-01-18 00:00:00,754,90740,1,244.0725,GBP
2010-01-15 00:00:00,2010-01-18 00:00:00,754,92663,1,244.0725,GBP
2010-01-15 00:00:00,2010-01-18 00:00:00,754,93505,1,241.4475,USD
2010-01-15 00:00:00,2010-01-18 00:00:00,754,97128,1,244.0725,GBP
2010-01-15 00:00:00,2010-01-18 00:00:00,754,97439,1,244.0725,USD
2010-01-15 00:00:00,2010-01-18 00:00:00,757,01756,1,83.9475,GBP
2010-01-15 00:00:00,2010-01-18 00:00:00,757,02747,1,83.9475,GBP
2010-01-15 00:00:00,2010-01-18 00:00:00,757,07045,1,83.9475,GBP
2010-01-15 00:00:00,2010-01-18 00:00:00,757,08041,1,83.9475,GBP
2010-01-15 00:00:00,2010-01-18 00:00:00,757,08060,1,83.9475,USD
2010-01-15 00:00:00,2010-01-18 00:00:00,757,08857,1,83.9475,GBP
2010-01-15 00:00:00,2010-01-18 00:00:00,757,25019,1,83.9475,GBP
2010-01-15 00:00:00,2010-01-18 00:00:00,757,25504,1,83.9475,GBP
2010-01-15 00:00:00,2010-01-18 00:00:00,757,29617,1,83.9475,USD
2010-01-15 00:00:00,2010-01-18 00:00:00,757,29644,1,83.9475,GBP
2010-01-15 00:00:00,2010-01-18 00:00:00,757,32174,1,83.9475,USD
2010-01-15 00:00:00,2010-01-18 00:00:00,757,32226,1,83.9475,GBP
2010-01-15 00:00:00,2010-01-18 00:00:00,757,32754,1,83.9475,GBP
2010-01-15 00:00:00,2010-01-18 00:00:00,757,33432,1,83.9475,USD
2010-01-15 00:00:00,2010-01-18 00:00:00,757,35127,1,83.9475,GBP
2010-01-15 00:00:00,2010-01-18 00:00:00,757,36093,2,167.895,USD
2010-01-15 00:00:00,2010-01-18 00:00:00,757,36116,1,83.9475,GBP
2010-01-15 00:00:00,2010-01-18 00:00:00,757,37080,2,167.895,USD
2010-01-15 00:00:00,2010-01-18 00:00:00,757,37172,1,83.9475,USD
2010-01-15 00:00:00,2010-01-18 00:00:00,757,38305,1,83.9475,USD
2010-01-15 00:00:00,2010-01-18 00:00:00,757,38478,1,83.9475,USD
2010-01-15 00:00:00,2010-01-18 00:00:00,757,46307,1,83.9475,GBP
2010-01-15 00:00:00,2010-01-18 00:00:00,757,47905,2,167.895,GBP
2010-01-15 00:00:00,2010-01-18 00:00:00,757,50109,1,83.9475,USD
2010-01-15 00:00:00,2010-01-18 00:00:00,757,50211,1,83.9475,GBP
2010-01-15 00:00:00,2010-01-18 00:00:00,757,53704,2,167.895,USD
2010-01-15 00:00:00,2010-01-18 00:00:00,757,58421,1,83.9475,USD
2010-01-15 00:00:00,2010-01-18 00:00:00,757,63390,1,83.9475,GBP
2010-01-15 00:00:00,2010-01-18 00:00:00,757,70094,1,83.9475,GBP
2010-01-15 00:00:00,2010-01-18 00:00:00,757,70454,1,83.9475,GBP
2010-01-15 00:00:00,2010-01-18 00:00:00,757,70558,1,83.9475,GBP
2010-01-15 00:00:00,2010-01-18 00:00:00,757,71220,1,83.9475,USD
2010-01-15 00:00:00,2010-01-18 00:00:00,757,72401,1,83.9475,USD
2010-01-15 00:00:00,2010-01-18 00:00:00,757,72472,1,83.9475,USD
2010-01-15 00:00:00,2010-01-18 00:00:00,757,75570,1,83.9475,GBP
2010-01-15 00:00:00,2010-01-18 00:00:00,757,75605,1,83.9475,GBP
2010-01-15 00:00:00,2010-01-18 00:00:00,757,75951,1,83.9475,USD
2010-01-15 00:00:00,2010-01-18 00:00:00,757,77662,1,83.9475,USD
2010-01-15 00:00:00,2010-01-18 00:00:00,757,82420,1,83.9475,GBP
2010-01-15 00:00:00,2010-01-18 00:00:00,757,84075,1,83.9475,GBP
2010-01-15 00:00:00,2010-01-18 00:00:00,757,85054,1,83.9475,USD
2010-01-15 00:00:00,2010-01-18 00:00:00,757,88220,1,83.9475,GBP
2010-01-15 00:00:00,2010-01-18 00:00:00,757,90047,1,83.9475,USD
2010-01-15 00:00:00,2010-01-18 00:00:00,757,91311,1,83.9475,GBP
2010-01-15 00:00:00,2010-01-18 00:00:00,757,91607,1,83.9475,USD
2010-01-15 00:00:00,2010-01-18 00:00:00,757,91710,1,83.9475,GBP
2010-01-15 00:00:00,2010-01-18 00:00:00,757,92307,1,83.9475,GBP
2010-01-15 00:00:00,2010-01-18 00:00:00,757,92591,1,83.9475,USD
2010-01-15 00:00:00,2010-01-18 00:00:00,757,93516,1,83.9475,USD
2010-01-15 00:00:00,2010-01-18 00:00:00,757,93960,1,83.9475,GBP
2010-01-15 00:00:00,2010-01-18 00:00:00,757,95006,3,251.8425,USD
2010-01-15 00:00:00,2010-01-18 00:00:00,757,95472,1,83.9475,USD
2010-01-15 00:00:00,2010-01-18 00:00:00,757,97006,1,83.9475,GBP
2010-01-15 00:00:00,2010-01-18 00:00:00,758,02747,1,83.9475,GBP
2010-01-15 00:00:00,2010-01-18 00:00:00,758,20723,1,83.9475,USD
2010-01-15 00:00:00,2010-01-18 00:00:00,758,21163,1,83.9475,USD
2010-01-15 00:00:00,2010-01-18 00:00:00,758,26105,1,83.9475,USD
2010-01-15 00:00:00,2010-01-18 00:00:00,758,29657,2,167.895,USD
2010-01-15 00:00:00,2010-01-18 00:00:00,758,29906,1,83.9475,GBP
2010-01-15 00:00:00,2010-01-18 00:00:00,758,32404,3,251.8425,USD
2010-01-15 00:00:00,2010-01-18 00:00:00,758,34233,1,83.9475,USD
2010-01-15 00:00:00,2010-01-18 00:00:00,758,35045,2,167.895,USD
2010-01-15 00:00:00,2010-01-18 00:00:00,758,35057,1,83.9475,GBP
2010-01-15 00:00:00,2010-01-18 00:00:00,758,35224,1,83.9475,USD
2010-01-15 00:00:00,2010-01-18 00:00:00,758,36351,1,83.9475,GBP
2010-01-15 00:00:00,2010-01-18 00:00:00,758,37642,1,83.9475,USD
2010-01-15 00:00:00,2010-01-18 00:00:00,758,37752,1,83.9475,GBP
2010-01-15 00:00:00,2010-01-18 00:00:00,758,39525,1,83.9475,USD
2010-01-15 00:00:00,2010-01-18 00:00:00,758,40214,2,167.895,GBP
2010-01-15 00:00:00,2010-01-18 00:00:00,758,41522,1,83.9475,USD
2010-01-15 00:00:00,2010-01-18 00:00:00,758,53005,1,83.9475,USD
2010-01-15 00:00:00,2010-01-18 00:00:00,758,63049,1,83.9475,USD
2010-01-15 00:00:00,2010-01-18 00:00:00,758,63129,1,83.9475,USD
2010-01-15 00:00:00,2010-01-18 00:00:00,758,67209,1,83.9475,USD
2010-01-15 00:00:00,2010-01-18 00:00:00,758,68135,1,83.9475,GBP
2010-01-15 00:00:00,2010-01-18 00:00:00,758,76179,1,83.9475,USD
2010-01-15 00:00:00,2010-01-18 00:00:00,758,77979,1,83.9475,USD
2010-01-15 00:00:00,2010-01-18 00:00:00,758,83221,1,83.9475,USD
2010-01-15 00:00:00,2010-01-18 00:00:00,758,84119,1,83.9475,USD
2010-01-15 00:00:00,2010-01-18 00:00:00,758,85203,1,83.9475,USD
2010-01-15 00:00:00,2010-01-18 00:00:00,758,85254,1,83.9475,USD
2010-01-15 00:00:00,2010-01-18 00:00:00,758,85718,1,83.9475,USD
2010-01-15 00:00:00,2010-01-18 00:00:00,758,89423,1,83.9475,USD
2010-01-15 00:00:00,2010-01-18 00:00:00,758,90047,1,83.9475,USD
2010-01-15 00:00:00,2010-01-18 00:00:00,758,90290,1,83.9475,GBP
2010-01-15 00:00:00,2010-01-18 00:00:00,758,92307,1,83.9475,USD
2010-01-15 00:00:00,2010-01-18 00:00:00,758,92504,1,83.9475,USD
2010-01-15 00:00:00,2010-01-18 00:00:00,758,92648,1,83.9475,USD
2010-01-15 00:00:00,2010-01-18 00:00:00,758,94509,1,83.9475,USD
2010-01-15 00:00:00,2010-01-18 00:00:00,758,94558,1,83.9475,GBP
2010-01-15 00:00:00,2010-01-18 00:00:00,758,95020,1,83.9475,USD
2010-01-15 00:00:00,2010-01-18 00:00:00,767,21009,1,104.9475,GBP
2010-01-15 00:00:00,2010-01-18 00:00:00,767,21037,1,104.9475,GBP
2010-01-15 00:00:00,2010-01-18 00:00:00,767,21037,1,419.79,USD
2010-01-15 00:00:00,2010-01-18 00:00:00,767,21084,1,104.9475,USD
2010-01-15 00:00:00,2010-01-18 00:00:00,767,21161,1,104.9475,GBP
2010-01-15 00:00:00,2010-01-18 00:00:00,767,21875,1,104.9475,GBP
2010-01-15 00:00:00,2010-01-18 00:00:00,767,26070,1,104.9475,USD
2010-01-15 00:00:00,2010-01-18 00:00:00,767,29584,1,104.9475,GBP
2010-01-15 00:00:00,2010-01-18 00:00:00,767,29936,1,104.9475,GBP
2010-01-15 00:00:00,2010-01-18 00:00:00,767,33157,1,104.9475,GBP
2010-01-15 00:00:00,2010-01-18 00:00:00,767,35171,1,104.9475,USD
2010-01-15 00:00:00,2010-01-18 00:00:00,767,35456,1,104.9475,USD
2010-01-15 00:00:00,2010-01-18 00:00:00,767,39532,2,209.895,USD
2010-01-15 00:00:00,2010-01-18 00:00:00,767,46140,1,104.9475,GBP
2010-01-15 00:00:00,2010-01-18 00:00:00,767,46385,1,104.9475,USD
2010-01-15 00:00:00,2010-01-18 00:00:00,767,63005,1,104.9475,USD
2010-01-15 00:00:00,2010-01-18 00:00:00,767,65559,1,104.9475,USD
2010-01-15 00:00:00,2010-01-18 00:00:00,767,66083,1,104.9475,GBP
2010-01-15 00:00:00,2010-01-18 00:00:00,767,67042,1,104.9475,GBP
2010-01-15 00:00:00,2010-01-18 00:00:00,767,70072,1,104.9475,GBP
2010-01-15 00:00:00,2010-01-18 00:00:00,767,72176,1,104.9475,GBP
2010-01-15 00:00:00,2010-01-18 00:00:00,767,76133,1,104.9475,GBP
2010-01-15 00:00:00,2010-01-18 00:00:00,767,77532,1,104.9475,GBP
2010-01-15 00:00:00,2010-01-18 00:00:00,767,85027,1,104.9475,USD
2010-01-15 00:00:00,2010-01-18 00:00:00,767,85310,1,104.9475,GBP
2010-01-15 00:00:00,2010-01-18 00:00:00,767,85337,1,104.9475,GBP
2010-01-15 00:00:00,2010-01-18 00:00:00,767,85629,1,104.9475,GBP
2010-01-15 00:00:00,2010-01-18 00:00:00,767,89030,1,104.9475,GBP
2010-01-15 00:00:00,2010-01-18 00:00:00,767,90706,1,104.9475,USD
2010-01-15 00:00:00,2010-01-18 00:00:00,767,92356,2,209.895,GBP
2010-01-15 00:00:00,2010-01-18 00:00:00,767,92504,2,209.895,GBP
2010-01-15 00:00:00,2010-01-18 00:00:00,767,92843,1,104.9475,GBP
2010-01-15 00:00:00,2010-01-18 00:00:00,767,93292,1,104.9475,GBP
2010-01-15 00:00:00,2010-01-18 00:00:00,767,95046,1,104.9475,GBP
2010-01-15 00:00:00,2010-01-18 00:00:00,767,95336,1,104.9475,GBP
2010-01-15 00:00:00,2010-01-18 00:00:00,767,95453,1,104.9475,USD
2010-01-15 00:00:00,2010-01-18 00:00:00,767,95634,1,104.9475,GBP
2010-01-15 00:00:00,2010-01-18 00:00:00,768,02061,1,104.9475,USD
2010-01-15 00:00:00,2010-01-18 00:00:00,768,07950,1,104.9475,USD
2010-01-15 00:00:00,2010-01-18 00:00:00,768,08094,1,104.9475,USD
2010-01-15 00:00:00,2010-01-18 00:00:00,768,08755,1,104.9475,GBP
2010-01-15 00:00:00,2010-01-18 00:00:00,768,21037,1,209.895,GBP
2010-01-15 00:00:00,2010-01-18 00:00:00,768,21037,1,209.895,USD
2010-01-15 00:00:00,2010-01-18 00:00:00,768,25802,1,104.9475,USD
2010-01-15 00:00:00,2010-01-18 00:00:00,768,29111,1,104.9475,USD
2010-01-15 00:00:00,2010-01-18 00:00:00,768,32220,1,104.9475,GBP
2010-01-15 00:00:00,2010-01-18 00:00:00,768,35071,1,104.9475,USD
2010-01-15 00:00:00,2010-01-18 00:00:00,768,36280,1,104.9475,USD
2010-01-15 00:00:00,2010-01-18 00:00:00,768,37098,1,104.9475,GBP
2010-01-15 00:00:00,2010-01-18 00:00:00,768,37160,1,104.9475,GBP
2010-01-15 00:00:00,2010-01-18 00:00:00,768,37334,1,104.9475,GBP
2010-01-15 00:00:00,2010-01-18 00:00:00,768,37617,1,104.9475,GBP
2010-01-15 00:00:00,2010-01-18 00:00:00,768,37813,1,104.9475,USD
2010-01-15 00:00:00,2010-01-18 00:00:00,768,38946,1,104.9475,GBP
2010-01-15 00:00:00,2010-01-18 00:00:00,768,39110,1,104.9475,USD
2010-01-15 00:00:00,2010-01-18 00:00:00,768,39532,2,209.895,GBP
2010-01-15 00:00:00,2010-01-18 00:00:00,768,39571,1,104.9475,GBP
2010-01-15 00:00:00,2010-01-18 00:00:00,768,39662,1,104.9475,GBP
2010-01-15 00:00:00,2010-01-18 00:00:00,768,40701,1,104.9475,GBP
2010-01-15 00:00:00,2010-01-18 00:00:00,768,63084,1,104.9475,USD
2010-01-15 00:00:00,2010-01-18 00:00:00,768,63301,1,104.9475,GBP
2010-01-15 00:00:00,2010-01-18 00:00:00,768,71263,2,209.895,GBP
2010-01-15 00:00:00,2010-01-18 00:00:00,768,72120,1,104.9475,GBP
2010-01-15 00:00:00,2010-01-18 00:00:00,768,72501,2,209.895,GBP
2010-01-15 00:00:00,2010-01-18 00:00:00,768,74426,1,104.9475,USD
2010-01-15 00:00:00,2010-01-18 00:00:00,768,77511,1,102.3225,USD
2010-01-15 00:00:00,2010-01-18 00:00:00,768,78759,1,104.9475,GBP
2010-01-15 00:00:00,2010-01-18 00:00:00,768,82633,1,104.9475,USD
2010-01-15 00:00:00,2010-01-18 00:00:00,768,83854,1,104.9475,GBP
2010-01-15 00:00:00,2010-01-18 00:00:00,768,85310,1,104.9475,USD
2010-01-15 00:00:00,2010-01-18 00:00:00,768,88011,1,104.9475,GBP
2010-01-15 00:00:00,2010-01-18 00:00:00,768,91351,1,104.9475,USD
2010-01-15 00:00:00,2010-01-18 00:00:00,768,92084,1,104.9475,GBP
2010-01-15 00:00:00,2010-01-18 00:00:00,768,93060,1,104.9475,GBP
2010-01-15 00:00:00,2010-01-18 00:00:00,768,93422,1,104.9475,GBP
2010-01-15 00:00:00,2010-01-18 00:00:00,768,95713,1,104.9475,USD
2010-01-15 00:00:00,2010-01-18 00:00:00,768,97439,1,104.9475,GBP
2010-01-15 00:00:00,2010-01-18 00:00:00,769,21811,1,257.1975,USD
2010-01-15 00:00:00,2010-01-18 00:00:00,769,25401,2,514.395,GBP
2010-01-15 00:00:00,2010-01-18 00:00:00,769,29673,1,257.1975,GBP
2010-01-15 00:00:00,2010-01-18 00:00:00,769,41501,1,257.1975,GBP
2010-01-15 00:00:00,2010-01-18 00:00:00,769,65583,1,257.1975,USD
2010-01-15 00:00:00,2010-01-18 00:00:00,769,91910,1,257.1975,GBP
2010-01-15 00:00:00,2010-01-18 00:00:00,769,92040,1,257.1975,GBP
2010-01-15 00:00:00,2010-01-18 00:00:00,769,92057,1,257.1975,USD
2010-01-15 00:00:00,2010-01-18 00:00:00,769,92356,1,257.1975,GBP
2010-01-15 00:00:00,2010-01-18 00:00:00,769,93274,2,514.395,GBP
2010-01-15 00:00:00,2010-01-18 00:00:00,769,95132,1,257.1975,GBP
2010-01-15 00:00:00,2010-01-18 00:00:00,769,96097,1,257.1975,USD
2010-01-15 00:00:00,2010-01-18 00:00:00,770,07840,1,257.1975,GBP
2010-01-15 00:00:00,2010-01-18 00:00:00,770,21206,1,257.1975,GBP
2010-01-15 00:00:00,2010-01-18 00:00:00,770,33315,1,257.1975,GBP
2010-01-15 00:00:00,2010-01-18 00:00:00,770,34275,1,257.1975,GBP
2010-01-15 00:00:00,2010-01-18 00:00:00,770,39657,1,257.1975,USD
2010-01-15 00:00:00,2010-01-18 00:00:00,770,46118,1,257.1975,GBP
2010-01-15 00:00:00,2010-01-18 00:00:00,770,71968,1,257.1975,GBP
2010-01-15 00:00:00,2010-01-18 00:00:00,770,72301,1,257.1975,GBP
2010-01-15 00:00:00,2010-01-18 00:00:00,770,75457,1,257.1975,GBP
2010-01-15 00:00:00,2010-01-18 00:00:00,770,77023,1,257.1975,GBP
2010-01-15 00:00:00,2010-01-18 00:00:00,770,85308,1,257.1975,GBP
2010-01-15 00:00:00,2010-01-18 00:00:00,770,93066,1,257.1975,GBP
2010-01-15 00:00:00,2010-01-18 00:00:00,770,93421,1,257.1975,USD
2010-01-15 00:00:00,2010-01-18 00:00:00,770,95132,1,257.1975,GBP
2010-01-15 00:00:00,2010-01-18 00:00:00,770,95492,1,257.1975,GBP
2010-01-15 00:00:00,2010-01-18 00:00:00,770,96097,1,257.1975,GBP
2010-01-15 00:00:00,2010-01-18 00:00:00,771,33196,1,165.3225,GBP
2010-01-15 00:00:00,2010-01-18 00:00:00,771,92585,1,165.3225,USD
2010-01-15 00:00:00,2010-01-18 00:00:00,772,32725,1,165.3225,GBP
2010-01-15 00:00:00,2010-01-18 00:00:00,772,32771,1,165.3225,GBP
2010-01-15 00:00:00,2010-01-18 00:00:00,772,33196,1,165.3225,GBP
2010-01-15 00:00:00,2010-01-18 00:00:00,772,36426,1,165.3225,GBP
2010-01-15 00:00:00,2010-01-18 00:00:00,772,54901,1,165.3225,GBP
2010-01-15 00:00:00,2010-01-18 00:00:00,772,74403,1,165.3225,GBP
2010-01-15 00:00:00,2010-01-18 00:00:00,772,79339,1,165.3225,GBP
2010-01-15 00:00:00,2010-01-18 00:00:00,772,83655,1,165.3225,GBP
2010-01-15 00:00:00,2010-01-18 00:00:00,772,89120,1,165.3225,GBP
2010-01-15 00:00:00,2010-01-18 00:00:00,772,92620,1,165.3225,GBP
2010-01-15 00:00:00,2010-01-18 00:00:00,772,92845,1,165.3225,GBP
2010-01-15 00:00:00,2010-01-18 00:00:00,772,95492,1,165.3225,GBP
2010-01-15 00:00:00,2010-01-18 00:00:00,795,33027,1,275.5725,USD
2010-01-15 00:00:00,2010-01-18 00:00:00,795,47201,1,275.5725,USD
2010-01-15 00:00:00,2010-01-18 00:00:00,795,72015,1,275.5725,USD
2010-01-15 00:00:00,2010-01-18 00:00:00,795,85219,1,275.5725,USD
2010-01-15 00:00:00,2010-01-18 00:00:00,795,90815,1,275.5725,USD
2010-01-15 00:00:00,2010-01-18 00:00:00,795,92126,1,275.5725,USD
2010-01-15 00:00:00,2010-01-18 00:00:00,795,92394,1,275.5725,GBP
2010-01-15 00:00:00,2010-01-18 00:00:00,795,92404,1,275.5725,GBP
2010-01-15 00:00:00,2010-01-18 00:00:00,795,92624,2,551.145,USD
2010-01-15 00:00:00,2010-01-18 00:00:00,795,93065,1,275.5725,GBP
2010-01-15 00:00:00,2010-01-18 00:00:00,795,93926,1,275.5725,USD
2010-01-15 00:00:00,2010-01-18 00:00:00,795,94044,1,275.5725,GBP
2010-01-15 00:00:00,2010-01-18 00:00:00,795,94533,1,275.5725,GBP
2010-01-15 00:00:00,2010-01-18 00:00:00,795,95062,1,275.5725,USD
2010-01-15 00:00:00,2010-01-18 00:00:00,795,96003,1,275.5725,USD
2010-01-15 00:00:00,2010-01-18 00:00:00,795,97303,1,275.5725,USD
2010-01-15 00:00:00,2010-01-18 00:00:00,796,07045,1,275.5725,GBP
2010-01-15 00:00:00,2010-01-18 00:00:00,796,33176,1,275.5725,GBP
2010-01-15 00:00:00,2010-01-18 00:00:00,796,47201,1,275.5725,USD
2010-01-15 00:00:00,2010-01-18 00:00:00,796,75495,1,275.5725,GBP
2010-01-15 00:00:00,2010-01-18 00:00:00,796,82240,1,275.5725,USD
2010-01-15 00:00:00,2010-01-18 00:00:00,796,85022,1,275.5725,GBP
2010-01-15 00:00:00,2010-01-18 00:00:00,796,91042,1,275.5725,USD
2010-01-15 00:00:00,2010-01-18 00:00:00,796,91354,1,275.5725,GBP
2010-01-15 00:00:00,2010-01-18 00:00:00,796,92126,1,275.5725,GBP
2010-01-15 00:00:00,2010-01-18 00:00:00,796,92345,1,275.5725,USD
2010-01-15 00:00:00,2010-01-18 00:00:00,796,92394,1,275.5725,GBP
2010-01-15 00:00:00,2010-01-18 00:00:00,796,92404,1,275.5725,GBP
2010-01-15 00:00:00,2010-01-18 00:00:00,796,93063,1,275.5725,USD
2010-01-15 00:00:00,2010-01-18 00:00:00,796,93926,1,275.5725,USD
2010-01-15 00:00:00,2010-01-18 00:00:00,796,94611,1,275.5725,GBP
2010-01-15 00:00:00,2010-01-18 00:00:00,796,95130,1,275.5725,USD
2010-01-15 00:00:00,2010-01-18 00:00:00,796,95350,1,275.5725,USD
2010-01-15 00:00:00,2010-01-18 00:00:00,796,95603,1,275.5725,GBP
2010-01-15 00:00:00,2010-01-18 00:00:00,796,95631,1,275.5725,GBP
2010-01-15 00:00:00,2010-01-18 00:00:00,796,97495,1,275.5725,USD
2010-01-15 00:00:00,2010-01-18 00:00:00,797,08361,1,301.8225,USD
2010-01-15 00:00:00,2010-01-18 00:00:00,797,25678,1,301.8225,USD
2010-01-15 00:00:00,2010-01-18 00:00:00,797,29102,1,301.8225,USD
2010-01-15 00:00:00,2010-01-18 00:00:00,797,32953,1,301.8225,GBP
2010-01-15 00:00:00,2010-01-18 00:00:00,797,33549,1,301.8225,GBP
2010-01-15 00:00:00,2010-01-18 00:00:00,797,33908,1,301.8225,USD
2010-01-15 00:00:00,2010-01-18 00:00:00,797,51331,1,301.8225,USD
2010-01-15 00:00:00,2010-01-18 00:00:00,797,77355,1,301.8225,USD
2010-01-15 00:00:00,2010-01-18 00:00:00,797,79424,2,603.645,USD
2010-01-15 00:00:00,2010-01-18 00:00:00,797,85023,3,905.4675,GBP
2010-01-15 00:00:00,2010-01-18 00:00:00,797,85382,1,301.8225,GBP
2010-01-15 00:00:00,2010-01-18 00:00:00,797,88031,1,301.8225,USD
2010-01-15 00:00:00,2010-01-18 00:00:00,797,92071,1,301.8225,GBP
2010-01-15 00:00:00,2010-01-18 00:00:00,797,92118,2,603.645,USD
2010-01-15 00:00:00,2010-01-18 00:00:00,797,92557,1,301.8225,USD
2010-01-15 00:00:00,2010-01-18 00:00:00,797,92708,1,301.8225,USD
2010-01-15 00:00:00,2010-01-18 00:00:00,797,92840,1,301.8225,GBP
2010-01-15 00:00:00,2010-01-18 00:00:00,797,92869,2,603.645,GBP
2010-01-15 00:00:00,2010-01-18 00:00:00,797,93536,1,301.8225,USD
2010-01-15 00:00:00,2010-01-18 00:00:00,797,94565,1,301.8225,GBP
2010-01-15 00:00:00,2010-01-18 00:00:00,797,94924,1,301.8225,USD
2010-01-15 00:00:00,2010-01-18 00:00:00,797,95062,1,301.8225,GBP
2010-01-15 00:00:00,2010-01-18 00:00:00,797,95249,1,301.8225,USD
2010-01-15 00:00:00,2010-01-18 00:00:00,797,95363,1,301.8225,GBP
2010-01-15 00:00:00,2010-01-18 00:00:00,797,95404,1,301.8225,GBP
2010-01-15 00:00:00,2010-01-18 00:00:00,797,96145,1,301.8225,USD
2010-01-15 00:00:00,2010-01-18 00:00:00,797,97007,1,301.8225,GBP
2010-01-15 00:00:00,2010-01-18 00:00:00,800,90045,1,257.1975,USD
2010-01-15 00:00:00,2010-01-18 00:00:00,823,32904,1,619.4475,GBP
2010-01-15 00:00:00,2010-01-18 00:00:00,823,94038,1,619.4475,GBP
2010-01-15 00:00:00,2010-01-18 00:00:00,837,19973,1,813.6975,USD
2010-01-15 00:00:00,2010-01-18 00:00:00,837,71047,1,813.6975,USD
2010-01-15 00:00:00,2010-01-18 00:00:00,838,55112,1,944.9475,USD
2010-01-15 00:00:00,2010-01-18 00:00:00,838,74147,1,934.4475,GBP
2010-01-15 00:00:00,2010-01-18 00:00:00,838,75789,2,1884.645,USD
2010-01-15 00:00:00,2010-01-18 00:00:00,838,85225,1,934.4475,USD
2010-01-15 00:00:00,2010-01-18 00:00:00,838,86017,1,944.9475,USD
2010-01-15 00:00:00,2010-01-18 00:00:00,838,89423,1,944.9475,USD
2010-01-15 00:00:00,2010-01-18 00:00:00,838,92833,1,934.4475,USD
2010-01-15 00:00:00,2010-01-18 00:00:00,838,97076,1,929.1975,GBP
2010-01-15 00:00:00,2010-01-18 00:00:00,838,99654,1,929.1975,USD
2010-01-15 00:00:00,2010-01-18 00:00:00,843,91730,1,551.1975,GBP
2010-01-15 00:00:00,2010-01-18 00:00:00,847,71446,1,577.4475,GBP
2010-01-15 00:00:00,2010-01-18 00:00:00,852,34470,1,771.6975,GBP
2010-01-15 00:00:00,2010-01-18 00:00:00,852,77521,1,771.6975,GBP
2010-01-15 00:00:00,2010-01-18 00:00:00,853,39110,1,456.6975,USD
2010-01-15 00:00:00,2010-01-18 00:00:00,853,94563,1,456.6975,USD
2010-01-15 00:00:00,2010-01-18 00:00:00,862,72616,1,304.4475,GBP
2010-01-15 00:00:00,2010-01-18 00:00:00,862,76001,1,209.9475,GBP
2010-01-15 00:00:00,2010-01-18 00:00:00,901,33312,1,409.4475,USD
2010-01-15 00:00:00,2010-01-18 00:00:00,901,34208,1,409.4475,GBP
2010-01-15 00:00:00,2010-01-18 00:00:00,901,36067,1,409.4475,USD
2010-01-15 00:00:00,2010-01-18 00:00:00,901,46240,1,818.895,GBP
2010-01-15 00:00:00,2010-01-18 00:00:00,901,46240,1,409.4475,USD
2010-01-15 00:00:00,2010-01-18 00:00:00,901,77356,1,409.4475,USD
2010-01-15 00:00:00,2010-01-18 00:00:00,901,89108,1,409.4475,GBP
2010-01-15 00:00:00,2010-01-18 00:00:00,901,92118,1,409.4475,GBP
2010-01-15 00:00:00,2010-01-18 00:00:00,910,85331,1,414.6975,USD
2010-01-15 00:00:00,2010-01-18 00:00:00,914,35212,1,603.6975,GBP
2010-01-15 00:00:00,2010-01-18 00:00:00,921,39154,1,524.9475,GBP
2010-01-15 00:00:00,2010-01-18 00:00:00,921,90501,1,524.9475,USD
2010-01-15 00:00:00,2010-01-18 00:00:00,921,91205,1,519.6975,GBP
2010-01-15 00:00:00,2010-01-18 00:00:00,921,91351,1,524.9475,USD
2010-01-15 00:00:00,2010-01-18 00:00:00,922,29054,1,472.4475,USD
2010-01-15 00:00:00,2010-01-18 00:00:00,922,34108,1,472.4475,GBP
2010-01-15 00:00:00,2010-01-18 00:00:00,922,35803,1,472.4475,USD
2010-01-15 00:00:00,2010-01-18 00:00:00,922,42303,1,472.4475,USD
2010-01-15 00:00:00,2010-01-18 00:00:00,922,91301,1,472.4475,USD
2010-01-15 00:00:00,2010-01-18 00:00:00,922,92227,1,472.4475,USD
2010-01-15 00:00:00,2010-01-18 00:00:00,922,94404,1,472.4475,USD
2010-01-15 00:00:00,2010-01-18 00:00:00,932,75248,1,430.4475,USD
2010-01-15 00:00:00,2010-01-18 00:00:00,936,02066,1,498.6975,GBP
2010-01-15 00:00:00,2010-01-18 00:00:00,936,32225,1,498.6975,USD
2010-01-15 00:00:00,2010-01-18 00:00:00,936,32303,1,498.6975,GBP
2010-01-15 00:00:00,2010-01-18 00:00:00,936,37909,1,498.6975,GBP
2010-01-15 00:00:00,2010-01-18 00:00:00,936,68516,1,498.6975,USD
2010-01-15 00:00:00,2010-01-18 00:00:00,936,87107,1,498.6975,GBP
2010-01-15 00:00:00,2010-01-18 00:00:00,936,92126,1,498.6975,GBP
2010-01-15 00:00:00,2010-01-18 00:00:00,940,33483,1,671.9475,GBP
2010-01-15 00:00:00,2010-01-18 00:00:00,940,34668,1,687.6975,USD
2010-01-15 00:00:00,2010-01-18 00:00:00,940,36106,1,687.6975,GBP
2010-01-15 00:00:00,2010-01-18 00:00:00,940,78749,1,687.6975,GBP
2010-01-15 00:00:00,2010-01-18 00:00:00,962,34613,1,524.9475,GBP
2010-01-15 00:00:00,2010-01-18 00:00:00,962,55031,1,524.9475,GBP
2010-01-15 00:00:00,2010-01-18 00:00:00,962,77056,1,509.1975,USD
2010-01-15 00:00:00,2010-01-18 00:00:00,964,07016,1,356.9475,GBP
2010-01-15 00:00:00,2010-01-18 00:00:00,964,07869,1,346.4475,GBP
2010-01-15 00:00:00,2010-01-18 00:00:00,964,33139,2,692.895,GBP
2010-01-15 00:00:00,2010-01-18 00:00:00,964,35645,1,356.9475,USD
2010-01-15 00:00:00,2010-01-18 00:00:00,964,37617,1,346.4475,GBP
2010-01-15 00:00:00,2010-01-18 00:00:00,964,63456,1,346.4475,USD
2010-01-15 00:00:00,2010-01-18 00:00:00,964,74021,1,346.4475,GBP
2010-01-15 00:00:00,2010-01-18 00:00:00,964,75093,1,346.4475,USD
2010-01-15 00:00:00,2010-01-18 00:00:00,964,79512,1,356.9475,USD
2010-01-15 00:00:00,2010-01-18 00:00:00,964,92506,1,346.4475,USD
2010-01-15 00:00:00,2010-01-18 00:00:00,964,94043,1,356.9475,GBP
2010-01-15 00:00:00,2010-01-18 00:00:00,979,21014,1,393.6975,GBP
2010-01-15 00:00:00,2010-01-18 00:00:00,979,33068,1,409.4475,GBP
2010-01-15 00:00:00,2010-01-18 00:00:00,979,91355,1,409.4475,USD
2010-01-15 00:00:00,2010-01-18 00:00:00,979,92107,1,409.4475,GBP
2010-01-15 00:00:00,2010-01-18 00:00:00,981,07432,1,167.9475,GBP
2010-01-15 00:00:00,2010-01-18 00:00:00,981,21771,1,209.9475,USD
2010-01-15 00:00:00,2010-01-18 00:00:00,981,29803,1,157.4475,GBP
2010-01-15 00:00:00,2010-01-18 00:00:00,981,34448,1,157.4475,GBP
2010-01-15 00:00:00,2010-01-18 00:00:00,981,35217,1,157.4475,USD
2010-01-15 00:00:00,2010-01-18 00:00:00,981,39482,1,167.9475,GBP
2010-01-15 00:00:00,2010-01-18 00:00:00,981,72762,1,167.9475,USD
2010-01-15 00:00:00,2010-01-18 00:00:00,981,77057,1,157.4475,GBP
2010-01-15 00:00:00,2010-01-18 00:00:00,981,77064,1,157.4475,USD
2010-01-15 00:00:00,2010-01-18 00:00:00,981,77083,1,157.4475,GBP
2010-01-15 00:00:00,2010-01-18 00:00:00,981,85255,1,157.4475,GBP
2010-01-15 00:00:00,2010-01-18 00:00:00,981,85603,1,157.4475,USD
2010-01-15 00:00:00,2010-01-18 00:00:00,981,92363,1,157.4475,USD
2010-01-15 00:00:00,2010-01-18 00:00:00,981,92804,1,209.9475,GBP
2010-01-15 00:00:00,2010-01-18 00:00:00,981,92806,1,167.9475,GBP
2010-01-15 00:00:00,2010-01-18 00:00:00,988,35226,1,393.6975,USD
2010-01-15 00:00:00,2010-01-18 00:00:00,989,39503,1,451.4475,USD
2010-01-15 00:00:00,2010-01-18 00:00:00,989,41749,1,1354.3425,GBP
2010-01-15 00:00:00,2010-01-18 00:00:00,989,41749,1,451.4475,USD
2010-01-15 00:00:00,2010-01-18 00:00:00,989,95118,1,467.1975,GBP
2010-01-15 00:00:00,2010-01-18 00:00:00,990,33037,1,530.1975,USD
2010-01-15 00:00:00,2010-01-18 00:00:00,990,53209,1,482.9475,GBP
2010-01-15 00:00:00,2010-01-18 00:00:00,992,33126,1,288.6975,USD
2010-01-15 00:00:00,2010-01-18 00:00:00,992,33177,1,278.1975,GBP
2010-01-15 00:00:00,2010-01-18 00:00:00,992,33184,1,278.1975,GBP
2010-01-15 00:00:00,2010-01-18 00:00:00,992,42754,1,278.1975,USD
2010-01-15 00:00:00,2010-01-18 00:00:00,992,63074,1,288.6975,USD
2010-01-15 00:00:00,2010-01-18 00:00:00,992,77450,1,278.1975,USD
2010-01-15 00:00:00,2010-01-18 00:00:00,992,93561,1,314.9475,USD
2010-01-15 00:00:00,2010-01-18 00:00:00,992,97217,1,314.9475,USD
2010-01-15 00:00:00,2010-01-18 00:00:00,1003,32778,1,86.5725,GBP
2010-01-15 00:00:00,2010-01-18 00:00:00,1003,37207,1,86.5725,GBP
2010-01-15 00:00:00,2010-01-18 00:00:00,1003,38329,1,86.5725,USD
2010-01-15 00:00:00,2010-01-18 00:00:00,1003,41831,1,86.5725,GBP
2010-01-15 00:00:00,2010-01-18 00:00:00,1003,46017,1,86.5725,USD
2010-01-15 00:00:00,2010-01-18 00:00:00,1003,72160,1,86.5725,GBP
2010-01-15 00:00:00,2010-01-18 00:00:00,1003,72401,2,173.145,USD
2010-01-15 00:00:00,2010-01-18 00:00:00,1005,07722,1,107.5725,GBP
2010-01-15 00:00:00,2010-01-18 00:00:00,1005,33316,2,215.145,GBP
2010-01-15 00:00:00,2010-01-18 00:00:00,1005,37130,1,107.5725,GBP
2010-01-15 00:00:00,2010-01-18 00:00:00,1005,37172,1,107.5725,USD
2010-01-15 00:00:00,2010-01-18 00:00:00,1005,39042,1,107.5725,USD
2010-01-15 00:00:00,2010-01-18 00:00:00,1005,40502,1,107.5725,GBP
2010-01-15 00:00:00,2010-01-18 00:00:00,1005,72143,1,107.5725,USD
2010-01-15 00:00:00,2010-01-18 00:00:00,1005,78751,1,107.5725,USD
2010-01-15 00:00:00,2010-01-18 00:00:00,1005,84010,1,107.5725,USD
2010-01-15 00:00:00,2010-01-18 00:00:00,1005,91307,1,107.5725,GBP
2010-01-15 00:00:00,2010-01-18 00:00:00,1008,37918,1,236.1975,GBP
2010-01-15 00:00:00,2010-01-18 00:00:00,1008,88201,1,236.1975,GBP
2010-01-15 00:00:00,2010-01-18 00:00:00,1008,94901,1,236.1975,GBP
2010-01-15 00:00:00,2010-01-18 00:00:00,1008,95116,1,236.1975,GBP
2010-01-15 00:00:00,2010-01-18 00:00:00,1014,06460,1,86.5725,USD
2010-01-15 00:00:00,2010-01-18 00:00:00,1014,40177,1,86.5725,GBP
2010-01-15 00:00:00,2010-01-18 00:00:00,1014,53032,1,86.5725,GBP
2010-01-15 00:00:00,2010-01-18 00:00:00,1045,93405,1,207.3225,USD
2010-01-15 00:00:00,2010-01-18 00:00:00,1045,94538,1,207.3225,GBP
2010-01-15 00:00:00,2010-01-18 00:00:00,1046,07417,1,99.6975,GBP
2010-01-15 00:00:00,2010-01-18 00:00:00,1046,35405,1,99.6975,GBP
2010-01-15 00:00:00,2010-01-18 00:00:00,1046,46113,1,99.6975,USD
2010-01-15 00:00:00,2010-01-18 00:00:00,1046,55927,1,99.6975,GBP
2010-01-15 00:00:00,2010-01-18 00:00:00,1046,66441,2,199.395,GBP
2010-01-15 00:00:00,2010-01-18 00:00:00,1046,67871,1,99.6975,GBP
2010-01-15 00:00:00,2010-01-18 00:00:00,1046,74421,1,99.6975,USD
2010-01-15 00:00:00,2010-01-18 00:00:00,1046,78644,1,99.6975,USD
2010-01-15 00:00:00,2010-01-18 00:00:00,1053,21236,1,251.9475,GBP
2010-01-15 00:00:00,2010-01-18 00:00:00,1053,29607,1,251.9475,USD
2010-01-15 00:00:00,2010-01-18 00:00:00,1053,54151,1,251.9475,GBP
2010-01-15 00:00:00,2010-01-18 00:00:00,1053,73069,1,251.9475,USD
2010-01-15 00:00:00,2010-01-18 00:00:00,1053,95303,1,251.9475,USD
2010-01-15 00:00:00,2010-01-18 00:00:00,1053,95602,1,251.9475,USD
2010-01-15 00:00:00,2010-01-18 00:00:00,1063,70737,1,233.5725,USD
2010-01-15 00:00:00,2010-01-18 00:00:00,1063,92028,1,233.5725,USD
2010-01-15 00:00:00,2010-01-18 00:00:00,1065,07731,1,296.5725,USD
2010-01-15 00:00:00,2010-01-18 00:00:00,1065,08610,1,296.5725,GBP
2010-01-15 00:00:00,2010-01-18 00:00:00,1065,29116,1,296.5725,USD
2010-01-15 00:00:00,2010-01-18 00:00:00,1065,50060,1,296.5725,GBP
2010-01-15 00:00:00,2010-01-18 00:00:00,1065,57783,1,296.5725,GBP
2010-01-15 00:00:00,2010-01-18 00:00:00,1065,64804,1,296.5725,GBP
2010-01-15 00:00:00,2010-01-18 00:00:00,1065,69339,1,296.5725,USD
2010-01-15 00:00:00,2010-01-18 00:00:00,1065,70433,1,296.5725,USD
2010-01-15 00:00:00,2010-01-18 00:00:00,1065,76126,1,296.5725,USD
2010-01-15 00:00:00,2010-01-18 00:00:00,1065,76201,2,593.145,USD
2010-01-15 00:00:00,2010-01-18 00:00:00,1065,76240,1,296.5725,GBP
2010-01-15 00:00:00,2010-01-18 00:00:00,1065,78219,1,293.9475,USD
2010-01-15 00:00:00,2010-01-18 00:00:00,1065,83245,1,296.5725,USD
2010-01-15 00:00:00,2010-01-18 00:00:00,1065,83642,1,296.5725,USD
2010-01-15 00:00:00,2010-01-18 00:00:00,1065,83647,1,296.5725,USD
2010-01-15 00:00:00,2010-01-18 00:00:00,1065,83704,1,296.5725,USD
2010-01-15 00:00:00,2010-01-18 00:00:00,1065,85502,1,296.5725,USD
2010-01-15 00:00:00,2010-01-18 00:00:00,1065,86446,1,296.5725,USD
2010-01-15 00:00:00,2010-01-18 00:00:00,1065,89301,1,296.5725,USD
2010-01-15 00:00:00,2010-01-18 00:00:00,1065,90066,1,296.5725,USD
2010-01-15 00:00:00,2010-01-18 00:00:00,1065,92314,1,296.5725,USD
2010-01-15 00:00:00,2010-01-18 00:00:00,1065,92407,1,296.5725,USD
2010-01-15 00:00:00,2010-01-18 00:00:00,1065,93065,1,296.5725,USD
2010-01-15 00:00:00,2010-01-18 00:00:00,1065,93308,1,296.5725,USD
2010-01-15 00:00:00,2010-01-18 00:00:00,1065,94947,1,296.5725,GBP
2010-01-15 00:00:00,2010-01-18 00:00:00,1065,94954,1,296.5725,USD
2010-01-15 00:00:00,2010-01-18 00:00:00,1065,95117,1,296.5725,GBP
2010-01-15 00:00:00,2010-01-18 00:00:00,1065,95426,1,296.5725,GBP
2010-01-15 00:00:00,2010-01-18 00:00:00,1066,07417,1,296.5725,GBP
2010-01-15 00:00:00,2010-01-18 00:00:00,1066,07438,1,296.5725,GBP
2010-01-15 00:00:00,2010-01-18 00:00:00,1066,07731,1,296.5725,GBP
2010-01-15 00:00:00,2010-01-18 00:00:00,1066,21030,1,296.5725,GBP
2010-01-15 00:00:00,2010-01-18 00:00:00,1066,33463,1,296.5725,USD
2010-01-15 00:00:00,2010-01-18 00:00:00,1066,36608,1,296.5725,GBP
2010-01-15 00:00:00,2010-01-18 00:00:00,1066,42071,1,296.5725,USD
2010-01-15 00:00:00,2010-01-18 00:00:00,1066,46628,1,296.5725,USD
2010-01-15 00:00:00,2010-01-18 00:00:00,1066,58801,1,296.5725,GBP
2010-01-15 00:00:00,2010-01-18 00:00:00,1066,72856,1,296.5725,GBP
2010-01-15 00:00:00,2010-01-18 00:00:00,1066,75034,1,296.5725,GBP
2010-01-15 00:00:00,2010-01-18 00:00:00,1066,76137,1,296.5725,GBP
2010-01-15 00:00:00,2010-01-18 00:00:00,1066,76305,1,296.5725,GBP
2010-01-15 00:00:00,2010-01-18 00:00:00,1066,77345,1,296.5725,USD
2010-01-15 00:00:00,2010-01-18 00:00:00,1066,77546,1,296.5725,GBP
2010-01-15 00:00:00,2010-01-18 00:00:00,1066,78263,1,296.5725,GBP
2010-01-15 00:00:00,2010-01-18 00:00:00,1066,82001,1,296.5725,GBP
2010-01-15 00:00:00,2010-01-18 00:00:00,1066,82070,1,296.5725,GBP
2010-01-15 00:00:00,2010-01-18 00:00:00,1066,83704,1,296.5725,USD
2010-01-15 00:00:00,2010-01-18 00:00:00,1066,84628,1,296.5725,GBP
2010-01-15 00:00:00,2010-01-18 00:00:00,1066,84663,1,296.5725,GBP
2010-01-15 00:00:00,2010-01-18 00:00:00,1066,85040,1,296.5725,GBP
2010-01-15 00:00:00,2010-01-18 00:00:00,1066,89110,2,593.145,USD
2010-01-15 00:00:00,2010-01-18 00:00:00,1066,89121,1,296.5725,GBP
2010-01-15 00:00:00,2010-01-18 00:00:00,1066,89450,1,296.5725,GBP
2010-01-15 00:00:00,2010-01-18 00:00:00,1066,89706,1,296.5725,GBP
2010-01-15 00:00:00,2010-01-18 00:00:00,1066,91906,1,296.5725,GBP
2010-01-15 00:00:00,2010-01-18 00:00:00,1066,92225,1,296.5725,GBP
2010-01-15 00:00:00,2010-01-18 00:00:00,1066,92345,1,296.5725,GBP
2010-01-15 00:00:00,2010-01-18 00:00:00,1066,92407,1,296.5725,GBP
2010-01-15 00:00:00,2010-01-18 00:00:00,1066,93065,1,296.5725,USD
2010-01-15 00:00:00,2010-01-18 00:00:00,1066,95315,1,296.5725,GBP
2010-01-15 00:00:00,2010-01-18 00:00:00,1066,97801,1,296.5725,GBP
2010-01-15 00:00:00,2010-01-18 00:00:00,1071,83709,1,209.9475,USD
2010-01-15 00:00:00,2010-01-18 00:00:00,1079,29653,1,262.4475,GBP
2010-01-15 00:00:00,2010-01-18 00:00:00,1079,29654,1,262.4475,GBP
2010-01-15 00:00:00,2010-01-18 00:00:00,1079,35005,1,262.4475,GBP
2010-01-15 00:00:00,2010-01-18 00:00:00,1079,85044,1,262.4475,GBP
2010-01-15 00:00:00,2010-01-18 00:00:00,1079,89703,1,262.4475,GBP
2010-01-15 00:00:00,2010-01-18 00:00:00,1079,92064,1,262.4475,GBP
2010-01-15 00:00:00,2010-01-18 00:00:00,1081,72921,1,225.6975,GBP
2010-01-15 00:00:00,2010-01-18 00:00:00,1081,97040,1,225.6975,GBP
2010-01-15 00:00:00,2010-01-18 00:00:00,1081,97108,1,225.6975,USD
2010-01-15 00:00:00,2010-01-18 00:00:00,1082,39576,1,225.6975,USD
2010-01-15 00:00:00,2010-01-18 00:00:00,1082,86001,1,225.6975,USD
2010-01-15 00:00:00,2010-01-18 00:00:00,1082,97040,1,225.6975,GBP
2010-01-15 00:00:00,2010-01-18 00:00:00,1092,59714,1,167.9475,GBP
2010-01-15 00:00:00,2010-01-18 00:00:00,1105,20711,1,246.6975,GBP
2010-01-15 00:00:00,2010-01-18 00:00:00,1105,33936,1,246.6975,USD
2010-01-15 00:00:00,2010-01-18 00:00:00,1105,42420,1,246.6975,USD
2010-01-15 00:00:00,2010-01-18 00:00:00,1105,47807,1,246.6975,GBP
2010-01-15 00:00:00,2010-01-18 00:00:00,1105,47807,1,493.395,USD
2010-01-15 00:00:00,2010-01-18 00:00:00,1105,63123,1,246.6975,USD
2010-01-15 00:00:00,2010-01-18 00:00:00,1105,65803,1,246.6975,USD
2010-01-15 00:00:00,2010-01-18 00:00:00,1105,76116,1,246.6975,USD
2010-01-15 00:00:00,2010-01-18 00:00:00,1105,89104,1,246.6975,USD
2010-01-15 00:00:00,2010-01-18 00:00:00,1105,90631,1,246.6975,USD
2010-01-15 00:00:00,2010-01-18 00:00:00,1105,91320,1,246.6975,GBP
2010-01-15 00:00:00,2010-01-18 00:00:00,1105,94552,1,246.6975,GBP
2010-01-15 00:00:00,2010-01-18 00:00:00,1106,33936,1,246.6975,USD
2010-01-15 00:00:00,2010-01-18 00:00:00,1106,47807,1,246.6975,USD
2010-01-15 00:00:00,2010-01-18 00:00:00,1106,73108,1,246.6975,USD
2010-01-15 00:00:00,2010-01-18 00:00:00,1106,75119,1,246.6975,USD
2010-01-15 00:00:00,2010-01-18 00:00:00,1106,77445,1,246.6975,USD
2010-01-15 00:00:00,2010-01-18 00:00:00,1106,90241,1,246.6975,USD
2010-01-15 00:00:00,2010-01-18 00:00:00,1106,90631,1,246.6975,GBP
2010-01-15 00:00:00,2010-01-18 00:00:00,1106,92314,2,493.395,USD
2010-01-15 00:00:00,2010-01-18 00:00:00,1106,92345,1,246.6975,USD
2010-01-15 00:00:00,2010-01-18 00:00:00,1106,92346,1,246.6975,USD
2010-01-15 00:00:00,2010-01-18 00:00:00,1106,94061,1,246.6975,USD
2010-01-15 00:00:00,2010-01-18 00:00:00,1106,97338,1,246.6975,USD
2010-01-15 00:00:00,2010-01-18 00:00:00,1106,97504,1,246.6975,GBP
2010-01-15 00:00:00,2010-01-18 00:00:00,1109,29412,1,209.9475,GBP
2010-01-15 00:00:00,2010-01-18 00:00:00,1109,72223,1,209.9475,GBP
2010-01-15 00:00:00,2010-01-18 00:00:00,1109,72638,1,209.9475,USD
2010-01-15 00:00:00,2010-01-18 00:00:00,1109,75181,1,209.9475,GBP
2010-01-15 00:00:00,2010-01-18 00:00:00,1109,85022,2,419.895,GBP
2010-01-15 00:00:00,2010-01-18 00:00:00,1109,95303,1,223.0725,USD
2010-01-15 00:00:00,2010-01-18 00:00:00,1109,97404,1,209.9475,GBP
2010-01-15 00:00:00,2010-01-18 00:00:00,1110,06057,1,209.9475,USD
2010-01-15 00:00:00,2010-01-18 00:00:00,1110,29412,1,209.9475,USD
2010-01-15 00:00:00,2010-01-18 00:00:00,1110,95436,1,209.9475,GBP
2010-01-15 00:00:00,2010-01-18 00:00:00,1111,02301,1,116.4975,GBP
2010-01-15 00:00:00,2010-01-18 00:00:00,1111,32244,1,116.4975,USD
2010-01-15 00:00:00,2010-01-18 00:00:00,1111,32765,1,116.4975,GBP
2010-01-15 00:00:00,2010-01-18 00:00:00,1111,46910,1,116.4975,GBP
2010-01-15 00:00:00,2010-01-18 00:00:00,1111,52722,1,116.4975,GBP
2010-01-15 00:00:00,2010-01-18 00:00:00,1111,54113,1,116.4975,USD
2010-01-15 00:00:00,2010-01-18 00:00:00,1111,63383,1,116.4975,GBP
2010-01-15 00:00:00,2010-01-18 00:00:00,1111,79605,1,116.4975,GBP
2010-01-15 00:00:00,2010-01-18 00:00:00,1111,83202,1,116.4975,GBP
2010-01-15 00:00:00,2010-01-18 00:00:00,1111,83703,1,116.4975,GBP
2010-01-15 00:00:00,2010-01-18 00:00:00,1111,87105,1,116.4975,GBP
2010-01-15 00:00:00,2010-01-18 00:00:00,1111,89031,1,116.4975,GBP
2010-01-15 00:00:00,2010-01-18 00:00:00,1111,95122,1,116.4975,GBP
2010-01-15 00:00:00,2010-01-18 00:00:00,1112,02301,1,116.4975,GBP
2010-01-15 00:00:00,2010-01-18 00:00:00,1112,26164,1,116.4975,GBP
2010-01-15 00:00:00,2010-01-18 00:00:00,1112,29627,1,116.4975,USD
2010-01-15 00:00:00,2010-01-18 00:00:00,1112,33326,1,116.4975,GBP
2010-01-15 00:00:00,2010-01-18 00:00:00,1112,46510,1,116.4975,GBP
2010-01-15 00:00:00,2010-01-18 00:00:00,1112,54113,1,116.4975,GBP
2010-01-15 00:00:00,2010-01-18 00:00:00,1112,70053,1,116.4975,GBP
2010-01-15 00:00:00,2010-01-18 00:00:00,1112,75647,1,116.4975,GBP
2010-01-15 00:00:00,2010-01-18 00:00:00,1112,76088,1,116.4975,GBP
2010-01-15 00:00:00,2010-01-18 00:00:00,1112,77573,1,116.4975,USD
2010-01-15 00:00:00,2010-01-18 00:00:00,1112,77587,1,116.4975,GBP
2010-01-15 00:00:00,2010-01-18 00:00:00,1112,85022,1,116.4975,GBP
2010-01-15 00:00:00,2010-01-18 00:00:00,1112,85222,1,116.4975,GBP
2010-01-15 00:00:00,2010-01-18 00:00:00,1112,90277,1,116.4975,GBP
2010-01-15 00:00:00,2010-01-18 00:00:00,1112,92399,3,349.4925,USD
2010-01-15 00:00:00,2010-01-18 00:00:00,1112,92673,1,116.4975,GBP
2010-01-15 00:00:00,2010-01-18 00:00:00,1112,95688,1,116.4975,GBP
2010-01-15 00:00:00,2010-01-18 00:00:00,1116,02852,1,251.9475,USD
2010-01-15 00:00:00,2010-01-18 00:00:00,1116,07866,1,251.9475,USD
2010-01-15 00:00:00,2010-01-18 00:00:00,1116,08098,1,251.9475,GBP
2010-01-15 00:00:00,2010-01-18 00:00:00,1116,29341,1,251.9475,USD
2010-01-15 00:00:00,2010-01-18 00:00:00,1116,33406,1,251.9475,GBP
2010-01-15 00:00:00,2010-01-18 00:00:00,1116,34239,2,503.895,GBP
2010-01-15 00:00:00,2010-01-18 00:00:00,1116,35907,1,251.9475,GBP
2010-01-15 00:00:00,2010-01-18 00:00:00,1116,37803,1,251.9475,USD
2010-01-15 00:00:00,2010-01-18 00:00:00,1116,42071,1,251.9475,GBP
2010-01-15 00:00:00,2010-01-18 00:00:00,1116,50313,1,251.9475,USD
2010-01-15 00:00:00,2010-01-18 00:00:00,1116,58402,1,251.9475,USD
2010-01-15 00:00:00,2010-01-18 00:00:00,1116,75020,1,251.9475,GBP
2010-01-15 00:00:00,2010-01-18 00:00:00,1116,84601,1,251.9475,GBP
2010-01-15 00:00:00,2010-01-18 00:00:00,1116,89410,1,251.9475,USD
2010-01-15 00:00:00,2010-01-18 00:00:00,1116,90808,2,503.895,GBP
2010-01-15 00:00:00,2010-01-18 00:00:00,1116,92317,1,251.9475,USD
2010-01-15 00:00:00,2010-01-18 00:00:00,1116,93446,1,251.9475,USD
2010-01-15 00:00:00,2010-01-18 00:00:00,1120,07675,1,173.1975,GBP
2010-01-15 00:00:00,2010-01-18 00:00:00,1120,21037,1,519.5925,USD
2010-01-15 00:00:00,2010-01-18 00:00:00,1120,29154,1,173.1975,GBP
2010-01-15 00:00:00,2010-01-18 00:00:00,1120,58801,1,173.1975,GBP
2010-01-15 00:00:00,2010-01-18 00:00:00,1120,76513,1,173.1975,GBP
2010-01-15 00:00:00,2010-01-18 00:00:00,1120,77505,1,173.1975,GBP
2010-01-15 00:00:00,2010-01-18 00:00:00,1122,02777,1,157.4475,GBP
2010-01-15 00:00:00,2010-01-18 00:00:00,1122,33145,1,157.4475,USD
2010-01-15 00:00:00,2010-01-18 00:00:00,1122,33703,1,157.4475,GBP
2010-01-15 00:00:00,2010-01-18 00:00:00,1122,34480,1,157.4475,USD
2010-01-15 00:00:00,2010-01-18 00:00:00,1122,38302,1,157.4475,USD
2010-01-15 00:00:00,2010-01-18 00:00:00,1122,46738,1,157.4475,GBP
2010-01-15 00:00:00,2010-01-18 00:00:00,1122,67203,1,157.4475,USD
2010-01-15 00:00:00,2010-01-18 00:00:00,1122,71749,1,157.4475,GBP
2010-01-15 00:00:00,2010-01-18 00:00:00,1122,74017,1,157.4475,USD
2010-01-15 00:00:00,2010-01-18 00:00:00,1122,76052,2,314.895,GBP
2010-01-15 00:00:00,2010-01-18 00:00:00,1122,84741,1,157.4475,USD
2010-01-15 00:00:00,2010-01-18 00:00:00,1122,90670,1,157.4475,GBP
2010-01-15 00:00:00,2010-01-18 00:00:00,1122,94550,1,157.4475,GBP
2010-01-15 00:00:00,2010-01-18 00:00:00,1122,94553,1,157.4475,USD
2010-01-15 00:00:00,2010-01-18 00:00:00,1131,72712,1,419.9475,GBP
2010-01-15 00:00:00,2010-01-18 00:00:00,1131,94509,1,419.9475,GBP
2010-01-15 00:00:00,2010-01-18 00:00:00,1131,95382,1,419.9475,GBP
2010-01-15 00:00:00,2010-01-18 00:00:00,1132,02893,1,629.9475,USD
2010-01-15 00:00:00,2010-01-18 00:00:00,1132,33196,1,629.9475,GBP
2010-01-15 00:00:00,2010-01-18 00:00:00,1132,46825,1,629.9475,USD
2010-01-15 00:00:00,2010-01-18 00:00:00,1132,70774,1,629.9475,USD
2010-01-15 00:00:00,2010-01-18 00:00:00,1132,72916,1,629.9475,USD
2010-01-15 00:00:00,2010-01-18 00:00:00,1132,73160,1,629.9475,USD
2010-01-15 00:00:00,2010-01-18 00:00:00,1132,75606,1,629.9475,GBP
2010-01-15 00:00:00,2010-01-18 00:00:00,1132,85202,1,629.9475,GBP
2010-01-15 00:00:00,2010-01-18 00:00:00,1132,93065,1,629.9475,USD
2010-01-15 00:00:00,2010-01-18 00:00:00,1133,08724,1,629.9475,GBP
2010-01-15 00:00:00,2010-01-18 00:00:00,1133,78408,1,629.9475,GBP
2010-01-15 00:00:00,2010-01-18 00:00:00,1133,92020,1,629.9475,GBP
2010-01-15 00:00:00,2010-01-18 00:00:00,1133,92508,1,629.9475,GBP
2010-01-15 00:00:00,2010-01-18 00:00:00,1157,02842,1,377.9475,USD
2010-01-15 00:00:00,2010-01-18 00:00:00,1157,06877,1,377.9475,GBP
2010-01-15 00:00:00,2010-01-18 00:00:00,1157,07826,1,377.9475,USD
2010-01-15 00:00:00,2010-01-18 00:00:00,1157,08817,1,377.9475,USD
2010-01-15 00:00:00,2010-01-18 00:00:00,1157,20748,1,377.9475,GBP
2010-01-15 00:00:00,2010-01-18 00:00:00,1157,29365,1,377.9475,USD
2010-01-15 00:00:00,2010-01-18 00:00:00,1157,32266,1,377.9475,GBP
2010-01-15 00:00:00,2010-01-18 00:00:00,1157,33186,1,377.9475,GBP
2010-01-15 00:00:00,2010-01-18 00:00:00,1157,36010,1,377.9475,USD
2010-01-15 00:00:00,2010-01-18 00:00:00,1157,37409,1,377.9475,GBP
2010-01-15 00:00:00,2010-01-18 00:00:00,1157,55014,1,377.9475,USD
2010-01-15 00:00:00,2010-01-18 00:00:00,1157,76011,1,377.9475,USD
2010-01-15 00:00:00,2010-01-18 00:00:00,1166,78582,1,535.4475,GBP
2010-01-15 00:00:00,2010-01-18 00:00:00,1166,92804,1,535.4475,GBP
2010-01-15 00:00:00,2010-01-18 00:00:00,1168,94010,1,367.4475,USD
2010-01-15 00:00:00,2010-01-18 00:00:00,1168,94583,1,383.1975,GBP
2010-01-15 00:00:00,2010-01-18 00:00:00,1169,95037,1,435.6975,USD
2010-01-15 00:00:00,2010-01-18 00:00:00,1169,95118,1,419.9475,GBP
2010-01-15 00:00:00,2010-01-18 00:00:00,1173,21801,1,524.9475,GBP
2010-01-15 00:00:00,2010-01-18 00:00:00,1173,32209,1,524.9475,GBP
2010-01-15 00:00:00,2010-01-18 00:00:00,1173,42103,1,524.9475,GBP
2010-01-15 00:00:00,2010-01-18 00:00:00,1173,42103,1,1049.895,USD
2010-01-15 00:00:00,2010-01-18 00:00:00,1173,58763,1,524.9475,GBP
2010-01-15 00:00:00,2010-01-18 00:00:00,1173,70058,1,524.9475,GBP
2010-01-15 00:00:00,2010-01-18 00:00:00,1173,70121,1,524.9475,USD
2010-01-15 00:00:00,2010-01-18 00:00:00,1173,73071,1,524.9475,GBP
2010-01-15 00:00:00,2010-01-18 00:00:00,1173,74012,1,524.9475,USD
2010-01-15 00:00:00,2010-01-18 00:00:00,1173,75022,1,524.9475,GBP
2010-01-15 00:00:00,2010-01-18 00:00:00,1173,76120,1,524.9475,GBP
2010-01-15 00:00:00,2010-01-18 00:00:00,1173,95131,1,524.9475,GBP
2010-01-15 00:00:00,2010-01-18 00:00:00,1182,37207,1,157.4475,USD
2010-01-15 00:00:00,2010-01-18 00:00:00,1182,40206,1,157.4475,GBP
2010-01-15 00:00:00,2010-01-18 00:00:00,1182,70043,1,157.4475,USD
2010-01-15 00:00:00,2010-01-18 00:00:00,1182,70122,1,157.4475,GBP
2010-01-15 00:00:00,2010-01-18 00:00:00,1182,73064,1,157.4475,USD
2010-01-15 00:00:00,2010-01-18 00:00:00,1182,92376,1,157.4475,USD
2010-01-15 00:00:00,2010-01-18 00:00:00,1182,93906,1,157.4475,GBP
2010-01-15 00:00:00,2010-01-18 00:00:00,1182,95134,1,157.4475,GBP
2010-01-15 00:00:00,2010-01-18 00:00:00,1185,33065,1,419.9475,GBP
2010-01-15 00:00:00,2010-01-18 00:00:00,1185,77801,1,419.9475,USD
2010-01-15 00:00:00,2010-01-18 00:00:00,1185,78250,1,419.9475,USD
2010-01-15 00:00:00,2010-01-18 00:00:00,1185,97123,1,419.9475,USD
2010-01-15 00:00:00,2010-01-18 00:00:00,1188,07034,1,472.4475,USD
2010-01-15 00:00:00,2010-01-18 00:00:00,1188,20723,1,472.4475,USD
2010-01-15 00:00:00,2010-01-18 00:00:00,1188,53221,1,472.4475,GBP
2010-01-15 00:00:00,2010-01-18 00:00:00,1188,75839,1,472.4475,USD
2010-01-15 00:00:00,2010-01-18 00:00:00,1191,32605,1,257.1975,USD
2010-01-15 00:00:00,2010-01-18 00:00:00,1203,33015,2,629.895,USD
2010-01-15 00:00:00,2010-01-18 00:00:00,1203,34997,1,314.9475,USD
2010-01-15 00:00:00,2010-01-18 00:00:00,1203,63050,1,314.9475,USD
2010-01-15 00:00:00,2010-01-18 00:00:00,1204,72023,1,419.9475,GBP
2010-01-15 00:00:00,2010-01-18 00:00:00,1204,92234,1,419.9475,GBP
2010-01-15 00:00:00,2010-01-18 00:00:00,1205,42754,1,367.4475,USD
2010-01-15 00:00:00,2010-01-18 00:00:00,1205,57039,1,367.4475,GBP
2010-01-15 00:00:00,2010-01-18 00:00:00,1215,06484,1,356.9475,GBP
2010-01-15 00:00:00,2010-01-18 00:00:00,1215,46013,1,356.9475,GBP
2010-01-15 00:00:00,2010-01-18 00:00:00,1215,76111,1,356.9475,GBP
2010-01-15 00:00:00,2010-01-18 00:00:00,1215,82201,1,356.9475,USD
2010-01-15 00:00:00,2010-01-18 00:00:00,1215,85373,1,356.9475,GBP
2010-01-15 00:00:00,2010-01-18 00:00:00,1225,33013,2,472.395,GBP
2010-01-15 00:00:00,2010-01-18 00:00:00,1227,33020,1,314.9475,USD
2010-01-15 00:00:00,2010-01-18 00:00:00,1227,70535,1,314.9475,GBP
2010-01-15 00:00:00,2010-01-18 00:00:00,1227,77009,1,314.9475,USD
2010-01-15 00:00:00,2010-01-18 00:00:00,1227,78732,1,330.6975,USD
2010-01-15 00:00:00,2010-01-18 00:00:00,1227,85051,1,314.9475,USD
2010-01-15 00:00:00,2010-01-18 00:00:00,1227,86404,1,314.9475,GBP
2010-01-15 00:00:00,2010-01-18 00:00:00,1227,97338,1,330.6975,USD
2010-01-15 00:00:00,2010-01-18 00:00:00,1229,75169,1,236.1975,GBP
2010-01-15 00:00:00,2010-01-18 00:00:00,1230,07032,1,524.9475,GBP
2010-01-15 00:00:00,2010-01-18 00:00:00,1230,32934,1,519.6975,USD
2010-01-15 00:00:00,2010-01-18 00:00:00,1230,37841,1,524.9475,GBP
2010-01-15 00:00:00,2010-01-18 00:00:00,1230,52353,1,519.6975,USD
2010-01-15 00:00:00,2010-01-18 00:00:00,1230,70634,1,519.6975,GBP
2010-01-15 00:00:00,2010-01-18 00:00:00,1230,72903,1,519.6975,USD
2010-01-15 00:00:00,2010-01-18 00:00:00,1230,77801,1,524.9475,USD
2010-01-15 00:00:00,2010-01-18 00:00:00,1230,79119,1,524.9475,USD
2010-01-15 00:00:00,2010-01-18 00:00:00,1230,89123,1,519.6975,GBP
2010-01-15 00:00:00,2010-01-18 00:00:00,1230,89147,2,1039.395,GBP
2010-01-15 00:00:00,2010-01-18 00:00:00,1230,91505,1,519.6975,USD
2010-01-15 00:00:00,2010-01-18 00:00:00,1230,91744,1,519.6975,USD
2010-01-15 00:00:00,2010-01-18 00:00:00,1230,94546,1,519.6975,USD
2010-01-15 00:00:00,2010-01-18 00:00:00,1230,95212,1,519.6975,USD
2010-01-15 00:00:00,2010-01-18 00:00:00,1230,97470,1,519.6975,GBP
2010-01-15 00:00:00,2010-01-18 00:00:00,1234,95943,1,330.645,USD
2010-01-15 00:00:00,2010-01-18 00:00:00,1237,92504,1,333.27,GBP
2010-01-15 00:00:00,2010-01-18 00:00:00,1259,07834,1,322.77,GBP
2010-01-15 00:00:00,2010-01-18 00:00:00,1290,93312,1,330.645,GBP
2010-01-15 00:00:00,2010-01-18 00:00:00,1290,95945,1,351.645,USD
2010-01-15 00:00:00,2010-01-18 00:00:00,1298,92646,1,346.395,GBP
2010-01-15 00:00:00,2010-01-18 00:00:00,1298,93536,2,692.79,USD
2010-01-15 00:00:00,2010-01-18 00:00:00,1298,95076,2,692.79,GBP
2010-01-15 00:00:00,2010-01-18 00:00:00,1310,02093,1,270.27,USD
2010-01-15 00:00:00,2010-01-18 00:00:00,1310,07716,1,270.27,USD
2010-01-15 00:00:00,2010-01-18 00:00:00,1310,39759,1,270.27,USD
2010-01-15 00:00:00,2010-01-18 00:00:00,1317,91739,1,304.395,USD
2010-01-15 00:00:00,2010-01-18 00:00:00,1317,94404,1,307.02,USD
2010-01-15 00:00:00,2010-01-18 00:00:00,1318,39631,1,307.02,GBP
2010-01-15 00:00:00,2010-01-18 00:00:00,1329,33157,1,92.82,USD
2010-01-15 00:00:00,2010-01-18 00:00:00,1329,42431,1,92.82,GBP
2010-01-15 00:00:00,2010-01-18 00:00:00,1329,50120,1,92.82,GBP
2010-01-15 00:00:00,2010-01-18 00:00:00,1329,50129,2,556.92,GBP
2010-01-15 00:00:00,2010-01-18 00:00:00,1329,50129,2,185.64,USD
2010-01-15 00:00:00,2010-01-18 00:00:00,1329,77867,1,92.82,GBP
2010-01-15 00:00:00,2010-01-18 00:00:00,1329,92025,1,92.82,USD
2010-01-15 00:00:00,2010-01-18 00:00:00,1329,95953,1,91.77,GBP
2010-01-15 00:00:00,2010-01-18 00:00:00,1330,08232,1,92.82,USD
2010-01-15 00:00:00,2010-01-18 00:00:00,1330,34639,1,92.82,USD
2010-01-15 00:00:00,2010-01-18 00:00:00,1330,50129,2,556.92,GBP
2010-01-15 00:00:00,2010-01-18 00:00:00,1330,50129,2,371.28,USD
2010-01-15 00:00:00,2010-01-18 00:00:00,1330,77013,1,92.82,USD
2010-01-15 00:00:00,2010-01-18 00:00:00,1330,79373,1,92.82,USD
2010-01-15 00:00:00,2010-01-18 00:00:00,1330,89014,1,92.82,USD
2010-01-15 00:00:00,2010-01-18 00:00:00,1330,91901,1,91.77,USD
2010-01-15 00:00:00,2010-01-18 00:00:00,1330,93455,1,92.82,USD
2010-01-15 00:00:00,2010-01-18 00:00:00,1345,83651,1,304.395,USD
2010-01-15 00:00:00,2010-01-18 00:00:00,1345,92808,1,304.395,USD
2010-01-15 00:00:00,2010-01-18 00:00:00,1346,37716,1,304.395,GBP
2010-01-15 00:00:00,2010-01-18 00:00:00,1347,65724,1,299.145,USD
2010-01-15 00:00:00,2010-01-18 00:00:00,1347,77004,1,280.77,GBP
2010-01-15 00:00:00,2010-01-18 00:00:00,1347,79424,1,299.145,USD
2010-01-15 00:00:00,2010-01-18 00:00:00,1348,65724,1,299.145,USD
2010-01-15 00:00:00,2010-01-18 00:00:00,1348,75125,1,299.145,GBP
2010-01-15 00:00:00,2010-01-18 00:00:00,1348,84741,1,299.145,USD
2010-01-15 00:00:00,2010-01-18 00:00:00,1348,85205,1,299.145,GBP
2010-01-15 00:00:00,2010-01-18 00:00:00,1351,63664,1,309.645,GBP
2010-01-15 00:00:00,2010-01-18 00:00:00,1351,75050,1,309.645,GBP
2010-01-15 00:00:00,2010-01-18 00:00:00,1351,95129,1,309.645,GBP
2010-01-15 00:00:00,2010-01-18 00:00:00,1351,97405,1,309.645,GBP
2010-01-15 00:00:00,2010-01-18 00:00:00,1352,63664,1,309.645,GBP
2010-01-15 00:00:00,2010-01-18 00:00:00,1352,71913,1,309.645,GBP
2010-01-15 00:00:00,2010-01-18 00:00:00,1352,78155,1,309.645,GBP
2010-01-15 00:00:00,2010-01-18 00:00:00,1352,85257,1,309.645,GBP
2010-01-15 00:00:00,2010-01-18 00:00:00,1352,89110,1,309.645,GBP
2010-01-15 00:00:00,2010-01-18 00:00:00,1352,93291,1,309.645,GBP
2010-01-15 00:00:00,2010-01-18 00:00:00,1352,97741,1,309.645,GBP
2010-01-15 00:00:00,2010-01-18 00:00:00,1379,97042,1,314.895,GBP
2010-01-15 00:00:00,2010-01-18 00:00:00,1380,93536,1,314.895,USD
2010-01-15 00:00:00,2010-01-18 00:00:00,1380,95046,1,314.895,GBP
2010-01-15 00:00:00,2010-01-18 00:00:00,1380,97042,1,314.895,GBP
2010-01-15 00:00:00,2010-01-18 00:00:00,1425,46805,1,286.02,GBP
2010-01-15 00:00:00,2010-01-18 00:00:00,1425,95949,1,286.02,USD
2010-01-15 00:00:00,2010-01-18 00:00:00,1426,85202,1,286.02,GBP
2010-01-15 00:00:00,2010-01-18 00:00:00,1430,79424,1,283.395,GBP
2010-01-15 00:00:00,2010-01-18 00:00:00,1436,84041,1,312.27,GBP
2010-01-15 00:00:00,2010-01-18 00:00:00,1436,93420,1,312.27,GBP
2010-01-15 00:00:00,2010-01-18 00:00:00,1436,94544,1,312.27,GBP
2010-01-15 00:00:00,2010-01-18 00:00:00,1436,97741,1,312.27,GBP
2010-01-15 00:00:00,2010-01-18 00:00:00,1449,19702,1,118.02,GBP
2010-01-15 00:00:00,2010-01-18 00:00:00,1449,32708,1,118.02,GBP
2010-01-15 00:00:00,2010-01-18 00:00:00,1449,33055,1,118.02,USD
2010-01-15 00:00:00,2010-01-18 00:00:00,1449,33178,1,118.02,USD
2010-01-15 00:00:00,2010-01-18 00:00:00,1449,36117,1,118.02,USD
2010-01-15 00:00:00,2010-01-18 00:00:00,1450,05201,1,118.02,GBP
2010-01-15 00:00:00,2010-01-18 00:00:00,1450,65401,1,118.02,GBP
2010-01-15 00:00:00,2010-01-18 00:00:00,1450,85027,1,118.02,GBP
2010-01-15 00:00:00,2010-01-18 00:00:00,1450,89511,1,118.02,USD
2010-01-15 00:00:00,2010-01-18 00:00:00,1450,91604,1,118.02,USD
2010-01-15 00:00:00,2010-01-18 00:00:00,1450,95826,1,118.02,USD
2010-01-15 00:00:00,2010-01-18 00:00:00,1477,85045,1,317.52,GBP
2010-01-15 00:00:00,2010-01-18 00:00:00,1477,95136,1,317.52,USD
2010-01-15 00:00:00,2010-01-18 00:00:00,1478,97501,1,317.52,GBP
2010-01-15 00:00:00,2010-01-18 00:00:00,1483,42027,1,70.77,GBP
2010-01-15 00:00:00,2010-01-18 00:00:00,1483,77073,1,70.77,USD
2010-01-15 00:00:00,2010-01-18 00:00:00,1484,74055,1,70.77,GBP
2010-01-15 00:00:00,2010-01-18 00:00:00,1489,66223,1,262.395,USD
2010-01-15 00:00:00,2010-01-18 00:00:00,1489,78739,1,262.395,USD
2010-01-15 00:00:00,2010-01-18 00:00:00,1489,97391,1,230.895,USD
2010-01-15 00:00:00,2010-01-18 00:00:00,1490,29621,1,262.395,USD
2010-01-15 00:00:00,2010-01-18 00:00:00,1490,75115,1,262.395,GBP
2010-01-15 00:00:00,2010-01-18 00:00:00,1517,21157,1,141.645,USD
2010-01-15 00:00:00,2010-01-18 00:00:00,1517,29461,1,141.645,GBP
2010-01-15 00:00:00,2010-01-18 00:00:00,1517,66061,1,141.645,GBP
2010-01-15 00:00:00,2010-01-18 00:00:00,1517,87501,1,141.645,GBP
2010-01-15 00:00:00,2010-01-18 00:00:00,1517,92570,1,141.645,GBP
2010-01-15 00:00:00,2010-01-18 00:00:00,1517,93648,1,141.645,USD
2010-01-15 00:00:00,2010-01-18 00:00:00,1518,21154,1,141.645,GBP
2010-01-15 00:00:00,2010-01-18 00:00:00,1518,25716,1,141.645,USD
2010-01-15 00:00:00,2010-01-18 00:00:00,1518,65724,1,141.645,GBP
2010-01-15 00:00:00,2010-01-18 00:00:00,1518,89014,2,283.29,USD
2010-01-15 00:00:00,2010-01-18 00:00:00,1518,92570,1,141.645,GBP
2010-01-15 00:00:00,2010-01-18 00:00:00,1518,93501,1,141.645,USD
2010-01-15 00:00:00,2010-01-18 00:00:00,1641,02895,1,70.77,USD
2010-01-15 00:00:00,2010-01-18 00:00:00,1641,21048,1,70.77,GBP
2010-01-15 00:00:00,2010-01-18 00:00:00,1641,51532,1,70.77,GBP
2010-01-15 00:00:00,2010-01-18 00:00:00,1641,77084,1,70.77,GBP
2010-01-15 00:00:00,2010-01-18 00:00:00,1641,89131,1,70.77,GBP
2010-01-15 00:00:00,2010-01-18 00:00:00,1641,94583,1,70.77,GBP
2010-01-15 00:00:00,2010-01-18 00:00:00,1641,95722,2,141.54,USD
2010-01-15 00:00:00,2010-01-18 00:00:00,1894,01129,1,682.2375,USD
2010-01-15 00:00:00,2010-01-18 00:00:00,1894,06037,1,682.2375,USD
2010-01-15 00:00:00,2010-01-18 00:00:00,1894,46701,1,682.2375,USD
2010-01-15 00:00:00,2010-01-18 00:00:00,1894,55428,1,682.2375,GBP
2010-01-15 00:00:00,2010-01-18 00:00:00,1894,75572,1,682.2375,USD
2010-01-15 00:00:00,2010-01-18 00:00:00,1894,77086,1,682.2375,USD
2010-01-15 00:00:00,2010-01-18 00:00:00,1894,82935,1,682.2375,USD
2010-01-15 00:00:00,2010-01-18 00:00:00,1894,89815,1,682.2375,USD
2010-01-15 00:00:00,2010-01-18 00:00:00,1894,97045,1,682.2375,USD
2010-01-15 00:00:00,2010-01-18 00:00:00,1894,99501,1,682.2375,USD
2010-01-15 00:00:00,2010-01-18 00:00:00,1909,66092,1,199.4475,USD
2010-01-15 00:00:00,2010-01-18 00:00:00,1909,92316,1,199.4475,GBP
2010-01-15 00:00:00,2010-01-18 00:00:00,1911,07945,1,244.0725,USD
2010-01-15 00:00:00,2010-01-18 00:00:00,1911,21777,1,244.0725,USD
2010-01-15 00:00:00,2010-01-18 00:00:00,1911,71343,1,244.0725,GBP
2010-01-15 00:00:00,2010-01-18 00:00:00,1911,77429,1,244.0725,USD
2010-01-15 00:00:00,2010-01-18 00:00:00,1911,84097,1,244.0725,USD
2010-01-15 00:00:00,2010-01-18 00:00:00,1911,87047,1,244.0725,USD
2010-01-15 00:00:00,2010-01-18 00:00:00,1911,91709,1,244.0725,USD
2010-01-15 00:00:00,2010-01-18 00:00:00,1911,96002,1,244.0725,USD
2010-01-15 00:00:00,2010-01-18 00:00:00,1920,97454,1,280.8225,USD
2010-01-15 00:00:00,2010-01-18 00:00:00,1930,42103,1,283.4475,GBP
2010-01-15 00:00:00,2010-01-18 00:00:00,1931,42103,1,283.4475,GBP
2010-01-15 00:00:00,2010-01-18 00:00:00,1931,42103,1,283.4475,USD
2010-01-15 00:00:00,2010-01-18 00:00:00,1948,06074,1,296.5725,USD
2010-01-15 00:00:00,2010-01-18 00:00:00,1948,20882,1,296.5725,GBP
2010-01-15 00:00:00,2010-01-18 00:00:00,1948,21702,1,296.5725,USD
2010-01-15 00:00:00,2010-01-18 00:00:00,1948,32065,1,296.5725,USD
2010-01-15 00:00:00,2010-01-18 00:00:00,1948,32822,1,296.5725,USD
2010-01-15 00:00:00,2010-01-18 00:00:00,1948,35117,1,296.5725,USD
2010-01-15 00:00:00,2010-01-18 00:00:00,1948,37303,1,296.5725,USD
2010-01-15 00:00:00,2010-01-18 00:00:00,1948,37618,2,593.145,GBP
2010-01-15 00:00:00,2010-01-18 00:00:00,1948,47802,1,296.5725,GBP
2010-01-15 00:00:00,2010-01-18 00:00:00,1948,47918,1,593.145,GBP
2010-01-15 00:00:00,2010-01-18 00:00:00,1948,47918,1,296.5725,USD
2010-01-15 00:00:00,2010-01-18 00:00:00,1948,50035,1,296.5725,USD
2010-01-15 00:00:00,2010-01-18 00:00:00,1948,52353,1,296.5725,USD
2010-01-15 00:00:00,2010-01-18 00:00:00,1948,55304,1,296.5725,USD
2010-01-15 00:00:00,2010-01-18 00:00:00,1948,74006,1,296.5725,USD
2010-01-15 00:00:00,2010-01-18 00:00:00,1948,83204,1,296.5725,GBP
2010-01-15 00:00:00,2010-01-18 00:00:00,1948,83705,1,296.5725,GBP
2010-01-15 00:00:00,2010-01-18 00:00:00,1948,84041,10,2965.725,GBP
2010-01-15 00:00:00,2010-01-18 00:00:00,1948,85308,1,296.5725,USD
2010-01-15 00:00:00,2010-01-18 00:00:00,1948,89103,2,593.145,GBP
2010-01-15 00:00:00,2010-01-18 00:00:00,1948,89128,2,593.145,GBP
2010-01-15 00:00:00,2010-01-18 00:00:00,1948,89434,1,296.5725,USD
2010-01-15 00:00:00,2010-01-18 00:00:00,1948,93117,1,296.5725,USD
2010-01-15 00:00:00,2010-01-18 00:00:00,1948,93306,1,296.5725,USD
2010-01-15 00:00:00,2010-01-18 00:00:00,1948,93550,1,296.5725,GBP
2010-01-15 00:00:00,2010-01-18 00:00:00,1948,93706,1,296.5725,GBP
2010-01-15 00:00:00,2010-01-18 00:00:00,1948,95695,1,293.9475,USD
2010-01-15 00:00:00,2010-01-18 00:00:00,1948,99515,1,296.5725,GBP
2010-01-15 00:00:00,2010-01-18 00:00:00,1949,06074,1,296.5725,USD
2010-01-15 00:00:00,2010-01-18 00:00:00,1949,08619,1,296.5725,GBP
2010-01-15 00:00:00,2010-01-18 00:00:00,1949,21113,1,296.5725,USD
2010-01-15 00:00:00,2010-01-18 00:00:00,1949,21771,1,296.5725,USD
2010-01-15 00:00:00,2010-01-18 00:00:00,1949,26755,1,296.5725,GBP
2010-01-15 00:00:00,2010-01-18 00:00:00,1949,29910,1,296.5725,GBP
2010-01-15 00:00:00,2010-01-18 00:00:00,1949,32780,4,1181.04,GBP
2010-01-15 00:00:00,2010-01-18 00:00:00,1949,34786,2,593.145,GBP
2010-01-15 00:00:00,2010-01-18 00:00:00,1949,42071,1,296.5725,GBP
2010-01-15 00:00:00,2010-01-18 00:00:00,1949,47918,1,593.145,GBP
2010-01-15 00:00:00,2010-01-18 00:00:00,1949,47918,1,296.5725,USD
2010-01-15 00:00:00,2010-01-18 00:00:00,1949,50035,1,296.5725,GBP
2010-01-15 00:00:00,2010-01-18 00:00:00,1949,50158,1,296.5725,USD
2010-01-15 00:00:00,2010-01-18 00:00:00,1949,52002,1,296.5725,GBP
2010-01-15 00:00:00,2010-01-18 00:00:00,1949,52353,1,296.5725,GBP
2010-01-15 00:00:00,2010-01-18 00:00:00,1949,52353,1,296.5725,USD
2010-01-15 00:00:00,2010-01-18 00:00:00,1949,52804,1,296.5725,USD
2010-01-15 00:00:00,2010-01-18 00:00:00,1949,53916,1,296.5725,GBP
2010-01-15 00:00:00,2010-01-18 00:00:00,1949,73034,1,296.5725,USD
2010-01-15 00:00:00,2010-01-18 00:00:00,1949,74401,1,296.5725,USD
2010-01-15 00:00:00,2010-01-18 00:00:00,1949,75904,1,296.5725,USD
2010-01-15 00:00:00,2010-01-18 00:00:00,1949,79109,1,296.5725,GBP
2010-01-15 00:00:00,2010-01-18 00:00:00,1949,90807,3,889.7175,USD
2010-01-15 00:00:00,2010-01-18 00:00:00,1949,91701,1,296.5725,GBP
2010-01-15 00:00:00,2010-01-18 00:00:00,1949,92065,1,296.5725,GBP
2010-01-15 00:00:00,2010-01-18 00:00:00,1949,92627,8,2372.58,GBP
2010-01-15 00:00:00,2010-01-18 00:00:00,1949,92868,1,296.5725,USD
2010-01-15 00:00:00,2010-01-18 00:00:00,1949,92887,2,593.145,USD
2010-01-15 00:00:00,2010-01-18 00:00:00,1949,93065,5,1482.8625,GBP
2010-01-15 00:00:00,2010-01-18 00:00:00,1949,93534,1,296.5725,GBP
2010-01-15 00:00:00,2010-01-18 00:00:00,1949,95361,1,296.5725,GBP
2010-01-15 00:00:00,2010-01-18 00:00:00,1949,97124,3,889.7175,USD
2010-01-15 00:00:00,2010-01-18 00:00:00,1949,99501,1,296.5725,GBP
2010-01-15 00:00:00,2010-01-18 00:00:00,1949,99577,1,296.5725,USD
2010-01-15 00:00:00,2010-01-18 00:00:00,1956,51039,1,152.1975,GBP
2010-01-15 00:00:00,2010-01-18 00:00:00,1956,52353,1,153.7725,GBP
2010-01-15 00:00:00,2010-01-18 00:00:00,1956,52353,1,153.7725,USD
2010-01-15 00:00:00,2010-01-18 00:00:00,1956,83401,1,152.1975,USD
2010-01-15 00:00:00,2010-01-18 00:00:00,1956,92103,1,153.7725,GBP
2010-01-15 00:00:00,2010-01-18 00:00:00,1956,92504,1,153.7725,GBP
2010-01-15 00:00:00,2010-01-18 00:00:00,1956,92506,1,153.7725,USD
2010-01-15 00:00:00,2010-01-18 00:00:00,1956,93065,3,461.3175,GBP
2010-01-15 00:00:00,2010-01-18 00:00:00,1956,93117,1,153.7725,USD
2010-01-15 00:00:00,2010-01-18 00:00:00,1956,93436,1,153.7725,USD
2010-01-15 00:00:00,2010-01-18 00:00:00,1957,29745,1,153.7725,GBP
2010-01-15 00:00:00,2010-01-18 00:00:00,1957,34974,2,307.545,GBP
2010-01-15 00:00:00,2010-01-18 00:00:00,1957,37642,1,153.7725,GBP
2010-01-15 00:00:00,2010-01-18 00:00:00,1957,52353,1,153.7725,GBP
2010-01-15 00:00:00,2010-01-18 00:00:00,1957,67005,1,153.7725,GBP
2010-01-15 00:00:00,2010-01-18 00:00:00,1957,83211,1,153.7725,USD
2010-01-15 00:00:00,2010-01-18 00:00:00,1957,92571,1,153.7725,USD
2010-01-15 00:00:00,2010-01-18 00:00:00,1957,92887,2,307.545,GBP
2010-01-15 00:00:00,2010-01-18 00:00:00,1957,94044,1,153.7725,USD
2010-01-15 00:00:00,2010-01-18 00:00:00,1957,95020,2,307.545,GBP
2010-01-15 00:00:00,2010-01-18 00:00:00,1960,07675,1,97.0725,GBP
2010-01-15 00:00:00,2010-01-18 00:00:00,1960,29138,1,97.0725,USD
2010-01-15 00:00:00,2010-01-18 00:00:00,1960,36116,1,97.0725,GBP
2010-01-15 00:00:00,2010-01-18 00:00:00,1960,47802,1,194.145,GBP
2010-01-15 00:00:00,2010-01-18 00:00:00,1960,70041,1,97.0725,GBP
2010-01-15 00:00:00,2010-01-18 00:00:00,1960,75652,1,97.0725,GBP
2010-01-15 00:00:00,2010-01-18 00:00:00,1960,76028,1,97.0725,GBP
2010-01-15 00:00:00,2010-01-18 00:00:00,1960,77346,1,97.0725,GBP
2010-01-15 00:00:00,2010-01-18 00:00:00,1960,77484,1,97.0725,GBP
2010-01-15 00:00:00,2010-01-18 00:00:00,1960,85255,1,97.0725,GBP
2010-01-15 00:00:00,2010-01-18 00:00:00,1961,20736,1,97.0725,USD
2010-01-15 00:00:00,2010-01-18 00:00:00,1961,32244,1,97.0725,USD
2010-01-15 00:00:00,2010-01-18 00:00:00,1961,33413,1,97.0725,USD
2010-01-15 00:00:00,2010-01-18 00:00:00,1961,34609,2,194.145,USD
2010-01-15 00:00:00,2010-01-18 00:00:00,1961,47802,1,97.0725,GBP
2010-01-15 00:00:00,2010-01-18 00:00:00,1961,47802,1,97.0725,USD
2010-01-15 00:00:00,2010-01-18 00:00:00,1961,71129,1,97.0725,GBP
2010-01-15 00:00:00,2010-01-18 00:00:00,1961,76431,1,97.0725,USD
2010-01-15 00:00:00,2010-01-18 00:00:00,1961,77627,1,97.0725,USD
2010-01-15 00:00:00,2010-01-18 00:00:00,1961,92886,1,97.0725,GBP
2010-01-15 00:00:00,2010-01-18 00:00:00,1961,95023,2,194.145,GBP
2010-01-15 00:00:00,2010-01-18 00:00:00,1968,57785,2,477.645,USD
2010-01-15 00:00:00,2010-01-18 00:00:00,1968,86502,1,238.8225,USD
2010-01-15 00:00:00,2010-01-18 00:00:00,1969,33331,1,238.8225,GBP
2010-01-15 00:00:00,2010-01-18 00:00:00,1969,71105,1,230.9475,USD
2010-01-15 00:00:00,2010-01-18 00:00:00,1974,02921,1,52.4475,USD
2010-01-15 00:00:00,2010-01-18 00:00:00,1974,06035,1,52.4475,GBP
2010-01-15 00:00:00,2010-01-18 00:00:00,1974,08530,1,52.4475,USD
2010-01-15 00:00:00,2010-01-18 00:00:00,1974,29138,1,52.4475,USD
2010-01-15 00:00:00,2010-01-18 00:00:00,1974,47167,1,157.3425,GBP
2010-01-15 00:00:00,2010-01-18 00:00:00,1974,47167,1,104.895,USD
2010-01-15 00:00:00,2010-01-18 00:00:00,1974,70517,1,52.4475,USD
2010-01-15 00:00:00,2010-01-18 00:00:00,1974,77536,1,52.4475,USD
2010-01-15 00:00:00,2010-01-18 00:00:00,1974,78681,1,52.4475,USD
2010-01-15 00:00:00,2010-01-18 00:00:00,1974,83687,2,104.895,USD
2010-01-15 00:00:00,2010-01-18 00:00:00,1974,95355,1,52.4475,USD
2010-01-15 00:00:00,2010-01-18 00:00:00,1974,95648,2,104.895,USD
2010-01-15 00:00:00,2010-01-18 00:00:00,1975,06082,1,52.4475,USD
2010-01-15 00:00:00,2010-01-18 00:00:00,1975,35901,2,104.895,USD
2010-01-15 00:00:00,2010-01-18 00:00:00,1975,37075,1,52.4475,USD
2010-01-15 00:00:00,2010-01-18 00:00:00,1975,38824,1,52.4475,USD
2010-01-15 00:00:00,2010-01-18 00:00:00,1975,47167,1,52.4475,GBP
2010-01-15 00:00:00,2010-01-18 00:00:00,1975,47167,1,52.4475,USD
2010-01-15 00:00:00,2010-01-18 00:00:00,1975,70517,1,52.4475,USD
2010-01-15 00:00:00,2010-01-18 00:00:00,1975,72811,1,52.4475,USD
2010-01-15 00:00:00,2010-01-18 00:00:00,1975,75407,1,52.4475,GBP
2010-01-15 00:00:00,2010-01-18 00:00:00,1975,77536,1,52.4475,USD
2010-01-15 00:00:00,2010-01-18 00:00:00,1978,92646,1,254.5725,GBP
2010-01-15 00:00:00,2010-01-18 00:00:00,1978,95032,1,254.5725,GBP
2010-01-15 00:00:00,2010-01-18 00:00:00,1979,39532,1,257.1975,GBP
2010-01-15 00:00:00,2010-01-18 00:00:00,1990,06057,1,257.1975,USD
2010-01-15 00:00:00,2010-01-18 00:00:00,1990,06480,1,257.1975,USD
2010-01-15 00:00:00,2010-01-18 00:00:00,1990,21774,1,257.1975,USD
2010-01-15 00:00:00,2010-01-18 00:00:00,1990,26037,1,257.1975,USD
2010-01-15 00:00:00,2010-01-18 00:00:00,1990,26884,1,257.1975,USD
2010-01-15 00:00:00,2010-01-18 00:00:00,1990,33134,1,257.1975,USD
2010-01-15 00:00:00,2010-01-18 00:00:00,1990,34470,1,257.1975,USD
2010-01-15 00:00:00,2010-01-18 00:00:00,1990,38401,1,257.1975,USD
2010-01-15 00:00:00,2010-01-18 00:00:00,1990,40165,1,257.1975,USD
2010-01-15 00:00:00,2010-01-18 00:00:00,1990,46953,1,257.1975,USD
2010-01-15 00:00:00,2010-01-18 00:00:00,1990,47250,1,257.1975,USD
2010-01-15 00:00:00,2010-01-18 00:00:00,1990,47715,1,257.1975,USD
2010-01-15 00:00:00,2010-01-18 00:00:00,1990,47918,1,771.5925,GBP
2010-01-15 00:00:00,2010-01-18 00:00:00,1990,50060,1,257.1975,GBP
2010-01-15 00:00:00,2010-01-18 00:00:00,1990,50222,1,257.1975,USD
2010-01-15 00:00:00,2010-01-18 00:00:00,1990,52001,1,257.1975,GBP
2010-01-15 00:00:00,2010-01-18 00:00:00,1990,57103,1,257.1975,USD
2010-01-15 00:00:00,2010-01-18 00:00:00,1990,64015,1,257.1975,USD
2010-01-15 00:00:00,2010-01-18 00:00:00,1990,73542,1,257.1975,USD
2010-01-15 00:00:00,2010-01-18 00:00:00,1990,84115,6,1543.185,USD
2010-01-15 00:00:00,2010-01-18 00:00:00,1990,84601,2,514.395,USD
2010-01-15 00:00:00,2010-01-18 00:00:00,1990,85204,1,257.1975,USD
2010-01-15 00:00:00,2010-01-18 00:00:00,1990,85282,1,257.1975,USD
2010-01-15 00:00:00,2010-01-18 00:00:00,1990,92392,3,771.5925,USD
2010-01-15 00:00:00,2010-01-18 00:00:00,1990,92676,1,257.1975,USD
2010-01-15 00:00:00,2010-01-18 00:00:00,1990,93065,5,1285.9875,USD
2010-01-15 00:00:00,2010-01-18 00:00:00,1990,93727,2,514.395,USD
2010-01-15 00:00:00,2010-01-18 00:00:00,1990,93955,1,257.1975,USD
2010-01-15 00:00:00,2010-01-18 00:00:00,2005,84044,1,304.4475,GBP
2010-01-15 00:00:00,2010-01-18 00:00:00,2012,33549,1,377.9475,USD
2010-01-15 00:00:00,2010-01-18 00:00:00,2012,57078,1,377.9475,GBP
2010-01-15 00:00:00,2010-01-18 00:00:00,2012,75024,1,377.9475,USD
2010-01-15 00:00:00,2010-01-18 00:00:00,2012,94590,2,755.895,USD
2010-01-15 00:00:00,2010-01-18 00:00:00,2032,32304,1,220.4475,GBP
2010-01-15 00:00:00,2010-01-18 00:00:00,2032,33813,1,223.0725,GBP
2010-01-15 00:00:00,2010-01-18 00:00:00,2032,78212,1,223.0725,USD
2010-01-15 00:00:00,2010-01-18 00:00:00,2032,97202,1,223.0725,USD
2010-01-15 00:00:00,2010-01-18 00:00:00,2045,29646,1,409.4475,USD
2010-01-15 00:00:00,2010-01-18 00:00:00,2045,33763,1,409.4475,GBP
2010-01-15 00:00:00,2010-01-18 00:00:00,2045,85048,1,409.4475,USD
2010-01-15 00:00:00,2010-01-18 00:00:00,2045,85741,1,409.4475,GBP
2010-01-15 00:00:00,2010-01-18 00:00:00,2047,06770,1,377.9475,USD
2010-01-15 00:00:00,2010-01-18 00:00:00,2047,20895,1,377.9475,GBP
2010-01-15 00:00:00,2010-01-18 00:00:00,2047,77082,1,372.6975,GBP
2010-01-15 00:00:00,2010-01-18 00:00:00,2047,78418,1,372.6975,GBP
2010-01-15 00:00:00,2010-01-18 00:00:00,2047,92324,1,377.9475,USD
2010-01-15 00:00:00,2010-01-18 00:00:00,2050,36619,1,498.6975,USD
2010-01-15 00:00:00,2010-01-18 00:00:00,2050,39208,1,498.6975,USD
2010-01-15 00:00:00,2010-01-18 00:00:00,2050,94585,1,498.6975,USD
2010-01-15 00:00:00,2010-01-18 00:00:00,2056,29906,1,325.4475,GBP
2010-01-15 00:00:00,2010-01-18 00:00:00,2056,32459,1,325.4475,GBP
2010-01-15 00:00:00,2010-01-18 00:00:00,2056,96003,1,325.4475,GBP
2010-01-15 00:00:00,2010-01-18 00:00:00,2056,97006,1,325.4475,GBP
2010-01-15 00:00:00,2010-01-18 00:00:00,2057,66206,1,472.4475,GBP
2010-01-15 00:00:00,2010-01-18 00:00:00,2057,94535,1,472.4475,GBP
2010-01-15 00:00:00,2010-01-18 00:00:00,2064,02719,1,488.1975,GBP
2010-01-15 00:00:00,2010-01-18 00:00:00,2064,08724,1,488.1975,GBP
2010-01-15 00:00:00,2010-01-18 00:00:00,2064,21032,1,488.1975,USD
2010-01-15 00:00:00,2010-01-18 00:00:00,2064,33067,1,488.1975,USD
2010-01-15 00:00:00,2010-01-18 00:00:00,2064,39212,1,488.1975,GBP
2010-01-15 00:00:00,2010-01-18 00:00:00,2064,67235,1,488.1975,USD
2010-01-15 00:00:00,2010-01-18 00:00:00,2064,92592,1,488.1975,GBP
2010-01-15 00:00:00,2010-01-18 00:00:00,2064,92692,1,488.1975,GBP
2010-01-15 00:00:00,2010-01-18 00:00:00,2064,95121,1,488.1975,USD
2010-01-15 00:00:00,2010-01-18 00:00:00,2070,29575,1,519.6975,USD
2010-01-15 00:00:00,2010-01-18 00:00:00,2070,32720,1,519.6975,USD
2010-01-15 00:00:00,2010-01-18 00:00:00,2070,32798,1,519.6975,USD
2010-01-15 00:00:00,2010-01-18 00:00:00,2070,32935,1,519.6975,USD
2010-01-15 00:00:00,2010-01-18 00:00:00,2070,33778,1,519.6975,USD
2010-01-15 00:00:00,2010-01-18 00:00:00,2070,39443,1,519.6975,GBP
2010-01-15 00:00:00,2010-01-18 00:00:00,2070,40342,1,519.6975,GBP
2010-01-15 00:00:00,2010-01-18 00:00:00,2070,65301,1,519.6975,USD
2010-01-15 00:00:00,2010-01-18 00:00:00,2070,75074,1,519.6975,USD
2010-01-15 00:00:00,2010-01-18 00:00:00,2070,85308,1,519.6975,GBP
2010-01-15 00:00:00,2010-01-18 00:00:00,2070,93555,1,519.6975,USD
2010-01-15 00:00:00,2010-01-18 00:00:00,2074,25309,1,328.0725,GBP
2010-01-15 00:00:00,2010-01-18 00:00:00,2074,89128,1,328.0725,GBP
2010-01-15 00:00:00,2010-01-18 00:00:00,2074,94063,1,328.0725,GBP
2010-01-15 00:00:00,2010-01-18 00:00:00,2081,20886,1,220.4475,USD
2010-01-15 00:00:00,2010-01-18 00:00:00,2081,32907,1,220.4475,GBP
2010-01-15 00:00:00,2010-01-18 00:00:00,2081,33167,1,220.4475,USD
2010-01-15 00:00:00,2010-01-18 00:00:00,2081,91902,1,220.4475,GBP
2010-01-15 00:00:00,2010-01-18 00:00:00,2081,92307,1,220.4475,USD
2010-01-15 00:00:00,2010-01-18 00:00:00,2081,93023,1,220.4475,USD
2010-01-15 00:00:00,2010-01-18 00:00:00,2081,94901,1,220.4475,GBP
2010-01-15 00:00:00,2010-01-18 00:00:00,2083,33570,1,309.6975,GBP
2010-01-15 00:00:00,2010-01-18 00:00:00,2083,40769,2,619.395,GBP
2010-01-15 00:00:00,2010-01-18 00:00:00,2083,89706,1,309.6975,GBP
2010-01-15 00:00:00,2010-01-18 00:00:00,2091,33012,1,152.1975,GBP
2010-01-15 00:00:00,2010-01-18 00:00:00,2091,33904,1,152.1975,GBP
2010-01-15 00:00:00,2010-01-18 00:00:00,2091,76706,1,152.1975,GBP
2010-01-15 00:00:00,2010-01-18 00:00:00,2094,32804,1,433.0725,GBP
2010-01-15 00:00:00,2010-01-18 00:00:00,2094,33880,1,433.0725,USD
2010-01-15 00:00:00,2010-01-18 00:00:00,2094,34689,2,866.145,GBP
2010-01-15 00:00:00,2010-01-18 00:00:00,2094,57718,1,433.0725,GBP
2010-01-15 00:00:00,2010-01-18 00:00:00,2094,73127,1,433.0725,GBP
2010-01-15 00:00:00,2010-01-18 00:00:00,2094,77354,1,433.0725,USD
2010-01-15 00:00:00,2010-01-18 00:00:00,2094,79072,1,433.0725,USD
2010-01-15 00:00:00,2010-01-18 00:00:00,2094,91978,1,433.0725,USD
2010-01-15 00:00:00,2010-01-18 00:00:00,2094,92021,1,433.0725,GBP
2010-01-15 00:00:00,2010-01-18 00:00:00,2094,92056,1,433.0725,GBP
2010-01-15 00:00:00,2010-01-18 00:00:00,2094,92057,1,433.0725,GBP
2010-01-15 00:00:00,2010-01-18 00:00:00,2111,39576,1,577.2375,USD
2010-01-15 00:00:00,2010-01-18 00:00:00,2113,92399,1,472.2375,GBP
2010-01-15 00:00:00,2010-01-18 00:00:00,2126,07043,1,472.2375,USD
2010-01-15 00:00:00,2010-01-18 00:00:00,2128,07641,1,398.7375,USD
2010-01-15 00:00:00,2010-01-18 00:00:00,2152,77089,1,608.7375,GBP
2010-01-15 00:00:00,2010-01-18 00:00:00,2161,90254,1,571.9875,USD
2010-01-15 00:00:00,2010-01-18 00:00:00,2167,77505,1,577.2375,USD
2010-01-15 00:00:00,2010-01-18 00:00:00,2167,90740,1,577.2375,GBP
2010-01-15 00:00:00,2010-01-18 00:00:00,2167,95062,1,577.2375,USD
2010-01-15 00:00:00,2010-01-18 00:00:00,2169,78216,1,535.2375,GBP
2010-01-15 00:00:00,2010-01-18 00:00:00,2188,02739,1,233.5725,USD
2010-01-15 00:00:00,2010-01-18 00:00:00,2188,34266,1,233.5725,GBP
2010-01-15 00:00:00,2010-01-18 00:00:00,2188,36375,1,233.5725,GBP
2010-01-15 00:00:00,2010-01-18 00:00:00,2188,55945,1,233.5725,USD
2010-01-15 00:00:00,2010-01-18 00:00:00,2188,91740,1,233.5725,USD
2010-01-15 00:00:00,2010-01-18 00:00:00,2188,92147,1,233.5725,GBP
2010-01-15 00:00:00,2010-01-18 00:00:00,2188,94015,1,233.5725,GBP
2010-01-15 00:00:00,2010-01-18 00:00:00,2192,59106,1,202.0725,GBP
2010-01-15 00:00:00,2010-01-18 00:00:00,2192,94521,1,202.0725,USD
2010-01-15 00:00:00,2010-01-18 00:00:00,2199,33569,1,178.4475,USD
2010-01-15 00:00:00,2010-01-18 00:00:00,2199,34470,1,178.4475,USD
2010-01-15 00:00:00,2010-01-18 00:00:00,2199,40391,1,178.4475,USD
2010-01-15 00:00:00,2010-01-18 00:00:00,2199,72117,1,178.4475,USD
2010-01-15 00:00:00,2010-01-18 00:00:00,2199,84020,1,178.4475,USD
2010-01-15 00:00:00,2010-01-18 00:00:00,2199,84332,1,178.4475,USD
2010-01-15 00:00:00,2010-01-18 00:00:00,2199,90631,1,178.4475,USD
2010-01-15 00:00:00,2010-01-18 00:00:00,2204,40069,1,173.1975,GBP
2010-01-15 00:00:00,2010-01-18 00:00:00,2204,91765,1,173.1975,GBP
2010-01-15 00:00:00,2010-01-18 00:00:00,2204,95020,1,173.1975,USD
2010-01-15 00:00:00,2010-01-18 00:00:00,2205,72653,1,173.1975,USD
2010-01-15 00:00:00,2010-01-18 00:00:00,2205,92630,1,173.1975,GBP
2010-01-15 00:00:00,2010-01-18 00:00:00,2210,21921,1,107.5725,USD
2010-01-15 00:00:00,2010-01-18 00:00:00,2210,32141,1,107.5725,USD
2010-01-15 00:00:00,2010-01-18 00:00:00,2210,35907,1,107.5725,GBP
2010-01-15 00:00:00,2010-01-18 00:00:00,2210,38464,1,107.5725,USD
2010-01-15 00:00:00,2010-01-18 00:00:00,2210,73072,1,107.5725,GBP
2010-01-15 00:00:00,2010-01-18 00:00:00,2210,76001,1,107.5725,USD
2010-01-15 00:00:00,2010-01-18 00:00:00,2210,77066,1,107.5725,GBP
2010-01-15 00:00:00,2010-01-18 00:00:00,2210,77389,1,107.5725,USD
2010-01-15 00:00:00,2010-01-18 00:00:00,2210,79107,1,107.5725,USD
2010-01-15 00:00:00,2010-01-18 00:00:00,2210,82414,1,107.5725,GBP
2010-01-15 00:00:00,2010-01-18 00:00:00,2210,95043,1,107.5725,USD
2010-01-15 00:00:00,2010-01-18 00:00:00,2211,21671,1,107.5725,USD
2010-01-15 00:00:00,2010-01-18 00:00:00,2211,33326,1,107.5725,USD
2010-01-15 00:00:00,2010-01-18 00:00:00,2211,35215,1,107.5725,USD
2010-01-15 00:00:00,2010-01-18 00:00:00,2211,35907,1,107.5725,GBP
2010-01-15 00:00:00,2010-01-18 00:00:00,2211,37167,1,107.5725,USD
2010-01-15 00:00:00,2010-01-18 00:00:00,2211,39476,1,107.5725,USD
2010-01-15 00:00:00,2010-01-18 00:00:00,2211,64152,1,107.5725,GBP
2010-01-15 00:00:00,2010-01-18 00:00:00,2211,71852,1,107.5725,USD
2010-01-15 00:00:00,2010-01-18 00:00:00,2211,76001,1,107.5725,GBP
2010-01-15 00:00:00,2010-01-18 00:00:00,2211,77061,1,107.5725,USD
2010-01-15 00:00:00,2010-01-18 00:00:00,2211,77062,1,107.5725,USD
2010-01-15 00:00:00,2010-01-18 00:00:00,2211,77064,1,107.5725,USD
2010-01-15 00:00:00,2010-01-18 00:00:00,2211,77066,1,107.5725,GBP
2010-01-15 00:00:00,2010-01-18 00:00:00,2211,77546,2,215.145,USD
2010-01-15 00:00:00,2010-01-18 00:00:00,2211,95494,1,107.5725,USD
2010-01-15 00:00:00,2010-01-18 00:00:00,2234,02368,1,65.5725,GBP
2010-01-15 00:00:00,2010-01-18 00:00:00,2234,02382,2,131.145,USD
2010-01-15 00:00:00,2010-01-18 00:00:00,2234,06082,1,65.5725,GBP
2010-01-15 00:00:00,2010-01-18 00:00:00,2234,06351,1,65.5725,USD
2010-01-15 00:00:00,2010-01-18 00:00:00,2234,07052,2,131.145,GBP
2010-01-15 00:00:00,2010-01-18 00:00:00,2234,07470,1,65.5725,GBP
2010-01-15 00:00:00,2010-01-18 00:00:00,2234,08889,1,65.5725,USD
2010-01-15 00:00:00,2010-01-18 00:00:00,2234,21043,1,65.5725,USD
2010-01-15 00:00:00,2010-01-18 00:00:00,2234,21230,1,65.5725,USD
2010-01-15 00:00:00,2010-01-18 00:00:00,2234,29385,1,65.5725,USD
2010-01-15 00:00:00,2010-01-18 00:00:00,2234,29406,1,65.5725,GBP
2010-01-15 00:00:00,2010-01-18 00:00:00,2234,29488,2,131.145,GBP
2010-01-15 00:00:00,2010-01-18 00:00:00,2234,29640,1,65.5725,USD
2010-01-15 00:00:00,2010-01-18 00:00:00,2234,29650,1,65.5725,USD
2010-01-15 00:00:00,2010-01-18 00:00:00,2234,32428,2,131.145,USD
2010-01-15 00:00:00,2010-01-18 00:00:00,2234,32447,1,65.5725,USD
2010-01-15 00:00:00,2010-01-18 00:00:00,2234,32666,1,65.5725,USD
2010-01-15 00:00:00,2010-01-18 00:00:00,2234,32696,1,65.5725,USD
2010-01-15 00:00:00,2010-01-18 00:00:00,2234,32708,1,65.5725,USD
2010-01-15 00:00:00,2010-01-18 00:00:00,2234,32776,1,65.5725,USD
2010-01-15 00:00:00,2010-01-18 00:00:00,2234,33031,1,65.5725,GBP
2010-01-15 00:00:00,2010-01-18 00:00:00,2234,33549,1,65.5725,USD
2010-01-15 00:00:00,2010-01-18 00:00:00,2234,34786,1,65.5725,GBP
2010-01-15 00:00:00,2010-01-18 00:00:00,2234,34951,1,65.5725,USD
2010-01-15 00:00:00,2010-01-18 00:00:00,2234,35173,2,131.145,USD
2010-01-15 00:00:00,2010-01-18 00:00:00,2234,36079,1,65.5725,USD
2010-01-15 00:00:00,2010-01-18 00:00:00,2234,36260,1,65.5725,USD
2010-01-15 00:00:00,2010-01-18 00:00:00,2234,36567,1,65.5725,USD
2010-01-15 00:00:00,2010-01-18 00:00:00,2234,37048,1,65.5725,USD
2010-01-15 00:00:00,2010-01-18 00:00:00,2234,39563,3,196.7175,USD
2010-01-15 00:00:00,2010-01-18 00:00:00,2234,47404,1,65.5725,GBP
2010-01-15 00:00:00,2010-01-18 00:00:00,2234,47462,1,65.5725,USD
2010-01-15 00:00:00,2010-01-18 00:00:00,2234,70068,1,65.5725,USD
2010-01-15 00:00:00,2010-01-18 00:00:00,2234,71832,1,65.5725,USD
2010-01-15 00:00:00,2010-01-18 00:00:00,2234,71837,1,65.5725,USD
2010-01-15 00:00:00,2010-01-18 00:00:00,2234,73099,1,65.5725,USD
2010-01-15 00:00:00,2010-01-18 00:00:00,2234,73501,1,65.5725,USD
2010-01-15 00:00:00,2010-01-18 00:00:00,2234,75065,2,131.145,USD
2010-01-15 00:00:00,2010-01-18 00:00:00,2234,76001,1,65.5725,USD
2010-01-15 00:00:00,2010-01-18 00:00:00,2234,76443,1,65.5725,USD
2010-01-15 00:00:00,2010-01-18 00:00:00,2234,78739,2,131.145,USD
2010-01-15 00:00:00,2010-01-18 00:00:00,2234,83338,1,65.5725,USD
2010-01-15 00:00:00,2010-01-18 00:00:00,2234,83617,1,65.5725,USD
2010-01-15 00:00:00,2010-01-18 00:00:00,2234,85268,2,131.145,USD
2010-01-15 00:00:00,2010-01-18 00:00:00,2234,85282,1,65.5725,USD
2010-01-15 00:00:00,2010-01-18 00:00:00,2234,87114,1,65.5725,GBP
2010-01-15 00:00:00,2010-01-18 00:00:00,2234,88001,1,65.5725,USD
2010-01-15 00:00:00,2010-01-18 00:00:00,2234,88231,1,65.5725,GBP
2010-01-15 00:00:00,2010-01-18 00:00:00,2234,90274,1,65.5725,USD
2010-01-15 00:00:00,2010-01-18 00:00:00,2234,91311,2,131.145,USD
2010-01-15 00:00:00,2010-01-18 00:00:00,2234,91739,1,65.5725,GBP
2010-01-15 00:00:00,2010-01-18 00:00:00,2234,92019,1,65.5725,USD
2010-01-15 00:00:00,2010-01-18 00:00:00,2234,92020,1,65.5725,GBP
2010-01-15 00:00:00,2010-01-18 00:00:00,2234,92563,1,65.5725,GBP
2010-01-15 00:00:00,2010-01-18 00:00:00,2234,92662,1,65.5725,USD
2010-01-15 00:00:00,2010-01-18 00:00:00,2234,93117,1,65.5725,USD
2010-01-15 00:00:00,2010-01-18 00:00:00,2234,93460,1,65.5725,USD
2010-01-15 00:00:00,2010-01-18 00:00:00,2234,94087,1,65.5725,USD
2010-01-15 00:00:00,2010-01-18 00:00:00,2234,94535,1,65.5725,USD
2010-01-15 00:00:00,2010-01-18 00:00:00,2234,95020,1,65.5725,USD
2010-01-15 00:00:00,2010-01-18 00:00:00,2234,97306,1,65.5725,USD
2010-01-15 00:00:00,2010-01-18 00:00:00,2235,01060,1,65.5725,GBP
2010-01-15 00:00:00,2010-01-18 00:00:00,2235,01604,1,65.5725,USD
2010-01-15 00:00:00,2010-01-18 00:00:00,2235,02347,1,65.5725,USD
2010-01-15 00:00:00,2010-01-18 00:00:00,2235,02767,1,65.5725,USD
2010-01-15 00:00:00,2010-01-18 00:00:00,2235,07052,2,131.145,GBP
2010-01-15 00:00:00,2010-01-18 00:00:00,2235,07834,2,131.145,GBP
2010-01-15 00:00:00,2010-01-18 00:00:00,2235,19971,1,65.5725,USD
2010-01-15 00:00:00,2010-01-18 00:00:00,2235,20639,1,65.5725,USD
2010-01-15 00:00:00,2010-01-18 00:00:00,2235,21113,2,131.145,GBP
2010-01-15 00:00:00,2010-01-18 00:00:00,2235,21230,1,65.5725,GBP
2010-01-15 00:00:00,2010-01-18 00:00:00,2235,25121,1,65.5725,USD
2010-01-15 00:00:00,2010-01-18 00:00:00,2235,29118,1,65.5725,GBP
2010-01-15 00:00:00,2010-01-18 00:00:00,2235,32708,1,65.5725,USD
2010-01-15 00:00:00,2010-01-18 00:00:00,2235,33170,1,65.5725,USD
2010-01-15 00:00:00,2010-01-18 00:00:00,2235,34470,3,196.7175,GBP
2010-01-15 00:00:00,2010-01-18 00:00:00,2235,34667,1,65.5725,GBP
2010-01-15 00:00:00,2010-01-18 00:00:00,2235,34683,1,65.5725,USD
2010-01-15 00:00:00,2010-01-18 00:00:00,2235,35079,1,65.5725,USD
2010-01-15 00:00:00,2010-01-18 00:00:00,2235,35125,1,65.5725,GBP
2010-01-15 00:00:00,2010-01-18 00:00:00,2235,35216,1,65.5725,USD
2010-01-15 00:00:00,2010-01-18 00:00:00,2235,35580,1,65.5725,USD
2010-01-15 00:00:00,2010-01-18 00:00:00,2235,36079,1,65.5725,GBP
2010-01-15 00:00:00,2010-01-18 00:00:00,2235,36260,1,65.5725,GBP
2010-01-15 00:00:00,2010-01-18 00:00:00,2235,36567,1,65.5725,GBP
2010-01-15 00:00:00,2010-01-18 00:00:00,2235,37062,1,65.5725,USD
2010-01-15 00:00:00,2010-01-18 00:00:00,2235,37079,1,65.5725,USD
2010-01-15 00:00:00,2010-01-18 00:00:00,2235,38843,1,65.5725,GBP
2010-01-15 00:00:00,2010-01-18 00:00:00,2235,39325,2,131.145,GBP
2010-01-15 00:00:00,2010-01-18 00:00:00,2235,39480,1,65.5725,USD
2010-01-15 00:00:00,2010-01-18 00:00:00,2235,39553,1,65.5725,GBP
2010-01-15 00:00:00,2010-01-18 00:00:00,2235,39563,3,196.7175,USD
2010-01-15 00:00:00,2010-01-18 00:00:00,2235,41129,1,65.5725,GBP
2010-01-15 00:00:00,2010-01-18 00:00:00,2235,46222,1,65.5725,GBP
2010-01-15 00:00:00,2010-01-18 00:00:00,2235,46303,1,65.5725,USD
2010-01-15 00:00:00,2010-01-18 00:00:00,2235,47346,1,65.5725,GBP
2010-01-15 00:00:00,2010-01-18 00:00:00,2235,55033,1,65.5725,GBP
2010-01-15 00:00:00,2010-01-18 00:00:00,2235,55379,1,65.5725,USD
2010-01-15 00:00:00,2010-01-18 00:00:00,2235,63937,1,65.5725,GBP
2010-01-15 00:00:00,2010-01-18 00:00:00,2235,66503,1,65.5725,USD
2010-01-15 00:00:00,2010-01-18 00:00:00,2235,70401,1,65.5725,GBP
2010-01-15 00:00:00,2010-01-18 00:00:00,2235,70706,1,65.5725,GBP
2010-01-15 00:00:00,2010-01-18 00:00:00,2235,72032,1,65.5725,USD
2010-01-15 00:00:00,2010-01-18 00:00:00,2235,75042,3,196.7175,GBP
2010-01-15 00:00:00,2010-01-18 00:00:00,2235,76065,3,196.7175,GBP
2010-01-15 00:00:00,2010-01-18 00:00:00,2235,77093,1,65.5725,USD
2010-01-15 00:00:00,2010-01-18 00:00:00,2235,77336,1,65.5725,USD
2010-01-15 00:00:00,2010-01-18 00:00:00,2235,77480,1,65.5725,GBP
2010-01-15 00:00:00,2010-01-18 00:00:00,2235,78734,1,65.5725,GBP
2010-01-15 00:00:00,2010-01-18 00:00:00,2235,78739,2,131.145,USD
2010-01-15 00:00:00,2010-01-18 00:00:00,2235,79549,1,65.5725,GBP
2010-01-15 00:00:00,2010-01-18 00:00:00,2235,83835,2,131.145,GBP
2010-01-15 00:00:00,2010-01-18 00:00:00,2235,84004,1,65.5725,USD
2010-01-15 00:00:00,2010-01-18 00:00:00,2235,88011,1,65.5725,GBP
2010-01-15 00:00:00,2010-01-18 00:00:00,2235,90266,1,65.5725,USD
2010-01-15 00:00:00,2010-01-18 00:00:00,2235,92020,1,65.5725,GBP
2010-01-15 00:00:00,2010-01-18 00:00:00,2235,92404,1,65.5725,GBP
2010-01-15 00:00:00,2010-01-18 00:00:00,2235,92584,1,65.5725,GBP
2010-01-15 00:00:00,2010-01-18 00:00:00,2235,92592,1,65.5725,USD
2010-01-15 00:00:00,2010-01-18 00:00:00,2235,92653,1,65.5725,GBP
2010-01-15 00:00:00,2010-01-18 00:00:00,2235,94565,1,65.5725,GBP
2010-01-15 00:00:00,2010-01-18 00:00:00,2246,08501,1,131.1975,GBP
2010-01-15 00:00:00,2010-01-18 00:00:00,2247,32927,1,131.1975,GBP
2010-01-15 00:00:00,2010-01-18 00:00:00,2247,67901,1,131.1975,GBP
2010-01-15 00:00:00,2010-01-18 00:00:00,2254,03449,1,57.6975,USD
2010-01-15 00:00:00,2010-01-18 00:00:00,2254,05346,1,57.6975,GBP
2010-01-15 00:00:00,2010-01-18 00:00:00,2254,21060,1,57.6975,GBP
2010-01-15 00:00:00,2010-01-18 00:00:00,2254,21215,1,57.6975,USD
2010-01-15 00:00:00,2010-01-18 00:00:00,2254,29115,1,57.6975,GBP
2010-01-15 00:00:00,2010-01-18 00:00:00,2254,29123,1,57.6975,GBP
2010-01-15 00:00:00,2010-01-18 00:00:00,2254,32534,2,115.395,USD
2010-01-15 00:00:00,2010-01-18 00:00:00,2254,32780,1,57.6975,USD
2010-01-15 00:00:00,2010-01-18 00:00:00,2254,32934,1,57.6975,GBP
2010-01-15 00:00:00,2010-01-18 00:00:00,2254,32968,1,57.6975,GBP
2010-01-15 00:00:00,2010-01-18 00:00:00,2254,33314,1,57.6975,GBP
2010-01-15 00:00:00,2010-01-18 00:00:00,2254,36009,1,57.6975,GBP
2010-01-15 00:00:00,2010-01-18 00:00:00,2254,36029,2,115.395,USD
2010-01-15 00:00:00,2010-01-18 00:00:00,2254,36117,1,57.6975,GBP
2010-01-15 00:00:00,2010-01-18 00:00:00,2254,38551,1,57.6975,GBP
2010-01-15 00:00:00,2010-01-18 00:00:00,2254,40242,1,57.6975,GBP
2010-01-15 00:00:00,2010-01-18 00:00:00,2254,50009,1,70.8225,GBP
2010-01-15 00:00:00,2010-01-18 00:00:00,2254,56401,1,57.6975,GBP
2010-01-15 00:00:00,2010-01-18 00:00:00,2254,70563,1,57.6975,GBP
2010-01-15 00:00:00,2010-01-18 00:00:00,2254,71602,1,57.6975,GBP
2010-01-15 00:00:00,2010-01-18 00:00:00,2254,74857,1,57.6975,USD
2010-01-15 00:00:00,2010-01-18 00:00:00,2254,77005,1,57.6975,USD
2010-01-15 00:00:00,2010-01-18 00:00:00,2254,77478,1,57.6975,USD
2010-01-15 00:00:00,2010-01-18 00:00:00,2254,77530,1,57.6975,GBP
2010-01-15 00:00:00,2010-01-18 00:00:00,2254,78154,1,57.6975,USD
2010-01-15 00:00:00,2010-01-18 00:00:00,2254,78223,1,57.6975,GBP
2010-01-15 00:00:00,2010-01-18 00:00:00,2254,79014,1,57.6975,USD
2010-01-15 00:00:00,2010-01-18 00:00:00,2254,83815,1,57.6975,GBP
2010-01-15 00:00:00,2010-01-18 00:00:00,2254,84601,1,57.6975,GBP
2010-01-15 00:00:00,2010-01-18 00:00:00,2254,85260,2,115.395,GBP
2010-01-15 00:00:00,2010-01-18 00:00:00,2254,89010,1,57.6975,USD
2010-01-15 00:00:00,2010-01-18 00:00:00,2254,90504,1,57.6975,USD
2010-01-15 00:00:00,2010-01-18 00:00:00,2254,90807,1,57.6975,USD
2010-01-15 00:00:00,2010-01-18 00:00:00,2254,92240,1,57.6975,USD
2010-01-15 00:00:00,2010-01-18 00:00:00,2254,92311,1,57.6975,USD
2010-01-15 00:00:00,2010-01-18 00:00:00,2254,92377,1,57.6975,GBP
2010-01-15 00:00:00,2010-01-18 00:00:00,2254,92504,1,57.6975,USD
2010-01-15 00:00:00,2010-01-18 00:00:00,2254,92806,1,57.6975,USD
2010-01-15 00:00:00,2010-01-18 00:00:00,2254,93514,1,57.6975,USD
2010-01-15 00:00:00,2010-01-18 00:00:00,2254,95020,1,57.6975,GBP
2010-01-15 00:00:00,2010-01-18 00:00:00,2255,01721,1,57.6975,GBP
2010-01-15 00:00:00,2010-01-18 00:00:00,2255,05346,1,57.6975,GBP
2010-01-15 00:00:00,2010-01-18 00:00:00,2255,07078,2,115.395,GBP
2010-01-15 00:00:00,2010-01-18 00:00:00,2255,08804,1,57.6975,GBP
2010-01-15 00:00:00,2010-01-18 00:00:00,2255,08890,1,57.6975,GBP
2010-01-15 00:00:00,2010-01-18 00:00:00,2255,21215,1,57.6975,GBP
2010-01-15 00:00:00,2010-01-18 00:00:00,2255,21704,1,57.6975,GBP
2010-01-15 00:00:00,2010-01-18 00:00:00,2255,29661,1,57.6975,GBP
2010-01-15 00:00:00,2010-01-18 00:00:00,2255,29710,1,57.6975,USD
2010-01-15 00:00:00,2010-01-18 00:00:00,2255,32534,2,115.395,USD
2010-01-15 00:00:00,2010-01-18 00:00:00,2255,32780,1,57.6975,GBP
2010-01-15 00:00:00,2010-01-18 00:00:00,2255,32955,1,57.6975,GBP
2010-01-15 00:00:00,2010-01-18 00:00:00,2255,33314,1,57.6975,USD
2010-01-15 00:00:00,2010-01-18 00:00:00,2255,35022,1,57.6975,GBP
2010-01-15 00:00:00,2010-01-18 00:00:00,2255,36054,1,57.6975,GBP
2010-01-15 00:00:00,2010-01-18 00:00:00,2255,36346,1,57.6975,USD
2010-01-15 00:00:00,2010-01-18 00:00:00,2255,40004,1,57.6975,USD
2010-01-15 00:00:00,2010-01-18 00:00:00,2255,40769,1,57.6975,USD
2010-01-15 00:00:00,2010-01-18 00:00:00,2255,47201,1,57.6975,USD
2010-01-15 00:00:00,2010-01-18 00:00:00,2255,56431,1,57.6975,GBP
2010-01-15 00:00:00,2010-01-18 00:00:00,2255,73099,1,57.6975,GBP
2010-01-15 00:00:00,2010-01-18 00:00:00,2255,74804,1,57.6975,USD
2010-01-15 00:00:00,2010-01-18 00:00:00,2255,75146,1,57.6975,USD
2010-01-15 00:00:00,2010-01-18 00:00:00,2255,78223,1,57.6975,GBP
2010-01-15 00:00:00,2010-01-18 00:00:00,2255,79014,1,57.6975,GBP
2010-01-15 00:00:00,2010-01-18 00:00:00,2255,84120,1,57.6975,GBP
2010-01-15 00:00:00,2010-01-18 00:00:00,2255,85027,1,57.6975,GBP
2010-01-15 00:00:00,2010-01-18 00:00:00,2255,86314,1,57.6975,GBP
2010-01-15 00:00:00,2010-01-18 00:00:00,2255,86404,1,57.6975,GBP
2010-01-15 00:00:00,2010-01-18 00:00:00,2255,90260,1,57.6975,GBP
2010-01-15 00:00:00,2010-01-18 00:00:00,2255,90810,1,57.6975,GBP
2010-01-15 00:00:00,2010-01-18 00:00:00,2255,91737,1,57.6975,USD
2010-01-15 00:00:00,2010-01-18 00:00:00,2255,91916,1,57.6975,USD
2010-01-15 00:00:00,2010-01-18 00:00:00,2255,92065,1,57.6975,USD
2010-01-15 00:00:00,2010-01-18 00:00:00,2255,92071,1,57.6975,GBP
2010-01-15 00:00:00,2010-01-18 00:00:00,2255,92407,1,57.6975,GBP
2010-01-15 00:00:00,2010-01-18 00:00:00,2255,92504,1,57.6975,GBP
2010-01-15 00:00:00,2010-01-18 00:00:00,2255,93021,1,57.6975,USD
2010-01-15 00:00:00,2010-01-18 00:00:00,2255,93465,1,57.6975,USD
2010-01-15 00:00:00,2010-01-18 00:00:00,2255,95037,1,57.6975,GBP
2010-01-15 00:00:00,2010-01-18 00:00:00,2255,97415,1,57.6975,GBP
2010-01-15 00:00:00,2010-01-18 00:00:00,2255,99514,1,57.6975,GBP
2010-01-15 00:00:00,2010-01-18 00:00:00,2268,87015,1,309.6975,GBP
2010-01-15 00:00:00,2010-01-18 00:00:00,2277,01501,1,251.9475,GBP
2010-01-15 00:00:00,2010-01-18 00:00:00,2277,02663,1,251.9475,GBP
2010-01-15 00:00:00,2010-01-18 00:00:00,2277,05701,1,251.9475,GBP
2010-01-15 00:00:00,2010-01-18 00:00:00,2277,07423,1,251.9475,GBP
2010-01-15 00:00:00,2010-01-18 00:00:00,2277,21738,1,251.9475,GBP
2010-01-15 00:00:00,2010-01-18 00:00:00,2277,21770,1,251.9475,USD
2010-01-15 00:00:00,2010-01-18 00:00:00,2277,26753,1,251.9475,USD
2010-01-15 00:00:00,2010-01-18 00:00:00,2277,32607,1,251.9475,GBP
2010-01-15 00:00:00,2010-01-18 00:00:00,2277,33043,1,251.9475,GBP
2010-01-15 00:00:00,2010-01-18 00:00:00,2277,36117,1,251.9475,GBP
2010-01-15 00:00:00,2010-01-18 00:00:00,2277,50207,1,251.9475,USD
2010-01-15 00:00:00,2010-01-18 00:00:00,2277,59405,1,251.9475,GBP
2010-01-15 00:00:00,2010-01-18 00:00:00,2277,64151,1,251.9475,USD
2010-01-15 00:00:00,2010-01-18 00:00:00,2277,65301,1,251.9475,GBP
2010-01-15 00:00:00,2010-01-18 00:00:00,2277,67460,1,251.9475,USD
2010-01-15 00:00:00,2010-01-18 00:00:00,2277,68112,1,251.9475,USD
2010-01-15 00:00:00,2010-01-18 00:00:00,2277,68113,1,251.9475,GBP
2010-01-15 00:00:00,2010-01-18 00:00:00,2277,70460,1,251.9475,USD
2010-01-15 00:00:00,2010-01-18 00:00:00,2277,73099,1,251.9475,GBP
2010-01-15 00:00:00,2010-01-18 00:00:00,2277,74855,1,251.9475,GBP
2010-01-15 00:00:00,2010-01-18 00:00:00,2277,76117,1,251.9475,GBP
2010-01-15 00:00:00,2010-01-18 00:00:00,2277,76248,1,251.9475,GBP
2010-01-15 00:00:00,2010-01-18 00:00:00,2277,76262,1,251.9475,GBP
2010-01-15 00:00:00,2010-01-18 00:00:00,2277,76357,1,251.9475,GBP
2010-01-15 00:00:00,2010-01-18 00:00:00,2277,77040,1,251.9475,GBP
2010-01-15 00:00:00,2010-01-18 00:00:00,2277,77062,1,251.9475,USD
2010-01-15 00:00:00,2010-01-18 00:00:00,2277,77340,1,251.9475,GBP
2010-01-15 00:00:00,2010-01-18 00:00:00,2277,77423,1,251.9475,USD
2010-01-15 00:00:00,2010-01-18 00:00:00,2277,77521,1,251.9475,GBP
2010-01-15 00:00:00,2010-01-18 00:00:00,2277,82633,1,251.9475,USD
2010-01-15 00:00:00,2010-01-18 00:00:00,2277,85020,1,251.9475,GBP
2010-01-15 00:00:00,2010-01-18 00:00:00,2277,85220,1,251.9475,GBP
2010-01-15 00:00:00,2010-01-18 00:00:00,2277,85382,1,251.9475,GBP
2010-01-15 00:00:00,2010-01-18 00:00:00,2277,87110,5,1259.7375,USD
2010-01-15 00:00:00,2010-01-18 00:00:00,2277,88201,2,503.895,GBP
2010-01-15 00:00:00,2010-01-18 00:00:00,2277,89107,1,251.9475,USD
2010-01-15 00:00:00,2010-01-18 00:00:00,2277,89108,1,251.9475,USD
2010-01-15 00:00:00,2010-01-18 00:00:00,2277,90505,1,251.9475,GBP
2010-01-15 00:00:00,2010-01-18 00:00:00,2277,90623,1,251.9475,GBP
2010-01-15 00:00:00,2010-01-18 00:00:00,2277,91709,1,251.9475,GBP
2010-01-15 00:00:00,2010-01-18 00:00:00,2277,92239,1,251.9475,GBP
2010-01-15 00:00:00,2010-01-18 00:00:00,2277,92317,1,251.9475,GBP
2010-01-15 00:00:00,2010-01-18 00:00:00,2277,92405,1,251.9475,GBP
2010-01-15 00:00:00,2010-01-18 00:00:00,2277,92509,1,251.9475,GBP
2010-01-15 00:00:00,2010-01-18 00:00:00,2277,92627,1,251.9475,GBP
2010-01-15 00:00:00,2010-01-18 00:00:00,2277,93550,2,503.895,GBP
2010-01-15 00:00:00,2010-01-18 00:00:00,2277,93638,1,251.9475,USD
2010-01-15 00:00:00,2010-01-18 00:00:00,2277,94080,1,251.9475,USD
2010-01-15 00:00:00,2010-01-18 00:00:00,2277,95032,1,251.9475,GBP
2010-01-15 00:00:00,2010-01-18 00:00:00,2277,97362,1,251.9475,USD
2010-01-15 00:00:00,2010-01-18 00:00:00,2279,29154,1,165.3225,GBP
2010-01-15 00:00:00,2010-01-18 00:00:00,2279,29936,1,165.3225,USD
2010-01-15 00:00:00,2010-01-18 00:00:00,2279,32503,1,165.3225,GBP
2010-01-15 00:00:00,2010-01-18 00:00:00,2279,32583,1,165.3225,USD
2010-01-15 00:00:00,2010-01-18 00:00:00,2279,32924,1,165.3225,USD
2010-01-15 00:00:00,2010-01-18 00:00:00,2279,33317,1,165.3225,USD
2010-01-15 00:00:00,2010-01-18 00:00:00,2279,33470,1,165.3225,USD
2010-01-15 00:00:00,2010-01-18 00:00:00,2279,37061,1,165.3225,GBP
2010-01-15 00:00:00,2010-01-18 00:00:00,2279,89449,1,165.3225,USD
2010-01-15 00:00:00,2010-01-18 00:00:00,2279,89820,1,165.3225,USD
2010-01-15 00:00:00,2010-01-18 00:00:00,2279,92154,1,165.3225,GBP
2010-01-15 00:00:00,2010-01-18 00:00:00,2279,92592,2,330.645,GBP
2010-01-15 00:00:00,2010-01-18 00:00:00,2279,92647,1,165.3225,GBP
2010-01-15 00:00:00,2010-01-18 00:00:00,2279,96007,1,165.3225,GBP
2010-01-15 00:00:00,2010-01-18 00:00:00,2282,02360,1,304.4475,GBP
2010-01-15 00:00:00,2010-01-18 00:00:00,2282,06512,1,304.4475,GBP
2010-01-15 00:00:00,2010-01-18 00:00:00,2282,29369,1,304.4475,USD
2010-01-15 00:00:00,2010-01-18 00:00:00,2282,33406,1,304.4475,GBP
2010-01-15 00:00:00,2010-01-18 00:00:00,2282,35005,1,304.4475,GBP
2010-01-15 00:00:00,2010-01-18 00:00:00,2282,37617,1,304.4475,GBP
2010-01-15 00:00:00,2010-01-18 00:00:00,2282,42327,1,304.4475,USD
2010-01-15 00:00:00,2010-01-18 00:00:00,2282,53121,1,913.3425,USD
2010-01-15 00:00:00,2010-01-18 00:00:00,2282,59912,2,608.895,USD
2010-01-15 00:00:00,2010-01-18 00:00:00,2282,63114,1,304.4475,USD
2010-01-15 00:00:00,2010-01-18 00:00:00,2282,70817,1,304.4475,GBP
2010-01-15 00:00:00,2010-01-18 00:00:00,2282,73089,1,304.4475,GBP
2010-01-15 00:00:00,2010-01-18 00:00:00,2282,77346,1,304.4475,USD
2010-01-15 00:00:00,2010-01-18 00:00:00,2282,77640,1,304.4475,GBP
2010-01-15 00:00:00,2010-01-18 00:00:00,2282,83839,1,304.4475,GBP
2010-01-15 00:00:00,2010-01-18 00:00:00,2282,84624,1,304.4475,GBP
2010-01-15 00:00:00,2010-01-18 00:00:00,2282,85222,1,304.4475,USD
2010-01-15 00:00:00,2010-01-18 00:00:00,2282,85308,1,304.4475,GBP
2010-01-15 00:00:00,2010-01-18 00:00:00,2282,85750,2,608.895,GBP
2010-01-15 00:00:00,2010-01-18 00:00:00,2282,87124,1,304.4475,GBP
2010-01-15 00:00:00,2010-01-18 00:00:00,2282,88011,1,304.4475,GBP
2010-01-15 00:00:00,2010-01-18 00:00:00,2282,89012,1,304.4475,USD
2010-01-15 00:00:00,2010-01-18 00:00:00,2282,89119,1,304.4475,GBP
2010-01-15 00:00:00,2010-01-18 00:00:00,2282,89511,1,304.4475,GBP
2010-01-15 00:00:00,2010-01-18 00:00:00,2282,90304,1,304.4475,USD
2010-01-15 00:00:00,2010-01-18 00:00:00,2282,90808,2,608.895,GBP
2010-01-15 00:00:00,2010-01-18 00:00:00,2282,91351,2,608.895,GBP
2010-01-15 00:00:00,2010-01-18 00:00:00,2282,91402,1,304.4475,GBP
2010-01-15 00:00:00,2010-01-18 00:00:00,2282,91604,1,304.4475,GBP
2010-01-15 00:00:00,2010-01-18 00:00:00,2282,91901,1,304.4475,USD
2010-01-15 00:00:00,2010-01-18 00:00:00,2282,91910,2,608.895,USD
2010-01-15 00:00:00,2010-01-18 00:00:00,2282,92008,1,304.4475,GBP
2010-01-15 00:00:00,2010-01-18 00:00:00,2282,92037,1,304.4475,GBP
2010-01-15 00:00:00,2010-01-18 00:00:00,2282,92055,1,304.4475,USD
2010-01-15 00:00:00,2010-01-18 00:00:00,2282,92101,1,304.4475,GBP
2010-01-15 00:00:00,2010-01-18 00:00:00,2282,92106,1,304.4475,GBP
2010-01-15 00:00:00,2010-01-18 00:00:00,2282,92335,1,304.4475,GBP
2010-01-15 00:00:00,2010-01-18 00:00:00,2282,92336,1,304.4475,USD
2010-01-15 00:00:00,2010-01-18 00:00:00,2282,92345,4,1217.79,GBP
2010-01-15 00:00:00,2010-01-18 00:00:00,2282,92373,1,304.4475,GBP
2010-01-15 00:00:00,2010-01-18 00:00:00,2282,92691,1,304.4475,GBP
2010-01-15 00:00:00,2010-01-18 00:00:00,2282,93436,1,304.4475,GBP
2010-01-15 00:00:00,2010-01-18 00:00:00,2282,93440,1,304.4475,GBP
2010-01-15 00:00:00,2010-01-18 00:00:00,2282,94066,1,304.4475,GBP
2010-01-15 00:00:00,2010-01-18 00:00:00,2282,94087,1,304.4475,GBP
2010-01-15 00:00:00,2010-01-18 00:00:00,2282,94536,1,304.4475,USD
2010-01-15 00:00:00,2010-01-18 00:00:00,2282,95121,1,304.4475,USD
2010-01-15 00:00:00,2010-01-18 00:00:00,2282,95503,1,304.4475,USD
2010-01-15 00:00:00,2010-01-18 00:00:00,2282,95966,1,304.4475,USD
2010-01-15 00:00:00,2010-01-18 00:00:00,2282,97019,1,304.4475,GBP
2010-01-15 00:00:00,2010-01-18 00:00:00,2282,97034,1,304.4475,GBP
2010-01-15 00:00:00,2010-01-18 00:00:00,2282,97321,1,304.4475,GBP
2010-01-15 00:00:00,2010-01-18 00:00:00,2284,06776,1,293.9475,USD
2010-01-15 00:00:00,2010-01-18 00:00:00,2284,07110,1,293.9475,GBP
2010-01-15 00:00:00,2010-01-18 00:00:00,2284,07626,1,293.9475,USD
2010-01-15 00:00:00,2010-01-18 00:00:00,2284,08876,1,293.9475,USD
2010-01-15 00:00:00,2010-01-18 00:00:00,2284,19720,1,293.9475,USD
2010-01-15 00:00:00,2010-01-18 00:00:00,2284,33157,1,293.9475,USD
2010-01-15 00:00:00,2010-01-18 00:00:00,2284,37022,1,293.9475,GBP
2010-01-15 00:00:00,2010-01-18 00:00:00,2284,37620,1,293.9475,USD
2010-01-15 00:00:00,2010-01-18 00:00:00,2284,40856,1,293.9475,USD
2010-01-15 00:00:00,2010-01-18 00:00:00,2284,46528,1,293.9475,USD
2010-01-15 00:00:00,2010-01-18 00:00:00,2284,50321,1,587.895,GBP
2010-01-15 00:00:00,2010-01-18 00:00:00,2284,51501,1,293.9475,USD
2010-01-15 00:00:00,2010-01-18 00:00:00,2284,51601,1,293.9475,USD
2010-01-15 00:00:00,2010-01-18 00:00:00,2284,75002,1,293.9475,USD
2010-01-15 00:00:00,2010-01-18 00:00:00,2284,76008,1,293.9475,USD
2010-01-15 00:00:00,2010-01-18 00:00:00,2284,76014,1,293.9475,USD
2010-01-15 00:00:00,2010-01-18 00:00:00,2284,76028,1,293.9475,USD
2010-01-15 00:00:00,2010-01-18 00:00:00,2284,76180,1,293.9475,USD
2010-01-15 00:00:00,2010-01-18 00:00:00,2284,76542,1,293.9475,GBP
2010-01-15 00:00:00,2010-01-18 00:00:00,2284,77651,1,293.9475,USD
2010-01-15 00:00:00,2010-01-18 00:00:00,2284,79932,1,293.9475,USD
2010-01-15 00:00:00,2010-01-18 00:00:00,2284,83350,1,293.9475,GBP
2010-01-15 00:00:00,2010-01-18 00:00:00,2284,89005,1,293.9475,USD
2010-01-15 00:00:00,2010-01-18 00:00:00,2284,90504,1,293.9475,USD
2010-01-15 00:00:00,2010-01-18 00:00:00,2284,90720,1,293.9475,USD
2010-01-15 00:00:00,2010-01-18 00:00:00,2284,90803,1,293.9475,USD
2010-01-15 00:00:00,2010-01-18 00:00:00,2284,90808,1,293.9475,USD
2010-01-15 00:00:00,2010-01-18 00:00:00,2284,91311,1,293.9475,USD
2010-01-15 00:00:00,2010-01-18 00:00:00,2284,92701,1,293.9475,GBP
2010-01-15 00:00:00,2010-01-18 00:00:00,2284,92780,2,587.895,USD
2010-01-15 00:00:00,2010-01-18 00:00:00,2284,92806,1,293.9475,USD
2010-01-15 00:00:00,2010-01-18 00:00:00,2284,93510,1,293.9475,USD
2010-01-15 00:00:00,2010-01-18 00:00:00,2284,94536,1,293.9475,USD
2010-01-15 00:00:00,2010-01-18 00:00:00,2284,94553,1,293.9475,USD
2010-01-15 00:00:00,2010-01-18 00:00:00,2284,94568,1,293.9475,USD
2010-01-15 00:00:00,2010-01-18 00:00:00,2284,95008,1,293.9475,GBP
2010-01-15 00:00:00,2010-01-18 00:00:00,2284,95219,1,293.9475,USD
2010-01-15 00:00:00,2010-01-18 00:00:00,2284,97914,1,293.9475,USD
2010-01-15 00:00:00,2010-01-18 00:00:00,2287,33467,1,839.9475,GBP
2010-01-15 00:00:00,2010-01-18 00:00:00,2287,34452,1,839.9475,GBP
2010-01-15 00:00:00,2010-01-18 00:00:00,2287,72941,1,839.9475,GBP
2010-01-15 00:00:00,2010-01-18 00:00:00,2287,75704,1,839.9475,GBP
2010-01-15 00:00:00,2010-01-18 00:00:00,2287,77356,1,839.9475,GBP
2010-01-15 00:00:00,2010-01-18 00:00:00,2287,79029,1,839.9475,GBP
2010-01-15 00:00:00,2010-01-18 00:00:00,2290,37840,1,787.4475,USD
2010-01-15 00:00:00,2010-01-18 00:00:00,2290,93275,1,787.4475,GBP
2010-01-15 00:00:00,2010-01-18 00:00:00,2307,93105,1,278.1975,USD
2010-01-15 00:00:00,2010-01-18 00:00:00,2307,93710,1,278.1975,USD
2010-01-15 00:00:00,2010-01-18 00:00:00,2331,02804,1,535.4475,GBP
2010-01-15 00:00:00,2010-01-18 00:00:00,2331,06712,1,535.4475,GBP
2010-01-15 00:00:00,2010-01-18 00:00:00,2331,07871,1,535.4475,GBP
2010-01-15 00:00:00,2010-01-18 00:00:00,2331,20879,1,535.4475,USD
2010-01-15 00:00:00,2010-01-18 00:00:00,2331,21042,1,535.4475,USD
2010-01-15 00:00:00,2010-01-18 00:00:00,2331,29341,1,535.4475,GBP
2010-01-15 00:00:00,2010-01-18 00:00:00,2331,32780,1,535.4475,USD
2010-01-15 00:00:00,2010-01-18 00:00:00,2331,32809,1,535.4475,USD
2010-01-15 00:00:00,2010-01-18 00:00:00,2331,32839,1,535.4475,USD
2010-01-15 00:00:00,2010-01-18 00:00:00,2331,33351,1,535.4475,USD
2010-01-15 00:00:00,2010-01-18 00:00:00,2331,33635,2,1070.895,GBP
2010-01-15 00:00:00,2010-01-18 00:00:00,2331,33764,1,535.4475,USD
2010-01-15 00:00:00,2010-01-18 00:00:00,2331,34293,1,535.4475,USD
2010-01-15 00:00:00,2010-01-18 00:00:00,2331,35223,1,535.4475,USD
2010-01-15 00:00:00,2010-01-18 00:00:00,2331,46360,1,535.4475,USD
2010-01-15 00:00:00,2010-01-18 00:00:00,2331,55410,1,535.4475,GBP
2010-01-15 00:00:00,2010-01-18 00:00:00,2331,55422,1,535.4475,GBP
2010-01-15 00:00:00,2010-01-18 00:00:00,2331,57702,1,535.4475,GBP
2010-01-15 00:00:00,2010-01-18 00:00:00,2331,75023,1,535.4475,USD
2010-01-15 00:00:00,2010-01-18 00:00:00,2331,75070,1,535.4475,USD
2010-01-15 00:00:00,2010-01-18 00:00:00,2331,75219,1,535.4475,USD
2010-01-15 00:00:00,2010-01-18 00:00:00,2331,76137,1,535.4475,GBP
2010-01-15 00:00:00,2010-01-18 00:00:00,2331,77081,1,535.4475,USD
2010-01-15 00:00:00,2010-01-18 00:00:00,2331,78232,1,535.4475,GBP
2010-01-15 00:00:00,2010-01-18 00:00:00,2331,92505,1,535.4475,USD
2010-01-15 00:00:00,2010-01-18 00:00:00,2331,92780,2,1070.895,GBP
2010-01-15 00:00:00,2010-01-18 00:00:00,2331,93722,1,535.4475,USD
2010-01-15 00:00:00,2010-01-18 00:00:00,2331,97303,1,535.4475,GBP
2010-01-15 00:00:00,2010-01-18 00:00:00,2331,97504,1,535.4475,USD
2010-01-15 00:00:00,2010-01-18 00:00:00,2351,32621,1,314.9475,USD
2010-01-15 00:00:00,2010-01-18 00:00:00,2351,33147,1,341.1975,USD
2010-01-15 00:00:00,2010-01-18 00:00:00,2351,85257,1,341.1975,USD
2010-01-15 00:00:00,2010-01-18 00:00:00,2351,92117,1,314.9475,USD
2010-01-15 00:00:00,2010-01-18 00:00:00,2351,94117,1,314.9475,USD
2010-01-15 00:00:00,2010-01-18 00:00:00,2352,08080,2,776.895,GBP
2010-01-15 00:00:00,2010-01-18 00:00:00,2352,32542,1,388.4475,GBP
2010-01-15 00:00:00,2010-01-18 00:00:00,2352,85224,1,367.4475,GBP
2010-01-15 00:00:00,2010-01-18 00:00:00,2352,95624,1,388.4475,GBP
2010-01-15 00:00:00,2010-01-18 00:00:00,2364,92615,1,314.9475,USD
2010-01-15 00:00:00,2010-01-18 00:00:00,2371,34601,1,551.1975,GBP
2010-01-15 00:00:00,2010-01-18 00:00:00,2371,76636,1,551.1975,USD
2010-01-15 00:00:00,2010-01-18 00:00:00,2371,79606,1,551.1975,USD
2010-01-15 00:00:00,2010-01-18 00:00:00,2372,32796,1,398.9475,GBP
2010-01-15 00:00:00,2010-01-18 00:00:00,2372,65803,1,425.1975,USD
2010-01-15 00:00:00,2010-01-18 00:00:00,2372,88220,1,398.9475,GBP
2010-01-15 00:00:00,2010-01-18 00:00:00,2373,29847,1,551.1975,USD
2010-01-15 00:00:00,2010-01-18 00:00:00,2373,32130,1,1653.5925,GBP
2010-01-15 00:00:00,2010-01-18 00:00:00,2373,32130,1,551.1975,USD
2010-01-15 00:00:00,2010-01-18 00:00:00,2373,32507,1,551.1975,GBP
2010-01-15 00:00:00,2010-01-18 00:00:00,2373,32780,1,551.1975,USD
2010-01-15 00:00:00,2010-01-18 00:00:00,2373,34689,1,551.1975,GBP
2010-01-15 00:00:00,2010-01-18 00:00:00,2373,36426,1,551.1975,GBP
2010-01-15 00:00:00,2010-01-18 00:00:00,2373,38863,1,551.1975,USD
2010-01-15 00:00:00,2010-01-18 00:00:00,2373,39443,1,551.1975,USD
2010-01-15 00:00:00,2010-01-18 00:00:00,2373,54082,1,551.1975,USD
2010-01-15 00:00:00,2010-01-18 00:00:00,2373,71106,1,551.1975,USD
2010-01-15 00:00:00,2010-01-18 00:00:00,2373,71753,1,551.1975,GBP
2010-01-15 00:00:00,2010-01-18 00:00:00,2373,78418,1,551.1975,USD
2010-01-15 00:00:00,2010-01-18 00:00:00,2373,85304,1,551.1975,USD
2010-01-15 00:00:00,2010-01-18 00:00:00,2373,89108,1,551.1975,USD
2010-01-15 00:00:00,2010-01-18 00:00:00,2373,91106,1,551.1975,GBP
2010-01-15 00:00:00,2010-01-18 00:00:00,2373,92028,1,551.1975,USD
2010-01-15 00:00:00,2010-01-18 00:00:00,2373,92131,1,551.1975,GBP
2010-01-15 00:00:00,2010-01-18 00:00:00,2373,92509,1,551.1975,GBP
2010-01-15 00:00:00,2010-01-18 00:00:00,2379,33024,3,519.5925,USD
2010-01-15 00:00:00,2010-01-18 00:00:00,2379,95051,1,204.6975,GBP
2010-01-15 00:00:00,2010-01-18 00:00:00,2379,95827,2,388.395,USD
2010-01-15 00:00:00,2010-01-18 00:00:00,2380,33625,1,309.6975,USD
2010-01-15 00:00:00,2010-01-18 00:00:00,2380,70817,1,293.9475,USD
2010-01-15 00:00:00,2010-01-18 00:00:00,2380,95219,1,293.9475,USD
2010-01-15 00:00:00,2010-01-18 00:00:00,2388,29696,1,309.6975,USD
2010-01-15 00:00:00,2010-01-18 00:00:00,2388,32725,1,309.6975,GBP
2010-01-15 00:00:00,2010-01-18 00:00:00,2388,32806,1,309.6975,GBP
2010-01-15 00:00:00,2010-01-18 00:00:00,2388,33013,1,309.6975,USD
2010-01-15 00:00:00,2010-01-18 00:00:00,2388,33043,1,309.6975,USD
2010-01-15 00:00:00,2010-01-18 00:00:00,2388,35226,1,309.6975,USD
2010-01-15 00:00:00,2010-01-18 00:00:00,2388,36545,1,309.6975,USD
2010-01-15 00:00:00,2010-01-18 00:00:00,2388,37660,1,309.6975,USD
2010-01-15 00:00:00,2010-01-18 00:00:00,2388,72401,1,309.6975,USD
2010-01-15 00:00:00,2010-01-18 00:00:00,2388,73096,1,309.6975,USD
2010-01-15 00:00:00,2010-01-18 00:00:00,2388,75067,1,309.6975,GBP
2010-01-15 00:00:00,2010-01-18 00:00:00,2388,77077,1,309.6975,USD
2010-01-15 00:00:00,2010-01-18 00:00:00,2388,77336,1,309.6975,USD
2010-01-15 00:00:00,2010-01-18 00:00:00,2388,77354,1,309.6975,USD
2010-01-15 00:00:00,2010-01-18 00:00:00,2388,78681,1,309.6975,USD
2010-01-15 00:00:00,2010-01-18 00:00:00,2388,84103,1,309.6975,USD
2010-01-15 00:00:00,2010-01-18 00:00:00,2388,85296,1,309.6975,USD
2010-01-15 00:00:00,2010-01-18 00:00:00,2388,87583,1,309.6975,USD
2010-01-15 00:00:00,2010-01-18 00:00:00,2388,88220,1,309.6975,GBP
2010-01-15 00:00:00,2010-01-18 00:00:00,2388,89119,1,309.6975,GBP
2010-01-15 00:00:00,2010-01-18 00:00:00,2388,94587,1,309.6975,USD
2010-01-15 00:00:00,2010-01-18 00:00:00,2401,34601,1,162.6975,GBP
2010-01-15 00:00:00,2010-01-18 00:00:00,2406,32405,1,86.5725,USD
2010-01-15 00:00:00,2010-01-18 00:00:00,2406,33041,1,89.1975,GBP
2010-01-15 00:00:00,2010-01-18 00:00:00,2406,57006,1,89.1975,GBP
2010-01-15 00:00:00,2010-01-18 00:00:00,2406,89122,1,89.1975,GBP
2010-01-15 00:00:00,2010-01-18 00:00:00,2407,33050,1,73.4475,USD
2010-01-15 00:00:00,2010-01-18 00:00:00,2407,72007,1,73.4475,GBP
2010-01-15 00:00:00,2010-01-18 00:00:00,2407,74136,1,73.4475,GBP
2010-01-15 00:00:00,2010-01-18 00:00:00,2407,75154,1,73.4475,USD
2010-01-15 00:00:00,2010-01-18 00:00:00,2407,92359,1,73.4475,GBP
2010-01-15 00:00:00,2010-01-18 00:00:00,2407,94931,1,73.4475,GBP
2010-01-15 00:00:00,2010-01-18 00:00:00,2410,33316,1,99.6975,GBP
2010-01-15 00:00:00,2010-01-18 00:00:00,2410,63901,1,99.6975,USD
2010-01-15 00:00:00,2010-01-18 00:00:00,2410,72396,1,99.6975,GBP
2010-01-15 00:00:00,2010-01-19 00:00:00,25,33028,1,792.75,USD
2010-01-15 00:00:00,2010-01-19 00:00:00,36,02568,1,414.75,GBP
2010-01-15 00:00:00,2010-01-19 00:00:00,36,47710,1,414.75,USD
2010-01-15 00:00:00,2010-01-19 00:00:00,36,85258,1,414.75,GBP
2010-01-15 00:00:00,2010-01-19 00:00:00,36,92264,1,414.75,GBP
2010-01-15 00:00:00,2010-01-19 00:00:00,36,95023,1,414.75,GBP
2010-01-15 00:00:00,2010-01-19 00:00:00,120,70471,1,829.5,GBP
2010-01-15 00:00:00,2010-01-19 00:00:00,120,78746,1,829.5,GBP
2010-01-15 00:00:00,2010-01-19 00:00:00,120,88211,1,829.5,GBP
2010-01-15 00:00:00,2010-01-19 00:00:00,139,59808,1,546,GBP
2010-01-15 00:00:00,2010-01-19 00:00:00,139,92807,1,546,GBP
2010-01-15 00:00:00,2010-01-19 00:00:00,157,93010,1,619.5,GBP
2010-01-15 00:00:00,2010-01-19 00:00:00,157,93950,1,619.5,GBP
2010-01-15 00:00:00,2010-01-19 00:00:00,159,32216,1,805.875,USD
2010-01-15 00:00:00,2010-01-19 00:00:00,187,02331,1,819,USD
2010-01-15 00:00:00,2010-01-19 00:00:00,195,75032,1,750.225,USD
2010-01-15 00:00:00,2010-01-19 00:00:00,195,76571,1,750.225,USD
2010-01-15 00:00:00,2010-01-19 00:00:00,195,92126,1,750.225,GBP
2010-01-15 00:00:00,2010-01-19 00:00:00,195,95032,1,750.225,GBP
2010-01-15 00:00:00,2010-01-19 00:00:00,228,91207,1,655.9875,GBP
2010-01-15 00:00:00,2010-01-19 00:00:00,234,90402,1,403.9875,USD
2010-01-15 00:00:00,2010-01-19 00:00:00,248,78745,1,524.7375,USD
2010-01-15 00:00:00,2010-01-19 00:00:00,297,90049,1,708.4875,USD
2010-01-15 00:00:00,2010-01-19 00:00:00,318,92009,2,1731.975,USD
2010-01-15 00:00:00,2010-01-19 00:00:00,326,34287,1,708.4875,USD
2010-01-15 00:00:00,2010-01-19 00:00:00,326,94086,1,708.4875,GBP
2010-01-15 00:00:00,2010-01-19 00:00:00,343,32221,1,865.9875,GBP
2010-01-15 00:00:00,2010-01-19 00:00:00,343,95003,1,865.9875,GBP
2010-01-15 00:00:00,2010-01-19 00:00:00,370,46835,1,540.4875,GBP
2010-01-15 00:00:00,2010-01-19 00:00:00,370,91607,1,540.4875,USD
2010-01-15 00:00:00,2010-01-19 00:00:00,370,92345,1,540.4875,GBP
2010-01-15 00:00:00,2010-01-19 00:00:00,396,02093,1,857.0625,USD
2010-01-15 00:00:00,2010-01-19 00:00:00,396,02703,1,857.0625,GBP
2010-01-15 00:00:00,2010-01-19 00:00:00,396,02911,2,1714.125,GBP
2010-01-15 00:00:00,2010-01-19 00:00:00,396,05262,1,857.0625,USD
2010-01-15 00:00:00,2010-01-19 00:00:00,396,06111,1,857.0625,USD
2010-01-15 00:00:00,2010-01-19 00:00:00,396,06249,1,857.0625,GBP
2010-01-15 00:00:00,2010-01-19 00:00:00,396,06370,1,857.0625,USD
2010-01-15 00:00:00,2010-01-19 00:00:00,396,19734,1,857.0625,GBP
2010-01-15 00:00:00,2010-01-19 00:00:00,396,29010,1,857.0625,USD
2010-01-15 00:00:00,2010-01-19 00:00:00,396,29720,1,857.0625,GBP
2010-01-15 00:00:00,2010-01-19 00:00:00,396,32412,1,857.0625,GBP
2010-01-15 00:00:00,2010-01-19 00:00:00,396,32433,1,857.0625,USD
2010-01-15 00:00:00,2010-01-19 00:00:00,396,53177,1,857.0625,GBP
2010-01-15 00:00:00,2010-01-19 00:00:00,396,53177,1,857.0625,USD
2010-01-15 00:00:00,2010-01-19 00:00:00,396,53214,1,857.0625,USD
2010-01-15 00:00:00,2010-01-19 00:00:00,396,55069,1,857.0625,USD
2010-01-15 00:00:00,2010-01-19 00:00:00,396,58201,1,857.0625,USD
2010-01-15 00:00:00,2010-01-19 00:00:00,396,59106,1,857.0625,GBP
2010-01-15 00:00:00,2010-01-19 00:00:00,396,59474,1,857.0625,USD
2010-01-15 00:00:00,2010-01-19 00:00:00,396,63011,2,1714.125,GBP
2010-01-15 00:00:00,2010-01-19 00:00:00,396,63026,1,857.0625,USD
2010-01-15 00:00:00,2010-01-19 00:00:00,396,66547,1,857.0625,GBP
2010-01-15 00:00:00,2010-01-19 00:00:00,396,73099,1,857.0625,GBP
2010-01-15 00:00:00,2010-01-19 00:00:00,396,74146,1,857.0625,USD
2010-01-15 00:00:00,2010-01-19 00:00:00,396,75098,1,857.0625,GBP
2010-01-15 00:00:00,2010-01-19 00:00:00,396,77055,1,857.0625,USD
2010-01-15 00:00:00,2010-01-19 00:00:00,396,77382,2,1714.125,USD
2010-01-15 00:00:00,2010-01-19 00:00:00,396,78572,1,857.0625,GBP
2010-01-15 00:00:00,2010-01-19 00:00:00,396,83333,1,857.0625,GBP
2010-01-15 00:00:00,2010-01-19 00:00:00,396,84109,1,837.9,USD
2010-01-15 00:00:00,2010-01-19 00:00:00,396,85024,1,857.0625,GBP
2010-01-15 00:00:00,2010-01-19 00:00:00,396,89108,1,857.0625,USD
2010-01-15 00:00:00,2010-01-19 00:00:00,396,91307,2,1714.125,USD
2010-01-15 00:00:00,2010-01-19 00:00:00,396,92129,1,857.0625,GBP
2010-01-15 00:00:00,2010-01-19 00:00:00,396,92210,1,857.0625,USD
2010-01-15 00:00:00,2010-01-19 00:00:00,396,92562,1,857.0625,USD
2010-01-15 00:00:00,2010-01-19 00:00:00,396,92629,1,857.0625,GBP
2010-01-15 00:00:00,2010-01-19 00:00:00,396,94598,1,857.0625,GBP
2010-01-15 00:00:00,2010-01-19 00:00:00,396,95014,1,857.0625,GBP
2010-01-15 00:00:00,2010-01-19 00:00:00,396,95118,1,857.0625,GBP
2010-01-15 00:00:00,2010-01-19 00:00:00,396,95138,1,857.0625,GBP
2010-01-15 00:00:00,2010-01-19 00:00:00,396,95758,1,857.0625,GBP
2010-01-15 00:00:00,2010-01-19 00:00:00,396,97002,1,857.0625,GBP
2010-01-15 00:00:00,2010-01-19 00:00:00,396,97302,1,857.0625,USD
2010-01-15 00:00:00,2010-01-19 00:00:00,396,97470,3,2571.1875,USD
2010-01-15 00:00:00,2010-01-19 00:00:00,396,97702,1,857.0625,GBP
2010-01-15 00:00:00,2010-01-19 00:00:00,396,99802,1,857.0625,USD
2010-01-15 00:00:00,2010-01-19 00:00:00,400,02184,1,683.8125,GBP
2010-01-15 00:00:00,2010-01-19 00:00:00,400,06770,1,683.8125,GBP
2010-01-15 00:00:00,2010-01-19 00:00:00,400,39042,1,683.8125,GBP
2010-01-15 00:00:00,2010-01-19 00:00:00,400,40513,1,683.8125,GBP
2010-01-15 00:00:00,2010-01-19 00:00:00,400,46803,1,683.8125,GBP
2010-01-15 00:00:00,2010-01-19 00:00:00,400,51565,1,683.8125,GBP
2010-01-15 00:00:00,2010-01-19 00:00:00,400,53581,1,683.8125,GBP
2010-01-15 00:00:00,2010-01-19 00:00:00,400,54217,1,683.8125,GBP
2010-01-15 00:00:00,2010-01-19 00:00:00,400,55345,1,683.8125,GBP
2010-01-15 00:00:00,2010-01-19 00:00:00,400,63026,1,683.8125,GBP
2010-01-15 00:00:00,2010-01-19 00:00:00,400,71047,1,683.8125,GBP
2010-01-15 00:00:00,2010-01-19 00:00:00,400,76088,2,1367.625,GBP
2010-01-15 00:00:00,2010-01-19 00:00:00,400,77025,1,683.8125,GBP
2010-01-15 00:00:00,2010-01-19 00:00:00,400,78550,1,683.8125,GBP
2010-01-15 00:00:00,2010-01-19 00:00:00,400,85027,1,683.8125,USD
2010-01-15 00:00:00,2010-01-19 00:00:00,400,87114,1,683.8125,GBP
2010-01-15 00:00:00,2010-01-19 00:00:00,400,89431,1,683.8125,GBP
2010-01-15 00:00:00,2010-01-19 00:00:00,400,91351,1,697.725,USD
2010-01-15 00:00:00,2010-01-19 00:00:00,400,93033,1,697.725,GBP
2010-01-15 00:00:00,2010-01-19 00:00:00,400,95136,1,697.725,GBP
2010-01-15 00:00:00,2010-01-19 00:00:00,415,75801,1,495.8625,GBP
2010-01-15 00:00:00,2010-01-19 00:00:00,415,77252,1,495.8625,GBP
2010-01-15 00:00:00,2010-01-19 00:00:00,415,77706,1,495.8625,GBP
2010-01-15 00:00:00,2010-01-19 00:00:00,426,47715,1,795.1125,GBP
2010-01-15 00:00:00,2010-01-19 00:00:00,433,02816,1,804.3,USD
2010-01-15 00:00:00,2010-01-19 00:00:00,433,32835,1,804.3,USD
2010-01-15 00:00:00,2010-01-19 00:00:00,433,40031,1,804.3,GBP
2010-01-15 00:00:00,2010-01-19 00:00:00,433,53022,1,804.3,USD
2010-01-15 00:00:00,2010-01-19 00:00:00,433,53171,1,804.3,GBP
2010-01-15 00:00:00,2010-01-19 00:00:00,433,72023,1,804.3,USD
2010-01-15 00:00:00,2010-01-19 00:00:00,433,90501,2,1608.6,GBP
2010-01-15 00:00:00,2010-01-19 00:00:00,443,01505,1,790.9125,GBP
2010-01-15 00:00:00,2010-01-19 00:00:00,443,06405,1,790.9125,GBP
2010-01-15 00:00:00,2010-01-19 00:00:00,443,06512,1,790.9125,GBP
2010-01-15 00:00:00,2010-01-19 00:00:00,443,20639,1,790.9125,GBP
2010-01-15 00:00:00,2010-01-19 00:00:00,443,20744,1,790.9125,GBP
2010-01-15 00:00:00,2010-01-19 00:00:00,443,37048,1,790.9125,USD
2010-01-15 00:00:00,2010-01-19 00:00:00,443,53147,1,790.9125,USD
2010-01-15 00:00:00,2010-01-19 00:00:00,443,55373,1,790.9125,GBP
2010-01-15 00:00:00,2010-01-19 00:00:00,443,71220,1,790.9125,GBP
2010-01-15 00:00:00,2010-01-19 00:00:00,443,73521,1,790.9125,USD
2010-01-15 00:00:00,2010-01-19 00:00:00,443,75067,1,790.9125,GBP
2010-01-15 00:00:00,2010-01-19 00:00:00,443,85747,1,790.9125,GBP
2010-01-15 00:00:00,2010-01-19 00:00:00,443,89015,1,790.9125,GBP
2010-01-15 00:00:00,2010-01-19 00:00:00,443,89511,1,790.9125,GBP
2010-01-15 00:00:00,2010-01-19 00:00:00,443,90247,1,804.825,GBP
2010-01-15 00:00:00,2010-01-19 00:00:00,443,91016,1,804.825,GBP
2010-01-15 00:00:00,2010-01-19 00:00:00,443,93110,1,804.825,GBP
2010-01-15 00:00:00,2010-01-19 00:00:00,443,95123,1,804.825,GBP
2010-01-15 00:00:00,2010-01-19 00:00:00,443,95713,1,804.825,GBP
2010-01-15 00:00:00,2010-01-19 00:00:00,443,99603,1,790.9125,GBP
2010-01-15 00:00:00,2010-01-19 00:00:00,464,20024,1,566.2125,USD
2010-01-15 00:00:00,2010-01-19 00:00:00,475,02360,1,970.2,USD
2010-01-15 00:00:00,2010-01-19 00:00:00,475,08055,1,970.2,USD
2010-01-15 00:00:00,2010-01-19 00:00:00,475,29650,1,970.2,GBP
2010-01-15 00:00:00,2010-01-19 00:00:00,475,32034,1,970.2,GBP
2010-01-15 00:00:00,2010-01-19 00:00:00,475,32798,1,970.2,USD
2010-01-15 00:00:00,2010-01-19 00:00:00,475,34478,1,931.875,USD
2010-01-15 00:00:00,2010-01-19 00:00:00,475,35226,1,970.2,USD
2010-01-15 00:00:00,2010-01-19 00:00:00,475,36305,1,970.2,GBP
2010-01-15 00:00:00,2010-01-19 00:00:00,475,37922,1,970.2,GBP
2010-01-15 00:00:00,2010-01-19 00:00:00,475,53150,1,970.2,USD
2010-01-15 00:00:00,2010-01-19 00:00:00,475,53809,1,3880.8,GBP
2010-01-15 00:00:00,2010-01-19 00:00:00,475,53809,1,10672.2,USD
2010-01-15 00:00:00,2010-01-19 00:00:00,475,55110,1,970.2,GBP
2010-01-15 00:00:00,2010-01-19 00:00:00,475,64463,1,970.2,GBP
2010-01-15 00:00:00,2010-01-19 00:00:00,475,65722,1,970.2,GBP
2010-01-15 00:00:00,2010-01-19 00:00:00,475,67801,1,970.2,USD
2010-01-15 00:00:00,2010-01-19 00:00:00,475,70737,1,970.2,GBP
2010-01-15 00:00:00,2010-01-19 00:00:00,475,75069,1,970.2,USD
2010-01-15 00:00:00,2010-01-19 00:00:00,475,76367,1,970.2,USD
2010-01-15 00:00:00,2010-01-19 00:00:00,475,78413,1,970.2,GBP
2010-01-15 00:00:00,2010-01-19 00:00:00,475,84092,1,970.2,USD
2010-01-15 00:00:00,2010-01-19 00:00:00,475,85303,1,970.2,USD
2010-01-15 00:00:00,2010-01-19 00:00:00,475,92284,1,953.6625,GBP
2010-01-15 00:00:00,2010-01-19 00:00:00,475,94552,1,975.45,GBP
2010-01-15 00:00:00,2010-01-19 00:00:00,475,95969,1,975.45,GBP
2010-01-15 00:00:00,2010-01-19 00:00:00,475,95991,1,975.45,GBP
2010-01-15 00:00:00,2010-01-19 00:00:00,488,29645,1,970.2,USD
2010-01-15 00:00:00,2010-01-19 00:00:00,488,33811,1,919.275,GBP
2010-01-15 00:00:00,2010-01-19 00:00:00,488,46506,1,970.2,USD
2010-01-15 00:00:00,2010-01-19 00:00:00,488,56058,1,970.2,USD
2010-01-15 00:00:00,2010-01-19 00:00:00,488,66106,1,970.2,USD
2010-01-15 00:00:00,2010-01-19 00:00:00,488,85224,1,970.2,GBP
2010-01-15 00:00:00,2010-01-19 00:00:00,491,02861,1,815.325,GBP
2010-01-15 00:00:00,2010-01-19 00:00:00,491,06401,1,815.325,USD
2010-01-15 00:00:00,2010-01-19 00:00:00,491,08322,1,815.325,GBP
2010-01-15 00:00:00,2010-01-19 00:00:00,491,08505,1,815.325,GBP
2010-01-15 00:00:00,2010-01-19 00:00:00,491,08527,1,815.325,GBP
2010-01-15 00:00:00,2010-01-19 00:00:00,491,21045,1,815.325,GBP
2010-01-15 00:00:00,2010-01-19 00:00:00,491,29461,1,815.325,GBP
2010-01-15 00:00:00,2010-01-19 00:00:00,491,29566,1,815.325,GBP
2010-01-15 00:00:00,2010-01-19 00:00:00,491,32124,2,1630.65,USD
2010-01-15 00:00:00,2010-01-19 00:00:00,491,32399,1,801.9375,USD
2010-01-15 00:00:00,2010-01-19 00:00:00,491,32561,1,815.325,USD
2010-01-15 00:00:00,2010-01-19 00:00:00,491,32668,1,815.325,USD
2010-01-15 00:00:00,2010-01-19 00:00:00,491,32712,1,815.325,USD
2010-01-15 00:00:00,2010-01-19 00:00:00,491,32750,1,815.325,GBP
2010-01-15 00:00:00,2010-01-19 00:00:00,491,32771,1,815.325,USD
2010-01-15 00:00:00,2010-01-19 00:00:00,491,32789,1,815.325,GBP
2010-01-15 00:00:00,2010-01-19 00:00:00,491,33301,1,815.325,USD
2010-01-15 00:00:00,2010-01-19 00:00:00,491,33317,1,815.325,GBP
2010-01-15 00:00:00,2010-01-19 00:00:00,491,35601,1,815.325,GBP
2010-01-15 00:00:00,2010-01-19 00:00:00,491,35757,1,815.325,USD
2010-01-15 00:00:00,2010-01-19 00:00:00,491,39443,1,815.325,USD
2010-01-15 00:00:00,2010-01-19 00:00:00,491,39503,1,815.325,USD
2010-01-15 00:00:00,2010-01-19 00:00:00,491,41844,1,815.325,GBP
2010-01-15 00:00:00,2010-01-19 00:00:00,491,41844,1,1630.65,USD
2010-01-15 00:00:00,2010-01-19 00:00:00,491,46220,1,815.325,GBP
2010-01-15 00:00:00,2010-01-19 00:00:00,491,46514,1,3261.3,GBP
2010-01-15 00:00:00,2010-01-19 00:00:00,491,46514,1,815.325,USD
2010-01-15 00:00:00,2010-01-19 00:00:00,491,46992,2,1630.65,GBP
2010-01-15 00:00:00,2010-01-19 00:00:00,491,47711,1,815.325,GBP
2010-01-15 00:00:00,2010-01-19 00:00:00,491,51501,1,801.9375,GBP
2010-01-15 00:00:00,2010-01-19 00:00:00,491,53151,1,815.325,GBP
2010-01-15 00:00:00,2010-01-19 00:00:00,491,53158,1,815.325,GBP
2010-01-15 00:00:00,2010-01-19 00:00:00,491,55119,1,815.325,GBP
2010-01-15 00:00:00,2010-01-19 00:00:00,491,57103,1,815.325,GBP
2010-01-15 00:00:00,2010-01-19 00:00:00,491,68959,1,815.325,USD
2010-01-15 00:00:00,2010-01-19 00:00:00,491,70001,1,815.325,GBP
2010-01-15 00:00:00,2010-01-19 00:00:00,491,72756,1,815.325,USD
2010-01-15 00:00:00,2010-01-19 00:00:00,491,76354,1,815.325,USD
2010-01-15 00:00:00,2010-01-19 00:00:00,491,77502,1,815.325,USD
2010-01-15 00:00:00,2010-01-19 00:00:00,491,78730,1,815.325,GBP
2010-01-15 00:00:00,2010-01-19 00:00:00,491,79936,1,815.325,USD
2010-01-15 00:00:00,2010-01-19 00:00:00,491,85282,1,815.325,GBP
2010-01-15 00:00:00,2010-01-19 00:00:00,491,85382,1,815.325,USD
2010-01-15 00:00:00,2010-01-19 00:00:00,491,87557,1,815.325,USD
2010-01-15 00:00:00,2010-01-19 00:00:00,491,97918,1,815.325,GBP
2010-01-15 00:00:00,2010-01-19 00:00:00,495,78070,1,560.9625,GBP
2010-01-15 00:00:00,2010-01-19 00:00:00,499,02081,1,846.3,GBP
2010-01-15 00:00:00,2010-01-19 00:00:00,499,32137,1,846.3,USD
2010-01-15 00:00:00,2010-01-19 00:00:00,499,32174,2,1692.6,GBP
2010-01-15 00:00:00,2010-01-19 00:00:00,499,32311,1,846.3,GBP
2010-01-15 00:00:00,2010-01-19 00:00:00,499,33920,1,828.1875,GBP
2010-01-15 00:00:00,2010-01-19 00:00:00,499,52405,1,846.3,GBP
2010-01-15 00:00:00,2010-01-19 00:00:00,499,53090,1,846.3,USD
2010-01-15 00:00:00,2010-01-19 00:00:00,499,53092,1,846.3,GBP
2010-01-15 00:00:00,2010-01-19 00:00:00,499,92805,1,851.55,USD
2010-01-15 00:00:00,2010-01-19 00:00:00,510,21211,1,837.1125,USD
2010-01-15 00:00:00,2010-01-19 00:00:00,510,32703,1,837.1125,USD
2010-01-15 00:00:00,2010-01-19 00:00:00,510,92019,1,842.3625,GBP
2010-01-15 00:00:00,2010-01-19 00:00:00,510,93311,1,842.3625,USD
2010-01-15 00:00:00,2010-01-19 00:00:00,510,93711,1,842.3625,GBP
2010-01-15 00:00:00,2010-01-19 00:00:00,510,95125,1,842.3625,GBP
2010-01-15 00:00:00,2010-01-19 00:00:00,510,95128,1,842.3625,GBP
2010-01-15 00:00:00,2010-01-19 00:00:00,510,95624,1,842.3625,USD
2010-01-15 00:00:00,2010-01-19 00:00:00,513,53182,1,451.4475,USD
2010-01-15 00:00:00,2010-01-19 00:00:00,513,93004,1,456.6975,USD
2010-01-15 00:00:00,2010-01-19 00:00:00,521,95140,1,561.6975,GBP
2010-01-15 00:00:00,2010-01-19 00:00:00,530,76557,1,619.4475,GBP
2010-01-15 00:00:00,2010-01-19 00:00:00,530,91501,1,640.4475,GBP
2010-01-15 00:00:00,2010-01-19 00:00:00,530,97080,1,629.9475,GBP
2010-01-15 00:00:00,2010-01-19 00:00:00,532,21122,1,524.9475,USD
2010-01-15 00:00:00,2010-01-19 00:00:00,532,32713,1,556.4475,USD
2010-01-15 00:00:00,2010-01-19 00:00:00,532,33919,1,556.4475,USD
2010-01-15 00:00:00,2010-01-19 00:00:00,532,77039,1,556.4475,GBP
2010-01-15 00:00:00,2010-01-19 00:00:00,532,88005,1,556.4475,GBP
2010-01-15 00:00:00,2010-01-19 00:00:00,550,06333,1,403.9875,GBP
2010-01-15 00:00:00,2010-01-19 00:00:00,550,21014,1,403.9875,GBP
2010-01-15 00:00:00,2010-01-19 00:00:00,550,33815,1,403.9875,GBP
2010-01-15 00:00:00,2010-01-19 00:00:00,550,37035,1,403.9875,GBP
2010-01-15 00:00:00,2010-01-19 00:00:00,550,46142,1,403.9875,GBP
2010-01-15 00:00:00,2010-01-19 00:00:00,550,47630,1,403.9875,USD
2010-01-15 00:00:00,2010-01-19 00:00:00,550,59865,1,403.9875,GBP
2010-01-15 00:00:00,2010-01-19 00:00:00,550,65109,1,403.9875,GBP
2010-01-15 00:00:00,2010-01-19 00:00:00,550,66503,1,403.9875,GBP
2010-01-15 00:00:00,2010-01-19 00:00:00,550,90068,1,410.2875,USD
2010-01-15 00:00:00,2010-01-19 00:00:00,550,92064,1,410.2875,GBP
2010-01-15 00:00:00,2010-01-19 00:00:00,550,94561,1,410.2875,GBP
2010-01-15 00:00:00,2010-01-19 00:00:00,559,02532,1,585.6375,GBP
2010-01-15 00:00:00,2010-01-19 00:00:00,559,08053,1,585.6375,USD
2010-01-15 00:00:00,2010-01-19 00:00:00,559,21061,2,1171.275,GBP
2010-01-15 00:00:00,2010-01-19 00:00:00,559,21401,1,585.6375,GBP
2010-01-15 00:00:00,2010-01-19 00:00:00,559,29732,1,585.6375,USD
2010-01-15 00:00:00,2010-01-19 00:00:00,559,32780,1,585.6375,USD
2010-01-15 00:00:00,2010-01-19 00:00:00,559,37412,1,585.6375,USD
2010-01-15 00:00:00,2010-01-19 00:00:00,559,46637,1,585.6375,USD
2010-01-15 00:00:00,2010-01-19 00:00:00,559,53021,1,585.6375,USD
2010-01-15 00:00:00,2010-01-19 00:00:00,559,53186,1,585.6375,USD
2010-01-15 00:00:00,2010-01-19 00:00:00,559,54821,1,585.6375,USD
2010-01-15 00:00:00,2010-01-19 00:00:00,559,63366,1,585.6375,USD
2010-01-15 00:00:00,2010-01-19 00:00:00,559,67119,1,585.6375,USD
2010-01-15 00:00:00,2010-01-19 00:00:00,559,72702,1,585.6375,USD
2010-01-15 00:00:00,2010-01-19 00:00:00,559,72933,1,585.6375,USD
2010-01-15 00:00:00,2010-01-19 00:00:00,559,77511,1,585.6375,USD
2010-01-15 00:00:00,2010-01-19 00:00:00,559,90247,1,600.6,GBP
2010-01-15 00:00:00,2010-01-19 00:00:00,559,90503,1,600.6,GBP
2010-01-15 00:00:00,2010-01-19 00:00:00,559,91979,1,600.6,USD
2010-01-15 00:00:00,2010-01-19 00:00:00,559,94116,1,600.6,USD
2010-01-15 00:00:00,2010-01-19 00:00:00,559,95356,1,600.6,GBP
2010-01-15 00:00:00,2010-01-19 00:00:00,573,05701,1,280.6125,GBP
2010-01-15 00:00:00,2010-01-19 00:00:00,573,06416,1,280.6125,USD
2010-01-15 00:00:00,2010-01-19 00:00:00,573,25705,1,280.6125,USD
2010-01-15 00:00:00,2010-01-19 00:00:00,573,29078,1,280.6125,GBP
2010-01-15 00:00:00,2010-01-19 00:00:00,573,32459,1,280.6125,GBP
2010-01-15 00:00:00,2010-01-19 00:00:00,573,33317,1,280.6125,USD
2010-01-15 00:00:00,2010-01-19 00:00:00,573,34614,1,280.6125,USD
2010-01-15 00:00:00,2010-01-19 00:00:00,573,35146,1,280.6125,GBP
2010-01-15 00:00:00,2010-01-19 00:00:00,573,36301,1,280.6125,GBP
2010-01-15 00:00:00,2010-01-19 00:00:00,573,37206,1,280.6125,GBP
2010-01-15 00:00:00,2010-01-19 00:00:00,573,37209,1,275.3625,GBP
2010-01-15 00:00:00,2010-01-19 00:00:00,573,40555,1,280.6125,GBP
2010-01-15 00:00:00,2010-01-19 00:00:00,573,42320,1,280.6125,GBP
2010-01-15 00:00:00,2010-01-19 00:00:00,573,46240,1,561.225,GBP
2010-01-15 00:00:00,2010-01-19 00:00:00,573,53704,1,280.6125,USD
2010-01-15 00:00:00,2010-01-19 00:00:00,573,55082,1,280.6125,GBP
2010-01-15 00:00:00,2010-01-19 00:00:00,573,59802,1,280.6125,GBP
2010-01-15 00:00:00,2010-01-19 00:00:00,573,71111,1,280.6125,GBP
2010-01-15 00:00:00,2010-01-19 00:00:00,573,85308,1,280.6125,USD
2010-01-15 00:00:00,2010-01-19 00:00:00,573,86046,1,280.6125,GBP
2010-01-15 00:00:00,2010-01-19 00:00:00,573,89104,1,280.6125,USD
2010-01-15 00:00:00,2010-01-19 00:00:00,573,91344,1,286.9125,USD
2010-01-15 00:00:00,2010-01-19 00:00:00,573,91910,1,286.9125,USD
2010-01-15 00:00:00,2010-01-19 00:00:00,573,92679,1,286.9125,GBP
2010-01-15 00:00:00,2010-01-19 00:00:00,573,95132,1,286.9125,GBP
2010-01-15 00:00:00,2010-01-19 00:00:00,574,72756,1,830.55,GBP
2010-01-15 00:00:00,2010-01-19 00:00:00,574,83301,2,1661.1,GBP
2010-01-15 00:00:00,2010-01-19 00:00:00,574,85331,1,830.55,USD
2010-01-15 00:00:00,2010-01-19 00:00:00,574,90712,1,830.55,GBP
2010-01-15 00:00:00,2010-01-19 00:00:00,574,91214,1,830.55,USD
2010-01-15 00:00:00,2010-01-19 00:00:00,574,92506,1,830.55,GBP
2010-01-15 00:00:00,2010-01-19 00:00:00,574,92584,2,1661.1,USD
2010-01-15 00:00:00,2010-01-19 00:00:00,574,92835,1,830.55,GBP
2010-01-15 00:00:00,2010-01-19 00:00:00,574,94536,1,830.55,USD
2010-01-15 00:00:00,2010-01-19 00:00:00,574,94577,1,830.55,USD
2010-01-15 00:00:00,2010-01-19 00:00:00,574,95338,1,830.55,GBP
2010-01-15 00:00:00,2010-01-19 00:00:00,574,95605,1,830.55,USD
2010-01-15 00:00:00,2010-01-19 00:00:00,574,95841,1,830.55,USD
2010-01-15 00:00:00,2010-01-19 00:00:00,580,37663,1,734.7375,GBP
2010-01-15 00:00:00,2010-01-19 00:00:00,580,46580,1,734.7375,USD
2010-01-15 00:00:00,2010-01-19 00:00:00,580,52320,1,734.7375,USD
2010-01-15 00:00:00,2010-01-19 00:00:00,580,66044,1,734.7375,USD
2010-01-15 00:00:00,2010-01-19 00:00:00,580,75040,1,734.7375,USD
2010-01-15 00:00:00,2010-01-19 00:00:00,580,92220,1,749.9625,USD
2010-01-15 00:00:00,2010-01-19 00:00:00,580,94518,1,749.9625,GBP
2010-01-15 00:00:00,2010-01-19 00:00:00,596,07604,1,746.55,GBP
2010-01-15 00:00:00,2010-01-19 00:00:00,596,20814,1,746.55,GBP
2010-01-15 00:00:00,2010-01-19 00:00:00,596,21774,1,746.55,USD
2010-01-15 00:00:00,2010-01-19 00:00:00,596,29828,1,746.55,USD
2010-01-15 00:00:00,2010-01-19 00:00:00,596,33566,1,746.55,USD
2010-01-15 00:00:00,2010-01-19 00:00:00,596,33604,1,746.55,GBP
2010-01-15 00:00:00,2010-01-19 00:00:00,596,37618,1,746.55,USD
2010-01-15 00:00:00,2010-01-19 00:00:00,596,46221,1,746.55,GBP
2010-01-15 00:00:00,2010-01-19 00:00:00,596,50548,1,746.55,GBP
2010-01-15 00:00:00,2010-01-19 00:00:00,596,64114,1,746.55,USD
2010-01-15 00:00:00,2010-01-19 00:00:00,596,64155,1,746.55,USD
2010-01-15 00:00:00,2010-01-19 00:00:00,596,70043,1,746.55,USD
2010-01-15 00:00:00,2010-01-19 00:00:00,596,75040,1,746.55,GBP
2010-01-15 00:00:00,2010-01-19 00:00:00,596,85248,1,746.55,GBP
2010-01-15 00:00:00,2010-01-19 00:00:00,596,89451,1,746.55,USD
2010-01-15 00:00:00,2010-01-19 00:00:00,596,92865,1,761.5125,USD
2010-01-15 00:00:00,2010-01-19 00:00:00,596,95233,1,761.5125,USD
2010-01-15 00:00:00,2010-01-19 00:00:00,596,95602,1,761.5125,GBP
2010-01-15 00:00:00,2010-01-19 00:00:00,599,06611,1,753.6375,GBP
2010-01-15 00:00:00,2010-01-19 00:00:00,599,06790,1,753.6375,USD
2010-01-15 00:00:00,2010-01-19 00:00:00,599,06854,1,753.6375,GBP
2010-01-15 00:00:00,2010-01-19 00:00:00,599,07424,1,753.6375,USD
2010-01-15 00:00:00,2010-01-19 00:00:00,599,07747,1,753.6375,USD
2010-01-15 00:00:00,2010-01-19 00:00:00,599,20705,1,753.6375,GBP
2010-01-15 00:00:00,2010-01-19 00:00:00,599,21794,1,753.6375,USD
2010-01-15 00:00:00,2010-01-19 00:00:00,599,29303,1,753.6375,GBP
2010-01-15 00:00:00,2010-01-19 00:00:00,599,29466,1,753.6375,GBP
2010-01-15 00:00:00,2010-01-19 00:00:00,599,29920,1,753.6375,GBP
2010-01-15 00:00:00,2010-01-19 00:00:00,599,32127,2,1454.25,USD
2010-01-15 00:00:00,2010-01-19 00:00:00,599,34769,1,753.6375,USD
2010-01-15 00:00:00,2010-01-19 00:00:00,599,37122,1,753.6375,GBP
2010-01-15 00:00:00,2010-01-19 00:00:00,599,51346,1,753.6375,USD
2010-01-15 00:00:00,2010-01-19 00:00:00,599,63034,1,753.6375,GBP
2010-01-15 00:00:00,2010-01-19 00:00:00,599,64119,1,753.6375,USD
2010-01-15 00:00:00,2010-01-19 00:00:00,599,67460,1,753.6375,USD
2010-01-15 00:00:00,2010-01-19 00:00:00,599,67502,1,753.6375,USD
2010-01-15 00:00:00,2010-01-19 00:00:00,599,72231,1,753.6375,USD
2010-01-15 00:00:00,2010-01-19 00:00:00,599,73036,2,1507.275,GBP
2010-01-15 00:00:00,2010-01-19 00:00:00,599,76548,1,753.6375,GBP
2010-01-15 00:00:00,2010-01-19 00:00:00,599,77018,1,753.6375,USD
2010-01-15 00:00:00,2010-01-19 00:00:00,599,77502,1,753.6375,GBP
2010-01-15 00:00:00,2010-01-19 00:00:00,599,78343,1,753.6375,GBP
2010-01-15 00:00:00,2010-01-19 00:00:00,599,79902,1,753.6375,GBP
2010-01-15 00:00:00,2010-01-19 00:00:00,599,83709,2,1507.275,USD
2010-01-15 00:00:00,2010-01-19 00:00:00,599,91505,1,753.6375,USD
2010-01-15 00:00:00,2010-01-19 00:00:00,599,92586,1,753.6375,GBP
2010-01-15 00:00:00,2010-01-19 00:00:00,604,01337,1,461.7375,USD
2010-01-15 00:00:00,2010-01-19 00:00:00,604,02828,1,461.7375,GBP
2010-01-15 00:00:00,2010-01-19 00:00:00,604,02904,1,461.7375,GBP
2010-01-15 00:00:00,2010-01-19 00:00:00,604,08088,1,461.7375,USD
2010-01-15 00:00:00,2010-01-19 00:00:00,604,08560,1,461.7375,USD
2010-01-15 00:00:00,2010-01-19 00:00:00,604,08648,1,461.7375,GBP
2010-01-15 00:00:00,2010-01-19 00:00:00,604,21801,2,923.475,GBP
2010-01-15 00:00:00,2010-01-19 00:00:00,604,33813,1,461.7375,GBP
2010-01-15 00:00:00,2010-01-19 00:00:00,604,34482,1,461.7375,USD
2010-01-15 00:00:00,2010-01-19 00:00:00,604,34787,1,461.7375,GBP
2010-01-15 00:00:00,2010-01-19 00:00:00,604,37211,1,461.7375,USD
2010-01-15 00:00:00,2010-01-19 00:00:00,604,37760,1,461.7375,GBP
2010-01-15 00:00:00,2010-01-19 00:00:00,604,58206,1,461.7375,GBP
2010-01-15 00:00:00,2010-01-19 00:00:00,604,64119,1,461.7375,USD
2010-01-15 00:00:00,2010-01-19 00:00:00,604,74637,1,461.7375,GBP
2010-01-15 00:00:00,2010-01-19 00:00:00,604,75043,1,461.7375,USD
2010-01-15 00:00:00,2010-01-19 00:00:00,604,76014,1,468.0375,GBP
2010-01-15 00:00:00,2010-01-19 00:00:00,604,76021,1,461.7375,GBP
2010-01-15 00:00:00,2010-01-19 00:00:00,604,92530,1,468.0375,USD
2010-01-15 00:00:00,2010-01-19 00:00:00,604,92807,1,468.0375,USD
2010-01-15 00:00:00,2010-01-19 00:00:00,604,93004,1,468.0375,GBP
2010-01-15 00:00:00,2010-01-19 00:00:00,604,95376,1,468.0375,GBP
2010-01-15 00:00:00,2010-01-19 00:00:00,606,01020,1,314.7375,USD
2010-01-15 00:00:00,2010-01-19 00:00:00,606,20639,1,314.7375,USD
2010-01-15 00:00:00,2010-01-19 00:00:00,606,21037,1,629.475,USD
2010-01-15 00:00:00,2010-01-19 00:00:00,606,29512,1,314.7375,USD
2010-01-15 00:00:00,2010-01-19 00:00:00,606,33411,1,314.7375,GBP
2010-01-15 00:00:00,2010-01-19 00:00:00,606,33972,1,314.7375,GBP
2010-01-15 00:00:00,2010-01-19 00:00:00,606,35136,1,314.7375,USD
2010-01-15 00:00:00,2010-01-19 00:00:00,606,55330,1,314.7375,USD
2010-01-15 00:00:00,2010-01-19 00:00:00,606,63080,1,314.7375,USD
2010-01-15 00:00:00,2010-01-19 00:00:00,606,76664,1,314.7375,USD
2010-01-15 00:00:00,2010-01-19 00:00:00,606,77070,1,314.7375,USD
2010-01-15 00:00:00,2010-01-19 00:00:00,606,79110,1,314.7375,GBP
2010-01-15 00:00:00,2010-01-19 00:00:00,606,91351,1,321.0375,USD
2010-01-15 00:00:00,2010-01-19 00:00:00,606,97202,1,314.7375,USD
2010-01-15 00:00:00,2010-01-19 00:00:00,606,97424,1,314.7375,GBP
2010-01-15 00:00:00,2010-01-19 00:00:00,609,01022,1,778.8375,GBP
2010-01-15 00:00:00,2010-01-19 00:00:00,609,02021,1,778.8375,GBP
2010-01-15 00:00:00,2010-01-19 00:00:00,609,02343,1,778.8375,GBP
2010-01-15 00:00:00,2010-01-19 00:00:00,609,02649,1,778.8375,USD
2010-01-15 00:00:00,2010-01-19 00:00:00,609,02779,1,778.8375,GBP
2010-01-15 00:00:00,2010-01-19 00:00:00,609,02780,1,778.8375,GBP
2010-01-15 00:00:00,2010-01-19 00:00:00,609,02871,1,778.8375,GBP
2010-01-15 00:00:00,2010-01-19 00:00:00,609,06382,1,778.8375,GBP
2010-01-15 00:00:00,2010-01-19 00:00:00,609,06812,1,778.8375,USD
2010-01-15 00:00:00,2010-01-19 00:00:00,609,07060,1,778.8375,USD
2010-01-15 00:00:00,2010-01-19 00:00:00,609,08070,1,778.8375,GBP
2010-01-15 00:00:00,2010-01-19 00:00:00,609,08302,1,778.8375,USD
2010-01-15 00:00:00,2010-01-19 00:00:00,609,08804,1,778.8375,GBP
2010-01-15 00:00:00,2010-01-19 00:00:00,609,19939,1,778.8375,USD
2010-01-15 00:00:00,2010-01-19 00:00:00,609,20754,1,778.8375,GBP
2010-01-15 00:00:00,2010-01-19 00:00:00,609,21037,1,1557.675,GBP
2010-01-15 00:00:00,2010-01-19 00:00:00,609,21037,1,778.8375,USD
2010-01-15 00:00:00,2010-01-19 00:00:00,609,21704,1,778.8375,USD
2010-01-15 00:00:00,2010-01-19 00:00:00,609,29164,1,778.8375,USD
2010-01-15 00:00:00,2010-01-19 00:00:00,609,29405,1,778.8375,USD
2010-01-15 00:00:00,2010-01-19 00:00:00,609,29575,1,778.8375,USD
2010-01-15 00:00:00,2010-01-19 00:00:00,609,32266,2,1557.675,GBP
2010-01-15 00:00:00,2010-01-19 00:00:00,609,33073,1,778.8375,USD
2010-01-15 00:00:00,2010-01-19 00:00:00,609,33308,1,731.325,USD
2010-01-15 00:00:00,2010-01-19 00:00:00,609,33318,1,778.8375,GBP
2010-01-15 00:00:00,2010-01-19 00:00:00,609,33323,1,778.8375,USD
2010-01-15 00:00:00,2010-01-19 00:00:00,609,33426,1,778.8375,USD
2010-01-15 00:00:00,2010-01-19 00:00:00,609,33614,1,778.8375,USD
2010-01-15 00:00:00,2010-01-19 00:00:00,609,33776,1,778.8375,USD
2010-01-15 00:00:00,2010-01-19 00:00:00,609,35824,1,778.8375,GBP
2010-01-15 00:00:00,2010-01-19 00:00:00,609,36360,1,778.8375,USD
2010-01-15 00:00:00,2010-01-19 00:00:00,609,37179,1,778.8375,USD
2010-01-15 00:00:00,2010-01-19 00:00:00,609,39441,1,778.8375,USD
2010-01-15 00:00:00,2010-01-19 00:00:00,609,40229,1,2336.5125,GBP
2010-01-15 00:00:00,2010-01-19 00:00:00,609,40229,1,2336.5125,USD
2010-01-15 00:00:00,2010-01-19 00:00:00,609,46240,1,778.8375,GBP
2010-01-15 00:00:00,2010-01-19 00:00:00,609,46514,1,3894.1875,GBP
2010-01-15 00:00:00,2010-01-19 00:00:00,609,46514,1,778.8375,USD
2010-01-15 00:00:00,2010-01-19 00:00:00,609,46613,1,778.8375,USD
2010-01-15 00:00:00,2010-01-19 00:00:00,609,47429,1,778.8375,USD
2010-01-15 00:00:00,2010-01-19 00:00:00,609,47564,1,778.8375,USD
2010-01-15 00:00:00,2010-01-19 00:00:00,609,47906,1,778.8375,GBP
2010-01-15 00:00:00,2010-01-19 00:00:00,609,50129,1,2336.5125,GBP
2010-01-15 00:00:00,2010-01-19 00:00:00,609,52544,1,778.8375,USD
2010-01-15 00:00:00,2010-01-19 00:00:00,609,52758,1,778.8375,USD
2010-01-15 00:00:00,2010-01-19 00:00:00,609,53066,1,778.8375,USD
2010-01-15 00:00:00,2010-01-19 00:00:00,609,63031,1,778.8375,GBP
2010-01-15 00:00:00,2010-01-19 00:00:00,609,64119,1,778.8375,USD
2010-01-15 00:00:00,2010-01-19 00:00:00,609,65452,1,778.8375,GBP
2010-01-15 00:00:00,2010-01-19 00:00:00,609,70003,1,778.8375,USD
2010-01-15 00:00:00,2010-01-19 00:00:00,609,72207,1,778.8375,USD
2010-01-15 00:00:00,2010-01-19 00:00:00,609,72211,1,778.8375,USD
2010-01-15 00:00:00,2010-01-19 00:00:00,609,74012,1,778.8375,GBP
2010-01-15 00:00:00,2010-01-19 00:00:00,609,75041,1,778.8375,USD
2010-01-15 00:00:00,2010-01-19 00:00:00,609,77062,1,778.8375,USD
2010-01-15 00:00:00,2010-01-19 00:00:00,609,77386,1,778.8375,USD
2010-01-15 00:00:00,2010-01-19 00:00:00,609,78232,1,778.8375,USD
2010-01-15 00:00:00,2010-01-19 00:00:00,609,83642,1,778.8375,USD
2010-01-15 00:00:00,2010-01-19 00:00:00,609,94510,1,794.0625,USD
2010-01-15 00:00:00,2010-01-19 00:00:00,609,94549,1,794.0625,USD
2010-01-15 00:00:00,2010-01-19 00:00:00,609,94903,1,794.0625,USD
2010-01-15 00:00:00,2010-01-19 00:00:00,609,95747,1,794.0625,USD
2010-01-15 00:00:00,2010-01-19 00:00:00,609,99567,1,778.8375,USD
2010-01-15 00:00:00,2010-01-19 00:00:00,631,21234,1,346.2375,GBP
2010-01-15 00:00:00,2010-01-19 00:00:00,631,39426,1,346.2375,USD
2010-01-15 00:00:00,2010-01-19 00:00:00,631,42066,1,346.2375,GBP
2010-01-15 00:00:00,2010-01-19 00:00:00,631,59101,1,346.2375,USD
2010-01-15 00:00:00,2010-01-19 00:00:00,631,85743,1,346.2375,USD
2010-01-15 00:00:00,2010-01-19 00:00:00,631,91784,1,352.5375,USD
2010-01-15 00:00:00,2010-01-19 00:00:00,631,91786,1,352.5375,GBP
2010-01-15 00:00:00,2010-01-19 00:00:00,631,92325,1,352.5375,GBP
2010-01-15 00:00:00,2010-01-19 00:00:00,631,93001,1,352.5375,GBP
2010-01-15 00:00:00,2010-01-19 00:00:00,631,93306,1,352.5375,USD
2010-01-15 00:00:00,2010-01-19 00:00:00,631,93552,2,705.075,USD
2010-01-15 00:00:00,2010-01-19 00:00:00,631,95827,1,352.5375,USD
2010-01-15 00:00:00,2010-01-19 00:00:00,645,06770,1,746.55,GBP
2010-01-15 00:00:00,2010-01-19 00:00:00,645,33162,1,746.55,GBP
2010-01-15 00:00:00,2010-01-19 00:00:00,645,46904,1,746.55,GBP
2010-01-15 00:00:00,2010-01-19 00:00:00,645,53024,1,746.55,GBP
2010-01-15 00:00:00,2010-01-19 00:00:00,645,53103,1,746.55,USD
2010-01-15 00:00:00,2010-01-19 00:00:00,645,63011,1,746.55,GBP
2010-01-15 00:00:00,2010-01-19 00:00:00,645,66067,1,746.55,GBP
2010-01-15 00:00:00,2010-01-19 00:00:00,645,69125,1,746.55,USD
2010-01-15 00:00:00,2010-01-19 00:00:00,645,74017,1,746.55,GBP
2010-01-15 00:00:00,2010-01-19 00:00:00,645,75006,1,746.55,GBP
2010-01-15 00:00:00,2010-01-19 00:00:00,645,76643,1,746.55,GBP
2010-01-15 00:00:00,2010-01-19 00:00:00,645,78358,1,746.55,USD
2010-01-15 00:00:00,2010-01-19 00:00:00,645,85546,1,746.55,GBP
2010-01-15 00:00:00,2010-01-19 00:00:00,645,92630,1,761.5125,USD
2010-01-15 00:00:00,2010-01-19 00:00:00,645,92677,1,761.5125,GBP
2010-01-15 00:00:00,2010-01-19 00:00:00,645,93230,1,761.5125,GBP
2010-01-15 00:00:00,2010-01-19 00:00:00,645,95823,1,761.5125,USD
2010-01-15 00:00:00,2010-01-19 00:00:00,658,02771,1,902.7375,GBP
2010-01-15 00:00:00,2010-01-19 00:00:00,658,08318,1,902.7375,USD
2010-01-15 00:00:00,2010-01-19 00:00:00,658,19804,1,902.7375,GBP
2010-01-15 00:00:00,2010-01-19 00:00:00,658,21074,1,902.7375,USD
2010-01-15 00:00:00,2010-01-19 00:00:00,658,29456,1,902.7375,GBP
2010-01-15 00:00:00,2010-01-19 00:00:00,658,29611,1,902.7375,USD
2010-01-15 00:00:00,2010-01-19 00:00:00,658,32935,1,902.7375,USD
2010-01-15 00:00:00,2010-01-19 00:00:00,658,35954,1,902.7375,USD
2010-01-15 00:00:00,2010-01-19 00:00:00,658,38018,1,902.7375,USD
2010-01-15 00:00:00,2010-01-19 00:00:00,658,38104,1,902.7375,GBP
2010-01-15 00:00:00,2010-01-19 00:00:00,658,46835,1,902.7375,USD
2010-01-15 00:00:00,2010-01-19 00:00:00,658,50125,1,902.7375,USD
2010-01-15 00:00:00,2010-01-19 00:00:00,658,54944,1,902.7375,GBP
2010-01-15 00:00:00,2010-01-19 00:00:00,658,55001,1,902.7375,USD
2010-01-15 00:00:00,2010-01-19 00:00:00,658,70816,1,902.7375,USD
2010-01-15 00:00:00,2010-01-19 00:00:00,658,74055,1,902.7375,USD
2010-01-15 00:00:00,2010-01-19 00:00:00,658,78664,1,902.7375,USD
2010-01-15 00:00:00,2010-01-19 00:00:00,658,85308,1,902.7375,USD
2010-01-15 00:00:00,2010-01-19 00:00:00,658,91364,1,917.9625,GBP
2010-01-15 00:00:00,2010-01-19 00:00:00,658,95628,1,917.9625,USD
2010-01-15 00:00:00,2010-01-19 00:00:00,658,97470,1,902.7375,GBP
2010-01-15 00:00:00,2010-01-19 00:00:00,663,29481,1,765.45,USD
2010-01-15 00:00:00,2010-01-19 00:00:00,663,58017,1,765.45,USD
2010-01-15 00:00:00,2010-01-19 00:00:00,663,85382,1,765.45,USD
2010-01-15 00:00:00,2010-01-19 00:00:00,663,93420,1,755.2125,USD
2010-01-15 00:00:00,2010-01-19 00:00:00,663,94507,1,780.4125,USD
2010-01-15 00:00:00,2010-01-19 00:00:00,676,01540,1,801.9375,USD
2010-01-15 00:00:00,2010-01-19 00:00:00,676,01752,1,801.9375,USD
2010-01-15 00:00:00,2010-01-19 00:00:00,676,02324,1,801.9375,GBP
2010-01-15 00:00:00,2010-01-19 00:00:00,676,02334,1,801.9375,GBP
2010-01-15 00:00:00,2010-01-19 00:00:00,676,06029,1,801.9375,USD
2010-01-15 00:00:00,2010-01-19 00:00:00,676,06340,1,801.9375,USD
2010-01-15 00:00:00,2010-01-19 00:00:00,676,07080,1,801.9375,GBP
2010-01-15 00:00:00,2010-01-19 00:00:00,676,07801,1,801.9375,GBP
2010-01-15 00:00:00,2010-01-19 00:00:00,676,08004,1,801.9375,USD
2010-01-15 00:00:00,2010-01-19 00:00:00,676,08069,1,801.9375,GBP
2010-01-15 00:00:00,2010-01-19 00:00:00,676,08831,1,801.9375,USD
2010-01-15 00:00:00,2010-01-19 00:00:00,676,19701,1,801.9375,GBP
2010-01-15 00:00:00,2010-01-19 00:00:00,676,20613,1,801.9375,USD
2010-01-15 00:00:00,2010-01-19 00:00:00,676,32750,2,1603.875,GBP
2010-01-15 00:00:00,2010-01-19 00:00:00,676,32811,2,1603.875,USD
2010-01-15 00:00:00,2010-01-19 00:00:00,676,34711,1,801.9375,USD
2010-01-15 00:00:00,2010-01-19 00:00:00,676,34994,1,801.9375,USD
2010-01-15 00:00:00,2010-01-19 00:00:00,676,38134,1,801.9375,USD
2010-01-15 00:00:00,2010-01-19 00:00:00,676,38680,1,801.9375,USD
2010-01-15 00:00:00,2010-01-19 00:00:00,676,39367,1,801.9375,USD
2010-01-15 00:00:00,2010-01-19 00:00:00,676,40505,1,801.9375,USD
2010-01-15 00:00:00,2010-01-19 00:00:00,676,46040,1,801.9375,USD
2010-01-15 00:00:00,2010-01-19 00:00:00,676,50208,1,801.9375,USD
2010-01-15 00:00:00,2010-01-19 00:00:00,676,51012,1,801.9375,GBP
2010-01-15 00:00:00,2010-01-19 00:00:00,676,51523,1,801.9375,USD
2010-01-15 00:00:00,2010-01-19 00:00:00,676,51653,1,801.9375,USD
2010-01-15 00:00:00,2010-01-19 00:00:00,676,53012,1,801.9375,USD
2010-01-15 00:00:00,2010-01-19 00:00:00,676,53217,1,801.9375,USD
2010-01-15 00:00:00,2010-01-19 00:00:00,676,63366,1,801.9375,USD
2010-01-15 00:00:00,2010-01-19 00:00:00,676,64118,1,801.9375,USD
2010-01-15 00:00:00,2010-01-19 00:00:00,676,66441,1,801.9375,USD
2010-01-15 00:00:00,2010-01-19 00:00:00,676,68801,1,801.9375,USD
2010-01-15 00:00:00,2010-01-19 00:00:00,676,71291,1,801.9375,GBP
2010-01-15 00:00:00,2010-01-19 00:00:00,676,75229,1,801.9375,USD
2010-01-15 00:00:00,2010-01-19 00:00:00,676,75662,1,801.9375,USD
2010-01-15 00:00:00,2010-01-19 00:00:00,676,83340,1,816.9,GBP
2010-01-15 00:00:00,2010-01-19 00:00:00,676,84003,1,801.9375,USD
2010-01-15 00:00:00,2010-01-19 00:00:00,676,84770,1,816.9,GBP
2010-01-15 00:00:00,2010-01-19 00:00:00,676,85737,1,801.9375,USD
2010-01-15 00:00:00,2010-01-19 00:00:00,676,91963,1,816.9,USD
2010-01-15 00:00:00,2010-01-19 00:00:00,676,92020,1,816.9,USD
2010-01-15 00:00:00,2010-01-19 00:00:00,676,92083,1,816.9,GBP
2010-01-15 00:00:00,2010-01-19 00:00:00,676,92544,1,816.9,GBP
2010-01-15 00:00:00,2010-01-19 00:00:00,676,93308,1,816.9,USD
2010-01-15 00:00:00,2010-01-19 00:00:00,676,93420,1,816.9,USD
2010-01-15 00:00:00,2010-01-19 00:00:00,676,93436,1,816.9,GBP
2010-01-15 00:00:00,2010-01-19 00:00:00,676,93701,1,816.9,GBP
2010-01-15 00:00:00,2010-01-19 00:00:00,676,93706,1,816.9,GBP
2010-01-15 00:00:00,2010-01-19 00:00:00,676,94063,1,816.9,USD
2010-01-15 00:00:00,2010-01-19 00:00:00,676,94561,1,816.9,USD
2010-01-15 00:00:00,2010-01-19 00:00:00,676,95008,1,816.9,GBP
2010-01-15 00:00:00,2010-01-19 00:00:00,676,95123,1,816.9,USD
2010-01-15 00:00:00,2010-01-19 00:00:00,676,95602,1,816.9,USD
2010-01-15 00:00:00,2010-01-19 00:00:00,676,97306,1,801.9375,GBP
2010-01-15 00:00:00,2010-01-19 00:00:00,681,01510,1,629.7375,USD
2010-01-15 00:00:00,2010-01-19 00:00:00,681,02746,1,629.7375,USD
2010-01-15 00:00:00,2010-01-19 00:00:00,681,06410,1,629.7375,USD
2010-01-15 00:00:00,2010-01-19 00:00:00,681,06716,1,629.7375,USD
2010-01-15 00:00:00,2010-01-19 00:00:00,681,07419,1,629.7375,USD
2010-01-15 00:00:00,2010-01-19 00:00:00,681,08316,1,629.7375,USD
2010-01-15 00:00:00,2010-01-19 00:00:00,681,20874,1,629.7375,USD
2010-01-15 00:00:00,2010-01-19 00:00:00,681,32127,1,629.7375,USD
2010-01-15 00:00:00,2010-01-19 00:00:00,681,33436,1,629.7375,USD
2010-01-15 00:00:00,2010-01-19 00:00:00,681,33569,1,629.7375,USD
2010-01-15 00:00:00,2010-01-19 00:00:00,681,35961,1,629.7375,USD
2010-01-15 00:00:00,2010-01-19 00:00:00,681,47712,1,629.7375,GBP
2010-01-15 00:00:00,2010-01-19 00:00:00,681,50156,1,629.7375,USD
2010-01-15 00:00:00,2010-01-19 00:00:00,681,52531,1,3148.6875,GBP
2010-01-15 00:00:00,2010-01-19 00:00:00,681,52531,1,1889.2124999999999,USD
2010-01-15 00:00:00,2010-01-19 00:00:00,681,59412,1,629.7375,GBP
2010-01-15 00:00:00,2010-01-19 00:00:00,681,63901,1,629.7375,USD
2010-01-15 00:00:00,2010-01-19 00:00:00,681,66109,1,629.7375,USD
2010-01-15 00:00:00,2010-01-19 00:00:00,681,75070,1,629.7375,GBP
2010-01-15 00:00:00,2010-01-19 00:00:00,681,75080,1,629.7375,USD
2010-01-15 00:00:00,2010-01-19 00:00:00,681,78242,1,629.7375,GBP
2010-01-15 00:00:00,2010-01-19 00:00:00,681,90815,1,644.9625,GBP
2010-01-15 00:00:00,2010-01-19 00:00:00,681,92372,1,644.9625,USD
2010-01-15 00:00:00,2010-01-19 00:00:00,681,93003,2,1289.925,USD
2010-01-15 00:00:00,2010-01-19 00:00:00,681,94403,1,644.9625,GBP
2010-01-15 00:00:00,2010-01-19 00:00:00,681,95454,1,644.9625,GBP
2010-01-15 00:00:00,2010-01-19 00:00:00,683,06525,1,788.025,USD
2010-01-15 00:00:00,2010-01-19 00:00:00,683,06851,1,788.025,USD
2010-01-15 00:00:00,2010-01-19 00:00:00,683,08810,1,788.025,GBP
2010-01-15 00:00:00,2010-01-19 00:00:00,683,32084,1,788.025,GBP
2010-01-15 00:00:00,2010-01-19 00:00:00,683,32117,1,702.1875,GBP
2010-01-15 00:00:00,2010-01-19 00:00:00,683,33785,1,788.025,USD
2010-01-15 00:00:00,2010-01-19 00:00:00,683,34772,1,788.025,GBP
2010-01-15 00:00:00,2010-01-19 00:00:00,683,53121,1,788.025,USD
2010-01-15 00:00:00,2010-01-19 00:00:00,683,63021,1,788.025,USD
2010-01-15 00:00:00,2010-01-19 00:00:00,683,71006,1,788.025,USD
2010-01-15 00:00:00,2010-01-19 00:00:00,683,74158,1,788.025,GBP
2010-01-15 00:00:00,2010-01-19 00:00:00,683,83501,1,788.025,USD
2010-01-15 00:00:00,2010-01-19 00:00:00,683,85254,1,788.025,USD
2010-01-15 00:00:00,2010-01-19 00:00:00,683,89419,1,788.025,GBP
2010-01-15 00:00:00,2010-01-19 00:00:00,683,93060,1,803.25,USD
2010-01-15 00:00:00,2010-01-19 00:00:00,683,95128,1,790.3875,GBP
2010-01-15 00:00:00,2010-01-19 00:00:00,687,20854,1,445.9875,USD
2010-01-15 00:00:00,2010-01-19 00:00:00,687,21701,1,445.9875,USD
2010-01-15 00:00:00,2010-01-19 00:00:00,687,33634,1,445.9875,GBP
2010-01-15 00:00:00,2010-01-19 00:00:00,687,46962,1,445.9875,GBP
2010-01-15 00:00:00,2010-01-19 00:00:00,687,47834,1,445.9875,USD
2010-01-15 00:00:00,2010-01-19 00:00:00,687,50138,1,445.9875,GBP
2010-01-15 00:00:00,2010-01-19 00:00:00,687,59301,1,445.9875,GBP
2010-01-15 00:00:00,2010-01-19 00:00:00,687,87124,1,445.9875,USD
2010-01-15 00:00:00,2010-01-19 00:00:00,687,91941,1,452.2875,USD
2010-01-15 00:00:00,2010-01-19 00:00:00,702,37312,1,286.0725,USD
2010-01-15 00:00:00,2010-01-19 00:00:00,702,75098,1,286.0725,USD
2010-01-15 00:00:00,2010-01-19 00:00:00,713,19720,1,160.0725,USD
2010-01-15 00:00:00,2010-01-19 00:00:00,713,33409,1,160.0725,USD
2010-01-15 00:00:00,2010-01-19 00:00:00,713,38019,1,160.0725,USD
2010-01-15 00:00:00,2010-01-19 00:00:00,713,89506,1,160.0725,USD
2010-01-15 00:00:00,2010-01-19 00:00:00,713,93240,1,160.0725,USD
2010-01-15 00:00:00,2010-01-19 00:00:00,713,94080,1,160.0725,USD
2010-01-15 00:00:00,2010-01-19 00:00:00,713,97355,2,320.145,USD
2010-01-15 00:00:00,2010-01-19 00:00:00,714,08734,1,160.0725,GBP
2010-01-15 00:00:00,2010-01-19 00:00:00,714,47905,1,160.0725,GBP
2010-01-15 00:00:00,2010-01-19 00:00:00,714,72450,1,160.0725,GBP
2010-01-15 00:00:00,2010-01-19 00:00:00,714,73544,1,160.0725,GBP
2010-01-15 00:00:00,2010-01-19 00:00:00,714,77662,1,160.0725,GBP
2010-01-15 00:00:00,2010-01-19 00:00:00,714,97539,1,160.0725,GBP
2010-01-15 00:00:00,2010-01-19 00:00:00,725,06524,1,115.4475,USD
2010-01-15 00:00:00,2010-01-19 00:00:00,725,07748,1,115.4475,GBP
2010-01-15 00:00:00,2010-01-19 00:00:00,725,07946,1,115.4475,GBP
2010-01-15 00:00:00,2010-01-19 00:00:00,725,20639,1,115.4475,GBP
2010-01-15 00:00:00,2010-01-19 00:00:00,725,20905,1,115.4475,GBP
2010-01-15 00:00:00,2010-01-19 00:00:00,725,21613,1,115.4475,GBP
2010-01-15 00:00:00,2010-01-19 00:00:00,725,21771,1,115.4475,GBP
2010-01-15 00:00:00,2010-01-19 00:00:00,725,29536,1,115.4475,GBP
2010-01-15 00:00:00,2010-01-19 00:00:00,725,29554,1,115.4475,USD
2010-01-15 00:00:00,2010-01-19 00:00:00,725,29745,2,230.895,USD
2010-01-15 00:00:00,2010-01-19 00:00:00,725,33430,2,230.895,GBP
2010-01-15 00:00:00,2010-01-19 00:00:00,725,33706,1,115.4475,GBP
2010-01-15 00:00:00,2010-01-19 00:00:00,725,33868,1,115.4475,GBP
2010-01-15 00:00:00,2010-01-19 00:00:00,725,33981,1,115.4475,USD
2010-01-15 00:00:00,2010-01-19 00:00:00,725,34208,1,115.4475,USD
2010-01-15 00:00:00,2010-01-19 00:00:00,725,34223,1,115.4475,GBP
2010-01-15 00:00:00,2010-01-19 00:00:00,725,35146,1,115.4475,USD
2010-01-15 00:00:00,2010-01-19 00:00:00,725,35226,2,230.895,GBP
2010-01-15 00:00:00,2010-01-19 00:00:00,725,36256,1,115.4475,USD
2010-01-15 00:00:00,2010-01-19 00:00:00,725,39581,1,115.4475,GBP
2010-01-15 00:00:00,2010-01-19 00:00:00,725,40216,1,115.4475,USD
2010-01-15 00:00:00,2010-01-19 00:00:00,725,46140,1,115.4475,USD
2010-01-15 00:00:00,2010-01-19 00:00:00,725,47905,1,115.4475,USD
2010-01-15 00:00:00,2010-01-19 00:00:00,725,54130,1,115.4475,GBP
2010-01-15 00:00:00,2010-01-19 00:00:00,725,59404,2,225.645,GBP
2010-01-15 00:00:00,2010-01-19 00:00:00,725,63026,2,230.895,GBP
2010-01-15 00:00:00,2010-01-19 00:00:00,725,65583,1,115.4475,GBP
2010-01-15 00:00:00,2010-01-19 00:00:00,725,70706,1,115.4475,GBP
2010-01-15 00:00:00,2010-01-19 00:00:00,725,70819,1,115.4475,GBP
2010-01-15 00:00:00,2010-01-19 00:00:00,725,71211,1,102.3225,USD
2010-01-15 00:00:00,2010-01-19 00:00:00,725,71291,1,115.4475,GBP
2010-01-15 00:00:00,2010-01-19 00:00:00,725,72370,1,115.4475,GBP
2010-01-15 00:00:00,2010-01-19 00:00:00,725,75224,1,115.4475,GBP
2010-01-15 00:00:00,2010-01-19 00:00:00,725,75601,1,115.4475,GBP
2010-01-15 00:00:00,2010-01-19 00:00:00,725,75602,1,115.4475,USD
2010-01-15 00:00:00,2010-01-19 00:00:00,725,77063,1,115.4475,GBP
2010-01-15 00:00:00,2010-01-19 00:00:00,725,77590,1,115.4475,GBP
2010-01-15 00:00:00,2010-01-19 00:00:00,725,77904,1,115.4475,GBP
2010-01-15 00:00:00,2010-01-19 00:00:00,725,79109,1,115.4475,GBP
2010-01-15 00:00:00,2010-01-19 00:00:00,725,85233,1,115.4475,GBP
2010-01-15 00:00:00,2010-01-19 00:00:00,725,85382,1,115.4475,USD
2010-01-15 00:00:00,2010-01-19 00:00:00,725,89403,1,115.4475,GBP
2010-01-15 00:00:00,2010-01-19 00:00:00,725,91208,1,115.4475,USD
2010-01-15 00:00:00,2010-01-19 00:00:00,725,92082,1,115.4475,USD
2010-01-15 00:00:00,2010-01-19 00:00:00,725,92869,1,115.4475,GBP
2010-01-15 00:00:00,2010-01-19 00:00:00,725,93252,1,115.4475,GBP
2010-01-15 00:00:00,2010-01-19 00:00:00,725,94560,1,115.4475,GBP
2010-01-15 00:00:00,2010-01-19 00:00:00,725,94571,1,115.4475,GBP
2010-01-15 00:00:00,2010-01-19 00:00:00,725,95018,2,230.895,GBP
2010-01-15 00:00:00,2010-01-19 00:00:00,725,95124,1,115.4475,GBP
2010-01-15 00:00:00,2010-01-19 00:00:00,725,95125,1,115.4475,GBP
2010-01-15 00:00:00,2010-01-19 00:00:00,725,95448,1,115.4475,GBP
2010-01-15 00:00:00,2010-01-19 00:00:00,725,95713,2,230.895,GBP
2010-01-15 00:00:00,2010-01-19 00:00:00,725,96068,1,115.4475,GBP
2010-01-15 00:00:00,2010-01-19 00:00:00,725,97408,1,115.4475,GBP
2010-01-15 00:00:00,2010-01-19 00:00:00,726,01036,1,115.4475,USD
2010-01-15 00:00:00,2010-01-19 00:00:00,726,02668,1,115.4475,GBP
2010-01-15 00:00:00,2010-01-19 00:00:00,726,06524,1,115.4475,USD
2010-01-15 00:00:00,2010-01-19 00:00:00,726,06752,1,115.4475,GBP
2010-01-15 00:00:00,2010-01-19 00:00:00,726,07921,1,115.4475,GBP
2010-01-15 00:00:00,2010-01-19 00:00:00,726,08060,1,115.4475,GBP
2010-01-15 00:00:00,2010-01-19 00:00:00,726,08505,1,115.4475,USD
2010-01-15 00:00:00,2010-01-19 00:00:00,726,08510,1,115.4475,USD
2010-01-15 00:00:00,2010-01-19 00:00:00,726,08540,1,115.4475,USD
2010-01-15 00:00:00,2010-01-19 00:00:00,726,08610,1,115.4475,USD
2010-01-15 00:00:00,2010-01-19 00:00:00,726,20011,1,115.4475,USD
2010-01-15 00:00:00,2010-01-19 00:00:00,726,20724,1,115.4475,USD
2010-01-15 00:00:00,2010-01-19 00:00:00,726,20878,1,115.4475,USD
2010-01-15 00:00:00,2010-01-19 00:00:00,726,20905,1,115.4475,GBP
2010-01-15 00:00:00,2010-01-19 00:00:00,726,29150,1,115.4475,GBP
2010-01-15 00:00:00,2010-01-19 00:00:00,726,29581,1,115.4475,USD
2010-01-15 00:00:00,2010-01-19 00:00:00,726,32927,1,115.4475,USD
2010-01-15 00:00:00,2010-01-19 00:00:00,726,33881,1,115.4475,GBP
2010-01-15 00:00:00,2010-01-19 00:00:00,726,35503,1,115.4475,USD
2010-01-15 00:00:00,2010-01-19 00:00:00,726,37130,1,115.4475,USD
2010-01-15 00:00:00,2010-01-19 00:00:00,726,37330,1,115.4475,USD
2010-01-15 00:00:00,2010-01-19 00:00:00,726,38305,2,230.895,USD
2010-01-15 00:00:00,2010-01-19 00:00:00,726,38401,1,115.4475,GBP
2010-01-15 00:00:00,2010-01-19 00:00:00,726,39483,1,115.4475,USD
2010-01-15 00:00:00,2010-01-19 00:00:00,726,39663,1,115.4475,USD
2010-01-15 00:00:00,2010-01-19 00:00:00,726,39773,1,115.4475,GBP
2010-01-15 00:00:00,2010-01-19 00:00:00,726,40405,1,115.4475,USD
2010-01-15 00:00:00,2010-01-19 00:00:00,726,40602,1,115.4475,USD
2010-01-15 00:00:00,2010-01-19 00:00:00,726,41102,1,115.4475,USD
2010-01-15 00:00:00,2010-01-19 00:00:00,726,41502,1,115.4475,GBP
2010-01-15 00:00:00,2010-01-19 00:00:00,726,64063,1,115.4475,USD
2010-01-15 00:00:00,2010-01-19 00:00:00,726,64093,1,115.4475,USD
2010-01-15 00:00:00,2010-01-19 00:00:00,726,66012,1,115.4475,USD
2010-01-15 00:00:00,2010-01-19 00:00:00,726,71211,1,102.3225,USD
2010-01-15 00:00:00,2010-01-19 00:00:00,726,71351,1,115.4475,USD
2010-01-15 00:00:00,2010-01-19 00:00:00,726,72112,1,115.4475,GBP
2010-01-15 00:00:00,2010-01-19 00:00:00,726,74727,1,115.4475,USD
2010-01-15 00:00:00,2010-01-19 00:00:00,726,75938,1,115.4475,USD
2010-01-15 00:00:00,2010-01-19 00:00:00,726,77590,1,115.4475,GBP
2010-01-15 00:00:00,2010-01-19 00:00:00,726,78332,2,230.895,USD
2010-01-15 00:00:00,2010-01-19 00:00:00,726,79109,1,115.4475,GBP
2010-01-15 00:00:00,2010-01-19 00:00:00,726,85715,1,115.4475,GBP
2010-01-15 00:00:00,2010-01-19 00:00:00,726,89801,1,115.4475,USD
2010-01-15 00:00:00,2010-01-19 00:00:00,726,91381,1,115.4475,USD
2010-01-15 00:00:00,2010-01-19 00:00:00,726,92392,1,115.4475,GBP
2010-01-15 00:00:00,2010-01-19 00:00:00,726,93552,1,115.4475,GBP
2010-01-15 00:00:00,2010-01-19 00:00:00,726,93555,3,346.3425,USD
2010-01-15 00:00:00,2010-01-19 00:00:00,726,94571,1,115.4475,GBP
2010-01-15 00:00:00,2010-01-19 00:00:00,726,95713,2,230.895,GBP
2010-01-15 00:00:00,2010-01-19 00:00:00,726,96068,1,115.4475,USD
2010-01-15 00:00:00,2010-01-19 00:00:00,726,97009,1,115.4475,GBP
2010-01-15 00:00:00,2010-01-19 00:00:00,726,97266,1,115.4475,USD
2010-01-15 00:00:00,2010-01-19 00:00:00,727,02364,1,68.1975,GBP
2010-01-15 00:00:00,2010-01-19 00:00:00,727,02830,1,62.9475,GBP
2010-01-15 00:00:00,2010-01-19 00:00:00,727,06359,1,62.9475,GBP
2010-01-15 00:00:00,2010-01-19 00:00:00,727,06379,1,62.9475,GBP
2010-01-15 00:00:00,2010-01-19 00:00:00,727,08757,1,62.9475,USD
2010-01-15 00:00:00,2010-01-19 00:00:00,727,20603,1,62.9475,GBP
2010-01-15 00:00:00,2010-01-19 00:00:00,727,20656,1,62.9475,USD
2010-01-15 00:00:00,2010-01-19 00:00:00,727,21037,1,125.895,GBP
2010-01-15 00:00:00,2010-01-19 00:00:00,727,21037,1,251.79,USD
2010-01-15 00:00:00,2010-01-19 00:00:00,727,24879,1,68.1975,GBP
2010-01-15 00:00:00,2010-01-19 00:00:00,727,29617,1,62.9475,GBP
2010-01-15 00:00:00,2010-01-19 00:00:00,727,33813,2,136.395,GBP
2010-01-15 00:00:00,2010-01-19 00:00:00,727,34952,1,62.9475,GBP
2010-01-15 00:00:00,2010-01-19 00:00:00,727,35127,1,62.9475,GBP
2010-01-15 00:00:00,2010-01-19 00:00:00,727,36502,1,62.9475,GBP
2010-01-15 00:00:00,2010-01-19 00:00:00,727,37069,1,62.9475,USD
2010-01-15 00:00:00,2010-01-19 00:00:00,727,37122,1,62.9475,USD
2010-01-15 00:00:00,2010-01-19 00:00:00,727,47987,2,125.895,GBP
2010-01-15 00:00:00,2010-01-19 00:00:00,727,64076,1,62.9475,GBP
2010-01-15 00:00:00,2010-01-19 00:00:00,727,70086,1,62.9475,GBP
2010-01-15 00:00:00,2010-01-19 00:00:00,727,70461,2,125.895,GBP
2010-01-15 00:00:00,2010-01-19 00:00:00,727,71270,2,131.145,GBP
2010-01-15 00:00:00,2010-01-19 00:00:00,727,72015,1,62.9475,GBP
2010-01-15 00:00:00,2010-01-19 00:00:00,727,72076,1,62.9475,USD
2010-01-15 00:00:00,2010-01-19 00:00:00,727,75670,1,62.9475,USD
2010-01-15 00:00:00,2010-01-19 00:00:00,727,75683,1,62.9475,GBP
2010-01-15 00:00:00,2010-01-19 00:00:00,727,77063,2,125.895,GBP
2010-01-15 00:00:00,2010-01-19 00:00:00,727,77505,1,62.9475,USD
2010-01-15 00:00:00,2010-01-19 00:00:00,727,79072,1,68.1975,GBP
2010-01-15 00:00:00,2010-01-19 00:00:00,727,89429,1,62.9475,GBP
2010-01-15 00:00:00,2010-01-19 00:00:00,727,90041,1,62.9475,USD
2010-01-15 00:00:00,2010-01-19 00:00:00,727,90293,2,125.895,GBP
2010-01-15 00:00:00,2010-01-19 00:00:00,727,91351,1,62.9475,GBP
2010-01-15 00:00:00,2010-01-19 00:00:00,727,92067,1,62.9475,USD
2010-01-15 00:00:00,2010-01-19 00:00:00,727,92129,1,62.9475,GBP
2010-01-15 00:00:00,2010-01-19 00:00:00,727,92595,2,125.895,USD
2010-01-15 00:00:00,2010-01-19 00:00:00,727,92808,1,62.9475,GBP
2010-01-15 00:00:00,2010-01-19 00:00:00,727,93921,1,62.9475,GBP
2010-01-15 00:00:00,2010-01-19 00:00:00,727,94062,1,62.9475,GBP
2010-01-15 00:00:00,2010-01-19 00:00:00,727,94526,1,62.9475,USD
2010-01-15 00:00:00,2010-01-19 00:00:00,727,95945,1,62.9475,GBP
2010-01-15 00:00:00,2010-01-19 00:00:00,727,97136,1,62.9475,GBP
2010-01-15 00:00:00,2010-01-19 00:00:00,728,02702,1,62.9475,GBP
2010-01-15 00:00:00,2010-01-19 00:00:00,728,06333,1,62.9475,GBP
2010-01-15 00:00:00,2010-01-19 00:00:00,728,07438,1,62.9475,GBP
2010-01-15 00:00:00,2010-01-19 00:00:00,728,07457,1,62.9475,GBP
2010-01-15 00:00:00,2010-01-19 00:00:00,728,08753,1,62.9475,GBP
2010-01-15 00:00:00,2010-01-19 00:00:00,728,19946,1,62.9475,GBP
2010-01-15 00:00:00,2010-01-19 00:00:00,728,21037,1,62.9475,GBP
2010-01-15 00:00:00,2010-01-19 00:00:00,728,21037,1,188.8425,USD
2010-01-15 00:00:00,2010-01-19 00:00:00,728,21234,1,62.9475,GBP
2010-01-15 00:00:00,2010-01-19 00:00:00,728,21771,2,136.395,GBP
2010-01-15 00:00:00,2010-01-19 00:00:00,728,24879,1,68.1975,GBP
2010-01-15 00:00:00,2010-01-19 00:00:00,728,25504,1,62.9475,GBP
2010-01-15 00:00:00,2010-01-19 00:00:00,728,29205,1,62.9475,USD
2010-01-15 00:00:00,2010-01-19 00:00:00,728,29330,2,125.895,USD
2010-01-15 00:00:00,2010-01-19 00:00:00,728,32561,1,68.1975,USD
2010-01-15 00:00:00,2010-01-19 00:00:00,728,33317,1,68.1975,USD
2010-01-15 00:00:00,2010-01-19 00:00:00,728,34953,1,68.1975,GBP
2010-01-15 00:00:00,2010-01-19 00:00:00,728,37620,1,62.9475,USD
2010-01-15 00:00:00,2010-01-19 00:00:00,728,39455,1,62.9475,USD
2010-01-15 00:00:00,2010-01-19 00:00:00,728,40047,1,62.9475,USD
2010-01-15 00:00:00,2010-01-19 00:00:00,728,41219,1,62.9475,GBP
2010-01-15 00:00:00,2010-01-19 00:00:00,728,46311,1,68.1975,GBP
2010-01-15 00:00:00,2010-01-19 00:00:00,728,46392,1,62.9475,USD
2010-01-15 00:00:00,2010-01-19 00:00:00,728,47987,2,125.895,USD
2010-01-15 00:00:00,2010-01-19 00:00:00,728,50124,1,62.9475,GBP
2010-01-15 00:00:00,2010-01-19 00:00:00,728,54129,1,62.9475,USD
2010-01-15 00:00:00,2010-01-19 00:00:00,728,54494,1,62.9475,USD
2010-01-15 00:00:00,2010-01-19 00:00:00,728,65565,1,62.9475,GBP
2010-01-15 00:00:00,2010-01-19 00:00:00,728,67870,2,125.895,GBP
2010-01-15 00:00:00,2010-01-19 00:00:00,728,70458,1,62.9475,GBP
2010-01-15 00:00:00,2010-01-19 00:00:00,728,71219,1,68.1975,USD
2010-01-15 00:00:00,2010-01-19 00:00:00,728,72015,1,62.9475,GBP
2010-01-15 00:00:00,2010-01-19 00:00:00,728,72032,1,62.9475,GBP
2010-01-15 00:00:00,2010-01-19 00:00:00,728,75951,1,62.9475,GBP
2010-01-15 00:00:00,2010-01-19 00:00:00,728,76371,1,62.9475,GBP
2010-01-15 00:00:00,2010-01-19 00:00:00,728,77327,1,62.9475,GBP
2010-01-15 00:00:00,2010-01-19 00:00:00,728,78840,1,62.9475,GBP
2010-01-15 00:00:00,2010-01-19 00:00:00,728,84115,2,125.895,GBP
2010-01-15 00:00:00,2010-01-19 00:00:00,728,85716,1,62.9475,GBP
2010-01-15 00:00:00,2010-01-19 00:00:00,728,86442,1,62.9475,USD
2010-01-15 00:00:00,2010-01-19 00:00:00,728,90047,1,62.9475,USD
2010-01-15 00:00:00,2010-01-19 00:00:00,728,91361,1,62.9475,GBP
2010-01-15 00:00:00,2010-01-19 00:00:00,728,92129,1,62.9475,USD
2010-01-15 00:00:00,2010-01-19 00:00:00,728,92308,1,62.9475,USD
2010-01-15 00:00:00,2010-01-19 00:00:00,728,93001,1,62.9475,GBP
2010-01-15 00:00:00,2010-01-19 00:00:00,728,95658,1,62.9475,USD
2010-01-15 00:00:00,2010-01-19 00:00:00,728,97045,1,62.9475,GBP
2010-01-15 00:00:00,2010-01-19 00:00:00,728,97446,1,62.9475,USD
2010-01-15 00:00:00,2010-01-19 00:00:00,739,01301,2,341.145,GBP
2010-01-15 00:00:00,2010-01-19 00:00:00,739,02817,1,167.9475,GBP
2010-01-15 00:00:00,2010-01-19 00:00:00,739,21076,1,170.5725,GBP
2010-01-15 00:00:00,2010-01-19 00:00:00,739,34652,1,170.5725,USD
2010-01-15 00:00:00,2010-01-19 00:00:00,739,37087,1,170.5725,GBP
2010-01-15 00:00:00,2010-01-19 00:00:00,739,38260,1,170.5725,GBP
2010-01-15 00:00:00,2010-01-19 00:00:00,739,71295,1,170.5725,GBP
2010-01-15 00:00:00,2010-01-19 00:00:00,739,72811,1,170.5725,GBP
2010-01-15 00:00:00,2010-01-19 00:00:00,739,75028,1,170.5725,GBP
2010-01-15 00:00:00,2010-01-19 00:00:00,739,89406,1,170.5725,GBP
2010-01-15 00:00:00,2010-01-19 00:00:00,739,89511,2,341.145,GBP
2010-01-15 00:00:00,2010-01-19 00:00:00,739,94507,1,170.5725,GBP
2010-01-15 00:00:00,2010-01-19 00:00:00,739,94571,1,170.5725,GBP
2010-01-15 00:00:00,2010-01-19 00:00:00,740,06339,1,170.5725,USD
2010-01-15 00:00:00,2010-01-19 00:00:00,740,19709,1,170.5725,GBP
2010-01-15 00:00:00,2010-01-19 00:00:00,740,19933,1,170.5725,USD
2010-01-15 00:00:00,2010-01-19 00:00:00,740,20637,1,170.5725,GBP
2010-01-15 00:00:00,2010-01-19 00:00:00,740,29506,1,170.5725,GBP
2010-01-15 00:00:00,2010-01-19 00:00:00,740,35089,1,170.5725,USD
2010-01-15 00:00:00,2010-01-19 00:00:00,740,35226,1,170.5725,USD
2010-01-15 00:00:00,2010-01-19 00:00:00,740,46158,1,170.5725,USD
2010-01-15 00:00:00,2010-01-19 00:00:00,740,55042,1,170.5725,USD
2010-01-15 00:00:00,2010-01-19 00:00:00,740,68516,1,167.9475,GBP
2010-01-15 00:00:00,2010-01-19 00:00:00,740,71405,1,170.5725,GBP
2010-01-15 00:00:00,2010-01-19 00:00:00,740,83501,1,170.5725,USD
2010-01-15 00:00:00,2010-01-19 00:00:00,740,89406,1,170.5725,GBP
2010-01-15 00:00:00,2010-01-19 00:00:00,740,93267,1,170.5725,GBP
2010-01-15 00:00:00,2010-01-19 00:00:00,740,94022,1,170.5725,GBP
2010-01-15 00:00:00,2010-01-19 00:00:00,740,94024,1,170.5725,GBP
2010-01-15 00:00:00,2010-01-19 00:00:00,740,95825,1,170.5725,USD
2010-01-15 00:00:00,2010-01-19 00:00:00,740,95838,1,170.5725,GBP
2010-01-15 00:00:00,2010-01-19 00:00:00,743,95065,1,270.3225,GBP
2010-01-15 00:00:00,2010-01-19 00:00:00,744,08852,1,267.6975,GBP
2010-01-15 00:00:00,2010-01-19 00:00:00,747,32176,1,291.3225,GBP
2010-01-15 00:00:00,2010-01-19 00:00:00,747,84041,1,291.3225,GBP
2010-01-15 00:00:00,2010-01-19 00:00:00,747,89118,1,291.3225,GBP
2010-01-15 00:00:00,2010-01-19 00:00:00,747,91351,1,291.3225,USD
2010-01-15 00:00:00,2010-01-19 00:00:00,747,91941,1,291.3225,USD
2010-01-15 00:00:00,2010-01-19 00:00:00,747,92627,1,291.3225,GBP
2010-01-15 00:00:00,2010-01-19 00:00:00,747,97007,1,291.3225,USD
2010-01-15 00:00:00,2010-01-19 00:00:00,747,97055,1,291.3225,GBP
2010-01-15 00:00:00,2010-01-19 00:00:00,748,73026,1,291.3225,GBP
2010-01-15 00:00:00,2010-01-19 00:00:00,748,84041,1,291.3225,GBP
2010-01-15 00:00:00,2010-01-19 00:00:00,748,89410,1,291.3225,GBP
2010-01-15 00:00:00,2010-01-19 00:00:00,748,91040,1,291.3225,GBP
2010-01-15 00:00:00,2010-01-19 00:00:00,748,91941,1,291.3225,GBP
2010-01-15 00:00:00,2010-01-19 00:00:00,748,93455,1,291.3225,GBP
2010-01-15 00:00:00,2010-01-19 00:00:00,753,21773,1,244.0725,GBP
2010-01-15 00:00:00,2010-01-19 00:00:00,753,37909,1,244.0725,GBP
2010-01-15 00:00:00,2010-01-19 00:00:00,753,67665,1,241.4475,USD
2010-01-15 00:00:00,2010-01-19 00:00:00,753,70433,1,244.0725,USD
2010-01-15 00:00:00,2010-01-19 00:00:00,753,87413,1,244.0725,GBP
2010-01-15 00:00:00,2010-01-19 00:00:00,753,90740,1,244.0725,GBP
2010-01-15 00:00:00,2010-01-19 00:00:00,753,92663,1,244.0725,USD
2010-01-15 00:00:00,2010-01-19 00:00:00,753,93505,1,241.4475,GBP
2010-01-15 00:00:00,2010-01-19 00:00:00,753,94041,1,244.0725,GBP
2010-01-15 00:00:00,2010-01-19 00:00:00,753,94550,1,244.0725,USD
2010-01-15 00:00:00,2010-01-19 00:00:00,753,94587,1,244.0725,GBP
2010-01-15 00:00:00,2010-01-19 00:00:00,753,95403,1,241.4475,GBP
2010-01-15 00:00:00,2010-01-19 00:00:00,754,06524,1,241.4475,USD
2010-01-15 00:00:00,2010-01-19 00:00:00,754,35758,1,244.0725,USD
2010-01-15 00:00:00,2010-01-19 00:00:00,754,37331,1,244.0725,GBP
2010-01-15 00:00:00,2010-01-19 00:00:00,754,39525,1,244.0725,GBP
2010-01-15 00:00:00,2010-01-19 00:00:00,754,84084,1,241.4475,GBP
2010-01-15 00:00:00,2010-01-19 00:00:00,754,91042,1,241.4475,USD
2010-01-15 00:00:00,2010-01-19 00:00:00,754,92374,1,241.4475,USD
2010-01-15 00:00:00,2010-01-19 00:00:00,754,92404,1,241.4475,USD
2010-01-15 00:00:00,2010-01-19 00:00:00,754,93550,1,241.4475,GBP
2010-01-15 00:00:00,2010-01-19 00:00:00,754,93618,1,244.0725,USD
2010-01-15 00:00:00,2010-01-19 00:00:00,754,94550,1,244.0725,USD
2010-01-15 00:00:00,2010-01-19 00:00:00,754,95003,1,241.4475,GBP
2010-01-15 00:00:00,2010-01-19 00:00:00,754,95033,1,244.0725,GBP
2010-01-15 00:00:00,2010-01-19 00:00:00,754,95360,1,244.0725,USD
2010-01-15 00:00:00,2010-01-19 00:00:00,754,95602,1,244.0725,GBP
2010-01-15 00:00:00,2010-01-19 00:00:00,757,06473,1,83.9475,GBP
2010-01-15 00:00:00,2010-01-19 00:00:00,757,06755,1,83.9475,GBP
2010-01-15 00:00:00,2010-01-19 00:00:00,757,07083,1,83.9475,GBP
2010-01-15 00:00:00,2010-01-19 00:00:00,757,07869,1,83.9475,GBP
2010-01-15 00:00:00,2010-01-19 00:00:00,757,08648,1,83.9475,GBP
2010-01-15 00:00:00,2010-01-19 00:00:00,757,19956,1,83.9475,GBP
2010-01-15 00:00:00,2010-01-19 00:00:00,757,20607,1,83.9475,GBP
2010-01-15 00:00:00,2010-01-19 00:00:00,757,21102,1,83.9475,GBP
2010-01-15 00:00:00,2010-01-19 00:00:00,757,25802,1,83.9475,USD
2010-01-15 00:00:00,2010-01-19 00:00:00,757,26187,1,83.9475,GBP
2010-01-15 00:00:00,2010-01-19 00:00:00,757,26554,1,83.9475,USD
2010-01-15 00:00:00,2010-01-19 00:00:00,757,29554,1,83.9475,GBP
2010-01-15 00:00:00,2010-01-19 00:00:00,757,32750,1,83.9475,GBP
2010-01-15 00:00:00,2010-01-19 00:00:00,757,32751,1,83.9475,GBP
2010-01-15 00:00:00,2010-01-19 00:00:00,757,33145,1,83.9475,USD
2010-01-15 00:00:00,2010-01-19 00:00:00,757,33325,1,83.9475,USD
2010-01-15 00:00:00,2010-01-19 00:00:00,757,35244,1,83.9475,USD
2010-01-15 00:00:00,2010-01-19 00:00:00,757,36351,1,83.9475,GBP
2010-01-15 00:00:00,2010-01-19 00:00:00,757,39211,1,83.9475,GBP
2010-01-15 00:00:00,2010-01-19 00:00:00,757,41267,1,83.9475,GBP
2010-01-15 00:00:00,2010-01-19 00:00:00,757,41332,1,83.9475,USD
2010-01-15 00:00:00,2010-01-19 00:00:00,757,41522,1,83.9475,GBP
2010-01-15 00:00:00,2010-01-19 00:00:00,757,53005,1,83.9475,USD
2010-01-15 00:00:00,2010-01-19 00:00:00,757,67005,1,83.9475,USD
2010-01-15 00:00:00,2010-01-19 00:00:00,757,70431,1,83.9475,GBP
2010-01-15 00:00:00,2010-01-19 00:00:00,757,70441,1,83.9475,GBP
2010-01-15 00:00:00,2010-01-19 00:00:00,757,70808,2,167.895,USD
2010-01-15 00:00:00,2010-01-19 00:00:00,757,71486,1,83.9475,USD
2010-01-15 00:00:00,2010-01-19 00:00:00,757,75961,1,83.9475,GBP
2010-01-15 00:00:00,2010-01-19 00:00:00,757,77378,1,83.9475,GBP
2010-01-15 00:00:00,2010-01-19 00:00:00,757,77471,1,83.9475,GBP
2010-01-15 00:00:00,2010-01-19 00:00:00,757,77619,1,83.9475,GBP
2010-01-15 00:00:00,2010-01-19 00:00:00,757,79735,1,83.9475,USD
2010-01-15 00:00:00,2010-01-19 00:00:00,757,85050,1,83.9475,USD
2010-01-15 00:00:00,2010-01-19 00:00:00,757,85254,1,83.9475,GBP
2010-01-15 00:00:00,2010-01-19 00:00:00,757,89423,1,83.9475,GBP
2010-01-15 00:00:00,2010-01-19 00:00:00,757,90045,1,83.9475,USD
2010-01-15 00:00:00,2010-01-19 00:00:00,757,94509,1,83.9475,USD
2010-01-15 00:00:00,2010-01-19 00:00:00,757,94553,1,83.9475,USD
2010-01-15 00:00:00,2010-01-19 00:00:00,757,94558,1,83.9475,USD
2010-01-15 00:00:00,2010-01-19 00:00:00,757,94561,1,83.9475,GBP
2010-01-15 00:00:00,2010-01-19 00:00:00,757,95066,1,83.9475,USD
2010-01-15 00:00:00,2010-01-19 00:00:00,757,95422,1,83.9475,GBP
2010-01-15 00:00:00,2010-01-19 00:00:00,757,97123,1,83.9475,GBP
2010-01-15 00:00:00,2010-01-19 00:00:00,757,97124,1,83.9475,GBP
2010-01-15 00:00:00,2010-01-19 00:00:00,758,02019,1,83.9475,GBP
2010-01-15 00:00:00,2010-01-19 00:00:00,758,06437,2,167.895,GBP
2010-01-15 00:00:00,2010-01-19 00:00:00,758,06473,1,83.9475,GBP
2010-01-15 00:00:00,2010-01-19 00:00:00,758,08041,1,83.9475,USD
2010-01-15 00:00:00,2010-01-19 00:00:00,758,08053,1,83.9475,GBP
2010-01-15 00:00:00,2010-01-19 00:00:00,758,08648,1,83.9475,GBP
2010-01-15 00:00:00,2010-01-19 00:00:00,758,21015,1,83.9475,GBP
2010-01-15 00:00:00,2010-01-19 00:00:00,758,21078,1,83.9475,USD
2010-01-15 00:00:00,2010-01-19 00:00:00,758,21102,1,83.9475,GBP
2010-01-15 00:00:00,2010-01-19 00:00:00,758,25802,1,83.9475,USD
2010-01-15 00:00:00,2010-01-19 00:00:00,758,32216,1,83.9475,USD
2010-01-15 00:00:00,2010-01-19 00:00:00,758,32824,1,83.9475,USD
2010-01-15 00:00:00,2010-01-19 00:00:00,758,33510,1,83.9475,GBP
2010-01-15 00:00:00,2010-01-19 00:00:00,758,34990,2,167.895,GBP
2010-01-15 00:00:00,2010-01-19 00:00:00,758,35126,2,167.895,GBP
2010-01-15 00:00:00,2010-01-19 00:00:00,758,35502,1,83.9475,GBP
2010-01-15 00:00:00,2010-01-19 00:00:00,758,35763,1,83.9475,GBP
2010-01-15 00:00:00,2010-01-19 00:00:00,758,36093,2,167.895,USD
2010-01-15 00:00:00,2010-01-19 00:00:00,758,36116,1,83.9475,USD
2010-01-15 00:00:00,2010-01-19 00:00:00,758,37160,1,83.9475,USD
2010-01-15 00:00:00,2010-01-19 00:00:00,758,38025,1,83.9475,USD
2010-01-15 00:00:00,2010-01-19 00:00:00,758,38305,1,83.9475,GBP
2010-01-15 00:00:00,2010-01-19 00:00:00,758,39046,1,83.9475,USD
2010-01-15 00:00:00,2010-01-19 00:00:00,758,40107,1,83.9475,USD
2010-01-15 00:00:00,2010-01-19 00:00:00,758,40701,1,83.9475,USD
2010-01-15 00:00:00,2010-01-19 00:00:00,758,46383,2,167.895,GBP
2010-01-15 00:00:00,2010-01-19 00:00:00,758,46792,2,167.895,GBP
2010-01-15 00:00:00,2010-01-19 00:00:00,758,47135,1,83.9475,GBP
2010-01-15 00:00:00,2010-01-19 00:00:00,758,47905,2,167.895,USD
2010-01-15 00:00:00,2010-01-19 00:00:00,758,50211,1,83.9475,USD
2010-01-15 00:00:00,2010-01-19 00:00:00,758,53151,1,83.9475,USD
2010-01-15 00:00:00,2010-01-19 00:00:00,758,58421,1,83.9475,USD
2010-01-15 00:00:00,2010-01-19 00:00:00,758,67337,1,83.9475,GBP
2010-01-15 00:00:00,2010-01-19 00:00:00,758,67665,1,83.9475,GBP
2010-01-15 00:00:00,2010-01-19 00:00:00,758,70808,2,167.895,USD
2010-01-15 00:00:00,2010-01-19 00:00:00,758,71227,1,83.9475,USD
2010-01-15 00:00:00,2010-01-19 00:00:00,758,71472,1,83.9475,GBP
2010-01-15 00:00:00,2010-01-19 00:00:00,758,75456,1,83.9475,USD
2010-01-15 00:00:00,2010-01-19 00:00:00,758,75763,1,83.9475,USD
2010-01-15 00:00:00,2010-01-19 00:00:00,758,78469,1,83.9475,GBP
2010-01-15 00:00:00,2010-01-19 00:00:00,758,79735,1,83.9475,GBP
2010-01-15 00:00:00,2010-01-19 00:00:00,758,84049,1,83.9475,USD
2010-01-15 00:00:00,2010-01-19 00:00:00,758,84092,1,83.9475,USD
2010-01-15 00:00:00,2010-01-19 00:00:00,758,85050,1,83.9475,USD
2010-01-15 00:00:00,2010-01-19 00:00:00,758,85310,1,83.9475,USD
2010-01-15 00:00:00,2010-01-19 00:00:00,758,89031,1,83.9475,USD
2010-01-15 00:00:00,2010-01-19 00:00:00,758,91311,1,83.9475,USD
2010-01-15 00:00:00,2010-01-19 00:00:00,758,91326,1,83.9475,USD
2010-01-15 00:00:00,2010-01-19 00:00:00,758,91607,1,83.9475,USD
2010-01-15 00:00:00,2010-01-19 00:00:00,758,91791,1,83.9475,GBP
2010-01-15 00:00:00,2010-01-19 00:00:00,758,92054,1,83.9475,USD
2010-01-15 00:00:00,2010-01-19 00:00:00,758,92335,1,83.9475,GBP
2010-01-15 00:00:00,2010-01-19 00:00:00,758,92508,1,83.9475,USD
2010-01-15 00:00:00,2010-01-19 00:00:00,758,93405,1,83.9475,GBP
2010-01-15 00:00:00,2010-01-19 00:00:00,758,93955,1,83.9475,USD
2010-01-15 00:00:00,2010-01-19 00:00:00,758,94062,1,83.9475,USD
2010-01-15 00:00:00,2010-01-19 00:00:00,758,94086,1,83.9475,GBP
2010-01-15 00:00:00,2010-01-19 00:00:00,758,95006,3,251.8425,USD
2010-01-15 00:00:00,2010-01-19 00:00:00,758,95320,2,167.895,USD
2010-01-15 00:00:00,2010-01-19 00:00:00,767,02050,1,104.9475,USD
2010-01-15 00:00:00,2010-01-19 00:00:00,767,06401,1,104.9475,GBP
2010-01-15 00:00:00,2010-01-19 00:00:00,767,21037,1,104.9475,USD
2010-01-15 00:00:00,2010-01-19 00:00:00,767,21921,1,104.9475,USD
2010-01-15 00:00:00,2010-01-19 00:00:00,767,29406,1,104.9475,USD
2010-01-15 00:00:00,2010-01-19 00:00:00,767,32503,1,104.9475,USD
2010-01-15 00:00:00,2010-01-19 00:00:00,767,33430,1,104.9475,GBP
2010-01-15 00:00:00,2010-01-19 00:00:00,767,33470,1,104.9475,USD
2010-01-15 00:00:00,2010-01-19 00:00:00,767,34448,1,104.9475,GBP
2010-01-15 00:00:00,2010-01-19 00:00:00,767,34655,1,104.9475,USD
2010-01-15 00:00:00,2010-01-19 00:00:00,767,35063,1,102.3225,USD
2010-01-15 00:00:00,2010-01-19 00:00:00,767,37072,1,104.9475,GBP
2010-01-15 00:00:00,2010-01-19 00:00:00,767,37398,1,104.9475,GBP
2010-01-15 00:00:00,2010-01-19 00:00:00,767,37416,1,104.9475,GBP
2010-01-15 00:00:00,2010-01-19 00:00:00,767,37888,1,104.9475,USD
2010-01-15 00:00:00,2010-01-19 00:00:00,767,38478,1,104.9475,USD
2010-01-15 00:00:00,2010-01-19 00:00:00,767,39662,1,104.9475,USD
2010-01-15 00:00:00,2010-01-19 00:00:00,767,42141,1,104.9475,USD
2010-01-15 00:00:00,2010-01-19 00:00:00,767,46122,1,104.9475,USD
2010-01-15 00:00:00,2010-01-19 00:00:00,767,63301,1,104.9475,GBP
2010-01-15 00:00:00,2010-01-19 00:00:00,767,63334,1,104.9475,USD
2010-01-15 00:00:00,2010-01-19 00:00:00,767,70435,1,104.9475,USD
2010-01-15 00:00:00,2010-01-19 00:00:00,767,70510,1,104.9475,GBP
2010-01-15 00:00:00,2010-01-19 00:00:00,767,71055,1,104.9475,GBP
2010-01-15 00:00:00,2010-01-19 00:00:00,767,72032,1,104.9475,GBP
2010-01-15 00:00:00,2010-01-19 00:00:00,767,73539,1,104.9475,GBP
2010-01-15 00:00:00,2010-01-19 00:00:00,767,75209,1,104.9475,GBP
2010-01-15 00:00:00,2010-01-19 00:00:00,767,75601,1,104.9475,USD
2010-01-15 00:00:00,2010-01-19 00:00:00,767,77355,1,104.9475,GBP
2010-01-15 00:00:00,2010-01-19 00:00:00,767,77656,1,104.9475,GBP
2010-01-15 00:00:00,2010-01-19 00:00:00,767,78759,1,104.9475,USD
2010-01-15 00:00:00,2010-01-19 00:00:00,767,83854,1,104.9475,USD
2010-01-15 00:00:00,2010-01-19 00:00:00,767,89015,1,104.9475,GBP
2010-01-15 00:00:00,2010-01-19 00:00:00,767,89704,1,104.9475,GBP
2010-01-15 00:00:00,2010-01-19 00:00:00,767,92019,1,104.9475,USD
2010-01-15 00:00:00,2010-01-19 00:00:00,767,93012,1,104.9475,GBP
2010-01-15 00:00:00,2010-01-19 00:00:00,767,94595,1,104.9475,GBP
2010-01-15 00:00:00,2010-01-19 00:00:00,767,95228,1,104.9475,GBP
2010-01-15 00:00:00,2010-01-19 00:00:00,767,95603,1,104.9475,GBP
2010-01-15 00:00:00,2010-01-19 00:00:00,767,95746,1,104.9475,GBP
2010-01-15 00:00:00,2010-01-19 00:00:00,768,01536,1,104.9475,USD
2010-01-15 00:00:00,2010-01-19 00:00:00,768,06776,1,104.9475,USD
2010-01-15 00:00:00,2010-01-19 00:00:00,768,21037,1,104.9475,USD
2010-01-15 00:00:00,2010-01-19 00:00:00,768,29161,1,104.9475,GBP
2010-01-15 00:00:00,2010-01-19 00:00:00,768,29449,1,104.9475,USD
2010-01-15 00:00:00,2010-01-19 00:00:00,768,29910,1,104.9475,USD
2010-01-15 00:00:00,2010-01-19 00:00:00,768,33133,1,104.9475,USD
2010-01-15 00:00:00,2010-01-19 00:00:00,768,33193,1,104.9475,GBP
2010-01-15 00:00:00,2010-01-19 00:00:00,768,33401,1,104.9475,GBP
2010-01-15 00:00:00,2010-01-19 00:00:00,768,33809,2,209.895,GBP
2010-01-15 00:00:00,2010-01-19 00:00:00,768,35151,1,104.9475,GBP
2010-01-15 00:00:00,2010-01-19 00:00:00,768,35456,1,104.9475,GBP
2010-01-15 00:00:00,2010-01-19 00:00:00,768,37398,1,104.9475,USD
2010-01-15 00:00:00,2010-01-19 00:00:00,768,38040,1,104.9475,GBP
2010-01-15 00:00:00,2010-01-19 00:00:00,768,40601,1,104.9475,USD
2010-01-15 00:00:00,2010-01-19 00:00:00,768,41501,1,104.9475,USD
2010-01-15 00:00:00,2010-01-19 00:00:00,768,47041,1,104.9475,USD
2010-01-15 00:00:00,2010-01-19 00:00:00,768,70520,1,104.9475,USD
2010-01-15 00:00:00,2010-01-19 00:00:00,768,72176,1,104.9475,USD
2010-01-15 00:00:00,2010-01-19 00:00:00,768,75209,1,104.9475,GBP
2010-01-15 00:00:00,2010-01-19 00:00:00,768,75227,1,104.9475,GBP
2010-01-15 00:00:00,2010-01-19 00:00:00,768,76087,1,104.9475,USD
2010-01-15 00:00:00,2010-01-19 00:00:00,768,77375,1,104.9475,GBP
2010-01-15 00:00:00,2010-01-19 00:00:00,768,77532,1,104.9475,GBP
2010-01-15 00:00:00,2010-01-19 00:00:00,768,78758,1,104.9475,GBP
2010-01-15 00:00:00,2010-01-19 00:00:00,768,79602,1,104.9475,GBP
2010-01-15 00:00:00,2010-01-19 00:00:00,768,85027,1,104.9475,GBP
2010-01-15 00:00:00,2010-01-19 00:00:00,768,89030,1,104.9475,USD
2010-01-15 00:00:00,2010-01-19 00:00:00,768,89704,1,104.9475,USD
2010-01-15 00:00:00,2010-01-19 00:00:00,768,91040,1,104.9475,GBP
2010-01-15 00:00:00,2010-01-19 00:00:00,768,92019,1,104.9475,GBP
2010-01-15 00:00:00,2010-01-19 00:00:00,768,92373,2,209.895,GBP
2010-01-15 00:00:00,2010-01-19 00:00:00,768,94550,2,209.895,USD
2010-01-15 00:00:00,2010-01-19 00:00:00,768,95062,1,104.9475,GBP
2010-01-15 00:00:00,2010-01-19 00:00:00,769,02771,1,257.1975,USD
2010-01-15 00:00:00,2010-01-19 00:00:00,769,06051,1,257.1975,USD
2010-01-15 00:00:00,2010-01-19 00:00:00,769,06111,1,257.1975,USD
2010-01-15 00:00:00,2010-01-19 00:00:00,769,07840,1,257.1975,GBP
2010-01-15 00:00:00,2010-01-19 00:00:00,769,20732,1,257.1975,USD
2010-01-15 00:00:00,2010-01-19 00:00:00,769,29625,1,257.1975,USD
2010-01-15 00:00:00,2010-01-19 00:00:00,769,29730,1,257.1975,GBP
2010-01-15 00:00:00,2010-01-19 00:00:00,769,33324,1,257.1975,GBP
2010-01-15 00:00:00,2010-01-19 00:00:00,769,39047,1,257.1975,USD
2010-01-15 00:00:00,2010-01-19 00:00:00,769,40701,1,257.1975,GBP
2010-01-15 00:00:00,2010-01-19 00:00:00,769,72301,1,257.1975,GBP
2010-01-15 00:00:00,2010-01-19 00:00:00,769,74445,1,257.1975,USD
2010-01-15 00:00:00,2010-01-19 00:00:00,769,76126,1,257.1975,GBP
2010-01-15 00:00:00,2010-01-19 00:00:00,769,77055,2,514.395,USD
2010-01-15 00:00:00,2010-01-19 00:00:00,769,85308,1,257.1975,GBP
2010-01-15 00:00:00,2010-01-19 00:00:00,769,90274,1,257.1975,GBP
2010-01-15 00:00:00,2010-01-19 00:00:00,769,92392,1,257.1975,USD
2010-01-15 00:00:00,2010-01-19 00:00:00,770,02771,1,257.1975,USD
2010-01-15 00:00:00,2010-01-19 00:00:00,770,25401,2,514.395,GBP
2010-01-15 00:00:00,2010-01-19 00:00:00,770,67212,1,257.1975,GBP
2010-01-15 00:00:00,2010-01-19 00:00:00,770,73644,1,257.1975,GBP
2010-01-15 00:00:00,2010-01-19 00:00:00,770,76126,1,257.1975,GBP
2010-01-15 00:00:00,2010-01-19 00:00:00,770,76708,1,257.1975,USD
2010-01-15 00:00:00,2010-01-19 00:00:00,770,84074,1,257.1975,GBP
2010-01-15 00:00:00,2010-01-19 00:00:00,770,88101,1,257.1975,USD
2010-01-15 00:00:00,2010-01-19 00:00:00,770,93638,1,257.1975,GBP
2010-01-15 00:00:00,2010-01-19 00:00:00,771,32771,1,165.3225,USD
2010-01-15 00:00:00,2010-01-19 00:00:00,771,38362,1,165.3225,GBP
2010-01-15 00:00:00,2010-01-19 00:00:00,771,54901,1,165.3225,USD
2010-01-15 00:00:00,2010-01-19 00:00:00,771,74403,1,165.3225,USD
2010-01-15 00:00:00,2010-01-19 00:00:00,771,85329,1,165.3225,USD
2010-01-15 00:00:00,2010-01-19 00:00:00,771,95030,1,165.3225,USD
2010-01-15 00:00:00,2010-01-19 00:00:00,772,39350,1,165.3225,GBP
2010-01-15 00:00:00,2010-01-19 00:00:00,772,78733,1,165.3225,GBP
2010-01-15 00:00:00,2010-01-19 00:00:00,772,89511,1,165.3225,GBP
2010-01-15 00:00:00,2010-01-19 00:00:00,772,91701,1,165.3225,GBP
2010-01-15 00:00:00,2010-01-19 00:00:00,772,93030,1,165.3225,GBP
2010-01-15 00:00:00,2010-01-19 00:00:00,772,94062,1,165.3225,GBP
2010-01-15 00:00:00,2010-01-19 00:00:00,795,06082,1,272.9475,USD
2010-01-15 00:00:00,2010-01-19 00:00:00,795,29642,1,275.5725,USD
2010-01-15 00:00:00,2010-01-19 00:00:00,795,33470,1,275.5725,GBP
2010-01-15 00:00:00,2010-01-19 00:00:00,795,34286,1,272.9475,USD
2010-01-15 00:00:00,2010-01-19 00:00:00,795,77429,1,275.5725,USD
2010-01-15 00:00:00,2010-01-19 00:00:00,795,77520,1,267.6975,GBP
2010-01-15 00:00:00,2010-01-19 00:00:00,795,78717,1,275.5725,USD
2010-01-15 00:00:00,2010-01-19 00:00:00,795,79927,1,275.5725,GBP
2010-01-15 00:00:00,2010-01-19 00:00:00,795,84074,1,275.5725,USD
2010-01-15 00:00:00,2010-01-19 00:00:00,795,85022,1,275.5725,USD
2010-01-15 00:00:00,2010-01-19 00:00:00,795,92054,1,275.5725,GBP
2010-01-15 00:00:00,2010-01-19 00:00:00,795,92120,1,275.5725,GBP
2010-01-15 00:00:00,2010-01-19 00:00:00,795,92373,2,551.145,USD
2010-01-15 00:00:00,2010-01-19 00:00:00,795,92407,1,275.5725,GBP
2010-01-15 00:00:00,2010-01-19 00:00:00,795,93611,1,275.5725,GBP
2010-01-15 00:00:00,2010-01-19 00:00:00,795,94588,1,275.5725,USD
2010-01-15 00:00:00,2010-01-19 00:00:00,795,94928,1,275.5725,USD
2010-01-15 00:00:00,2010-01-19 00:00:00,795,95350,1,275.5725,USD
2010-01-15 00:00:00,2010-01-19 00:00:00,795,95401,1,275.5725,USD
2010-01-15 00:00:00,2010-01-19 00:00:00,795,95407,1,275.5725,GBP
2010-01-15 00:00:00,2010-01-19 00:00:00,795,95661,2,551.145,USD
2010-01-15 00:00:00,2010-01-19 00:00:00,795,95678,1,275.5725,USD
2010-01-15 00:00:00,2010-01-19 00:00:00,795,97141,1,275.5725,USD
2010-01-15 00:00:00,2010-01-19 00:00:00,795,97224,1,275.5725,GBP
2010-01-15 00:00:00,2010-01-19 00:00:00,795,97495,1,275.5725,GBP
2010-01-15 00:00:00,2010-01-19 00:00:00,796,29054,1,275.5725,GBP
2010-01-15 00:00:00,2010-01-19 00:00:00,796,29730,1,275.5725,USD
2010-01-15 00:00:00,2010-01-19 00:00:00,796,41502,1,267.6975,GBP
2010-01-15 00:00:00,2010-01-19 00:00:00,796,87120,2,551.145,GBP
2010-01-15 00:00:00,2010-01-19 00:00:00,796,90248,1,275.5725,USD
2010-01-15 00:00:00,2010-01-19 00:00:00,796,91730,1,275.5725,GBP
2010-01-15 00:00:00,2010-01-19 00:00:00,796,92427,1,275.5725,USD
2010-01-15 00:00:00,2010-01-19 00:00:00,796,92801,1,275.5725,USD
2010-01-15 00:00:00,2010-01-19 00:00:00,796,95821,1,275.5725,USD
2010-01-15 00:00:00,2010-01-19 00:00:00,796,95838,1,275.5725,GBP
2010-01-15 00:00:00,2010-01-19 00:00:00,796,97141,1,275.5725,USD
2010-01-15 00:00:00,2010-01-19 00:00:00,797,01373,1,301.8225,USD
2010-01-15 00:00:00,2010-01-19 00:00:00,797,06040,1,301.8225,USD
2010-01-15 00:00:00,2010-01-19 00:00:00,797,26456,1,301.8225,USD
2010-01-15 00:00:00,2010-01-19 00:00:00,797,32148,1,301.8225,USD
2010-01-15 00:00:00,2010-01-19 00:00:00,797,37069,1,301.8225,USD
2010-01-15 00:00:00,2010-01-19 00:00:00,797,73949,1,301.8225,USD
2010-01-15 00:00:00,2010-01-19 00:00:00,797,75089,1,301.8225,USD
2010-01-15 00:00:00,2010-01-19 00:00:00,797,83274,1,301.8225,GBP
2010-01-15 00:00:00,2010-01-19 00:00:00,797,83334,1,301.8225,GBP
2010-01-15 00:00:00,2010-01-19 00:00:00,797,85044,1,301.8225,USD
2010-01-15 00:00:00,2010-01-19 00:00:00,797,89440,1,301.8225,GBP
2010-01-15 00:00:00,2010-01-19 00:00:00,797,90278,1,301.8225,USD
2010-01-15 00:00:00,2010-01-19 00:00:00,797,91351,1,301.8225,USD
2010-01-15 00:00:00,2010-01-19 00:00:00,797,92054,1,301.8225,USD
2010-01-15 00:00:00,2010-01-19 00:00:00,797,92154,1,301.8225,GBP
2010-01-15 00:00:00,2010-01-19 00:00:00,797,92307,1,301.8225,GBP
2010-01-15 00:00:00,2010-01-19 00:00:00,797,92627,1,301.8225,USD
2010-01-15 00:00:00,2010-01-19 00:00:00,797,93065,1,301.8225,USD
2010-01-15 00:00:00,2010-01-19 00:00:00,797,93436,1,301.8225,USD
2010-01-15 00:00:00,2010-01-19 00:00:00,797,94066,1,301.8225,USD
2010-01-15 00:00:00,2010-01-19 00:00:00,797,94509,1,301.8225,GBP
2010-01-15 00:00:00,2010-01-19 00:00:00,797,94541,1,301.8225,GBP
2010-01-15 00:00:00,2010-01-19 00:00:00,797,94560,1,301.8225,GBP
2010-01-15 00:00:00,2010-01-19 00:00:00,797,94583,1,301.8225,USD
2010-01-15 00:00:00,2010-01-19 00:00:00,797,95536,1,301.8225,GBP
2010-01-15 00:00:00,2010-01-19 00:00:00,797,97062,1,301.8225,GBP
2010-01-15 00:00:00,2010-01-19 00:00:00,833,33442,1,797.9475,USD
2010-01-15 00:00:00,2010-01-19 00:00:00,833,76108,1,797.9475,USD
2010-01-15 00:00:00,2010-01-19 00:00:00,833,97408,1,797.9475,GBP
2010-01-15 00:00:00,2010-01-19 00:00:00,838,33990,1,934.4475,GBP
2010-01-15 00:00:00,2010-01-19 00:00:00,838,34711,1,944.9475,GBP
2010-01-15 00:00:00,2010-01-19 00:00:00,838,41102,1,934.4475,GBP
2010-01-15 00:00:00,2010-01-19 00:00:00,838,53032,1,929.1975,USD
2010-01-15 00:00:00,2010-01-19 00:00:00,838,70809,1,929.1975,USD
2010-01-15 00:00:00,2010-01-19 00:00:00,838,72023,1,944.9475,USD
2010-01-15 00:00:00,2010-01-19 00:00:00,838,85737,1,918.6975,USD
2010-01-15 00:00:00,2010-01-19 00:00:00,847,78022,1,603.6975,USD
2010-01-15 00:00:00,2010-01-19 00:00:00,852,36054,1,745.4475,USD
2010-01-15 00:00:00,2010-01-19 00:00:00,852,77380,1,771.6975,USD
2010-01-15 00:00:00,2010-01-19 00:00:00,852,89015,1,771.6975,USD
2010-01-15 00:00:00,2010-01-19 00:00:00,853,89815,1,456.6975,GBP
2010-01-15 00:00:00,2010-01-19 00:00:00,862,94530,1,304.4475,GBP
2010-01-15 00:00:00,2010-01-19 00:00:00,863,92075,1,304.4475,USD
2010-01-15 00:00:00,2010-01-19 00:00:00,863,93117,1,304.4475,USD
2010-01-15 00:00:00,2010-01-19 00:00:00,863,94546,1,304.4475,USD
2010-01-15 00:00:00,2010-01-19 00:00:00,901,01721,1,409.4475,GBP
2010-01-15 00:00:00,2010-01-19 00:00:00,901,08093,1,409.4475,GBP
2010-01-15 00:00:00,2010-01-19 00:00:00,901,32955,1,409.4475,GBP
2010-01-15 00:00:00,2010-01-19 00:00:00,901,33186,1,409.4475,USD
2010-01-15 00:00:00,2010-01-19 00:00:00,901,35758,1,409.4475,USD
2010-01-15 00:00:00,2010-01-19 00:00:00,901,46240,1,409.4475,GBP
2010-01-15 00:00:00,2010-01-19 00:00:00,901,71446,1,409.4475,USD
2010-01-15 00:00:00,2010-01-19 00:00:00,901,75044,1,409.4475,USD
2010-01-15 00:00:00,2010-01-19 00:00:00,901,85310,1,409.4475,USD
2010-01-15 00:00:00,2010-01-19 00:00:00,901,92604,1,409.4475,USD
2010-01-15 00:00:00,2010-01-19 00:00:00,910,89103,1,414.6975,USD
2010-01-15 00:00:00,2010-01-19 00:00:00,914,94947,1,603.6975,GBP
2010-01-15 00:00:00,2010-01-19 00:00:00,921,33146,1,524.9475,GBP
2010-01-15 00:00:00,2010-01-19 00:00:00,921,90266,1,524.9475,GBP
2010-01-15 00:00:00,2010-01-19 00:00:00,921,91745,1,524.9475,GBP
2010-01-15 00:00:00,2010-01-19 00:00:00,921,92104,1,524.9475,GBP
2010-01-15 00:00:00,2010-01-19 00:00:00,921,92626,1,524.9475,GBP
2010-01-15 00:00:00,2010-01-19 00:00:00,922,01030,1,472.4475,GBP
2010-01-15 00:00:00,2010-01-19 00:00:00,922,32771,1,472.4475,USD
2010-01-15 00:00:00,2010-01-19 00:00:00,922,33801,1,472.4475,USD
2010-01-15 00:00:00,2010-01-19 00:00:00,922,85202,1,472.4475,GBP
2010-01-15 00:00:00,2010-01-19 00:00:00,935,33064,1,488.1975,GBP
2010-01-15 00:00:00,2010-01-19 00:00:00,936,01330,1,498.6975,GBP
2010-01-15 00:00:00,2010-01-19 00:00:00,936,32118,1,498.6975,USD
2010-01-15 00:00:00,2010-01-19 00:00:00,936,65804,1,498.6975,GBP
2010-01-15 00:00:00,2010-01-19 00:00:00,936,92118,1,498.6975,GBP
2010-01-15 00:00:00,2010-01-19 00:00:00,936,92692,1,498.6975,GBP
2010-01-15 00:00:00,2010-01-19 00:00:00,936,93105,1,498.6975,USD
2010-01-15 00:00:00,2010-01-19 00:00:00,936,94043,1,498.6975,USD
2010-01-15 00:00:00,2010-01-19 00:00:00,936,95816,1,498.6975,USD
2010-01-15 00:00:00,2010-01-19 00:00:00,940,33127,1,671.9475,GBP
2010-01-15 00:00:00,2010-01-19 00:00:00,940,77077,1,687.6975,USD
2010-01-15 00:00:00,2010-01-19 00:00:00,940,78250,1,671.9475,USD
2010-01-15 00:00:00,2010-01-19 00:00:00,952,85023,1,262.4475,USD
2010-01-15 00:00:00,2010-01-19 00:00:00,962,32566,1,524.9475,GBP
2010-01-15 00:00:00,2010-01-19 00:00:00,962,34685,1,524.9475,USD
2010-01-15 00:00:00,2010-01-19 00:00:00,962,70301,1,509.1975,GBP
2010-01-15 00:00:00,2010-01-19 00:00:00,962,78739,1,509.1975,GBP
2010-01-15 00:00:00,2010-01-19 00:00:00,962,88030,1,524.9475,GBP
2010-01-15 00:00:00,2010-01-19 00:00:00,962,91790,1,524.9475,GBP
2010-01-15 00:00:00,2010-01-19 00:00:00,962,92507,1,509.1975,GBP
2010-01-15 00:00:00,2010-01-19 00:00:00,964,33019,1,356.9475,GBP
2010-01-15 00:00:00,2010-01-19 00:00:00,964,34476,1,356.9475,USD
2010-01-15 00:00:00,2010-01-19 00:00:00,964,46033,1,356.9475,USD
2010-01-15 00:00:00,2010-01-19 00:00:00,964,90808,1,356.9475,GBP
2010-01-15 00:00:00,2010-01-19 00:00:00,964,94587,1,356.9475,USD
2010-01-15 00:00:00,2010-01-19 00:00:00,964,97489,1,356.9475,USD
2010-01-15 00:00:00,2010-01-19 00:00:00,979,01772,1,409.4475,USD
2010-01-15 00:00:00,2010-01-19 00:00:00,979,06040,1,393.6975,USD
2010-01-15 00:00:00,2010-01-19 00:00:00,979,32808,1,409.4475,GBP
2010-01-15 00:00:00,2010-01-19 00:00:00,981,29693,1,167.9475,USD
2010-01-15 00:00:00,2010-01-19 00:00:00,981,33141,2,419.895,GBP
2010-01-15 00:00:00,2010-01-19 00:00:00,981,34293,1,167.9475,GBP
2010-01-15 00:00:00,2010-01-19 00:00:00,981,36374,1,157.4475,USD
2010-01-15 00:00:00,2010-01-19 00:00:00,981,37921,1,167.9475,GBP
2010-01-15 00:00:00,2010-01-19 00:00:00,981,83661,1,167.9475,GBP
2010-01-15 00:00:00,2010-01-19 00:00:00,989,41749,1,451.4475,GBP
2010-01-15 00:00:00,2010-01-19 00:00:00,989,41749,1,1354.3425,USD
2010-01-15 00:00:00,2010-01-19 00:00:00,989,78580,1,467.1975,GBP
2010-01-15 00:00:00,2010-01-19 00:00:00,989,91206,1,451.4475,USD
2010-01-15 00:00:00,2010-01-19 00:00:00,989,97223,1,451.4475,USD
2010-01-15 00:00:00,2010-01-19 00:00:00,990,25812,1,503.9475,GBP
2010-01-15 00:00:00,2010-01-19 00:00:00,990,33785,1,503.9475,GBP
2010-01-15 00:00:00,2010-01-19 00:00:00,990,74766,1,503.9475,GBP
2010-01-15 00:00:00,2010-01-19 00:00:00,990,90713,1,524.9475,GBP
2010-01-15 00:00:00,2010-01-19 00:00:00,992,38852,1,288.6975,USD
2010-01-15 00:00:00,2010-01-19 00:00:00,992,72127,1,278.1975,GBP
2010-01-15 00:00:00,2010-01-19 00:00:00,992,73572,1,288.6975,USD
2010-01-15 00:00:00,2010-01-19 00:00:00,992,78412,1,314.9475,GBP
2010-01-15 00:00:00,2010-01-19 00:00:00,992,85207,1,314.9475,USD
2010-01-15 00:00:00,2010-01-19 00:00:00,992,89117,1,314.9475,USD
2010-01-15 00:00:00,2010-01-19 00:00:00,992,92301,1,314.9475,GBP
2010-01-15 00:00:00,2010-01-19 00:00:00,1003,33326,2,173.145,GBP
2010-01-15 00:00:00,2010-01-19 00:00:00,1003,33455,1,86.5725,GBP
2010-01-15 00:00:00,2010-01-19 00:00:00,1003,34446,1,86.5725,GBP
2010-01-15 00:00:00,2010-01-19 00:00:00,1003,47635,1,86.5725,USD
2010-01-15 00:00:00,2010-01-19 00:00:00,1003,72206,1,86.5725,GBP
2010-01-15 00:00:00,2010-01-19 00:00:00,1005,33480,2,215.145,GBP
2010-01-15 00:00:00,2010-01-19 00:00:00,1005,94703,1,107.5725,GBP
2010-01-15 00:00:00,2010-01-19 00:00:00,1005,97206,1,107.5725,USD
2010-01-15 00:00:00,2010-01-19 00:00:00,1008,21244,1,236.1975,USD
2010-01-15 00:00:00,2010-01-19 00:00:00,1008,29672,1,236.1975,USD
2010-01-15 00:00:00,2010-01-19 00:00:00,1008,33445,1,236.1975,GBP
2010-01-15 00:00:00,2010-01-19 00:00:00,1008,34215,1,236.1975,GBP
2010-01-15 00:00:00,2010-01-19 00:00:00,1008,34652,1,236.1975,USD
2010-01-15 00:00:00,2010-01-19 00:00:00,1008,87185,1,236.1975,USD
2010-01-15 00:00:00,2010-01-19 00:00:00,1014,29574,1,86.5725,GBP
2010-01-15 00:00:00,2010-01-19 00:00:00,1014,54154,1,86.5725,GBP
2010-01-15 00:00:00,2010-01-19 00:00:00,1014,89113,1,86.5725,GBP
2010-01-15 00:00:00,2010-01-19 00:00:00,1045,35051,1,207.3225,GBP
2010-01-15 00:00:00,2010-01-19 00:00:00,1045,70815,1,207.3225,GBP
2010-01-15 00:00:00,2010-01-19 00:00:00,1045,85613,1,207.3225,GBP
2010-01-15 00:00:00,2010-01-19 00:00:00,1045,85933,1,207.3225,GBP
2010-01-15 00:00:00,2010-01-19 00:00:00,1045,87021,1,207.3225,GBP
2010-01-15 00:00:00,2010-01-19 00:00:00,1046,29550,1,99.6975,USD
2010-01-15 00:00:00,2010-01-19 00:00:00,1046,35023,1,99.6975,GBP
2010-01-15 00:00:00,2010-01-19 00:00:00,1046,36532,1,99.6975,GBP
2010-01-15 00:00:00,2010-01-19 00:00:00,1046,73858,1,99.6975,USD
2010-01-15 00:00:00,2010-01-19 00:00:00,1046,85054,1,99.6975,USD
2010-01-15 00:00:00,2010-01-19 00:00:00,1053,72903,1,251.9475,GBP
2010-01-15 00:00:00,2010-01-19 00:00:00,1053,75160,1,251.9475,USD
2010-01-15 00:00:00,2010-01-19 00:00:00,1053,75409,1,251.9475,GBP
2010-01-15 00:00:00,2010-01-19 00:00:00,1053,76006,1,251.9475,GBP
2010-01-15 00:00:00,2010-01-19 00:00:00,1053,77040,1,251.9475,USD
2010-01-15 00:00:00,2010-01-19 00:00:00,1053,97402,2,503.895,GBP
2010-01-15 00:00:00,2010-01-19 00:00:00,1065,01001,1,296.5725,GBP
2010-01-15 00:00:00,2010-01-19 00:00:00,1065,07438,1,296.5725,USD
2010-01-15 00:00:00,2010-01-19 00:00:00,1065,20707,1,296.5725,GBP
2010-01-15 00:00:00,2010-01-19 00:00:00,1065,34683,1,296.5725,USD
2010-01-15 00:00:00,2010-01-19 00:00:00,1065,35146,1,296.5725,USD
2010-01-15 00:00:00,2010-01-19 00:00:00,1065,35967,1,296.5725,GBP
2010-01-15 00:00:00,2010-01-19 00:00:00,1065,38583,1,296.5725,GBP
2010-01-15 00:00:00,2010-01-19 00:00:00,1065,41051,2,593.145,USD
2010-01-15 00:00:00,2010-01-19 00:00:00,1065,51106,1,296.5725,USD
2010-01-15 00:00:00,2010-01-19 00:00:00,1065,63755,1,296.5725,GBP
2010-01-15 00:00:00,2010-01-19 00:00:00,1065,73142,1,296.5725,USD
2010-01-15 00:00:00,2010-01-19 00:00:00,1065,75010,1,296.5725,USD
2010-01-15 00:00:00,2010-01-19 00:00:00,1065,76542,1,296.5725,USD
2010-01-15 00:00:00,2010-01-19 00:00:00,1065,77345,1,296.5725,USD
2010-01-15 00:00:00,2010-01-19 00:00:00,1065,78726,1,296.5725,USD
2010-01-15 00:00:00,2010-01-19 00:00:00,1065,79703,1,296.5725,GBP
2010-01-15 00:00:00,2010-01-19 00:00:00,1065,83402,1,296.5725,USD
2010-01-15 00:00:00,2010-01-19 00:00:00,1065,84065,1,296.5725,USD
2010-01-15 00:00:00,2010-01-19 00:00:00,1065,84628,1,296.5725,GBP
2010-01-15 00:00:00,2010-01-19 00:00:00,1065,84720,1,296.5725,USD
2010-01-15 00:00:00,2010-01-19 00:00:00,1065,84780,1,296.5725,GBP
2010-01-15 00:00:00,2010-01-19 00:00:00,1065,85040,1,296.5725,USD
2010-01-15 00:00:00,2010-01-19 00:00:00,1065,89015,1,296.5725,USD
2010-01-15 00:00:00,2010-01-19 00:00:00,1065,89029,1,296.5725,GBP
2010-01-15 00:00:00,2010-01-19 00:00:00,1065,89031,1,296.5725,USD
2010-01-15 00:00:00,2010-01-19 00:00:00,1065,89118,1,296.5725,USD
2010-01-15 00:00:00,2010-01-19 00:00:00,1065,90232,1,296.5725,USD
2010-01-15 00:00:00,2010-01-19 00:00:00,1065,90274,1,296.5725,USD
2010-01-15 00:00:00,2010-01-19 00:00:00,1065,91350,1,296.5725,USD
2010-01-15 00:00:00,2010-01-19 00:00:00,1065,91701,1,296.5725,GBP
2010-01-15 00:00:00,2010-01-19 00:00:00,1065,91902,1,296.5725,GBP
2010-01-15 00:00:00,2010-01-19 00:00:00,1065,92154,1,296.5725,USD
2010-01-15 00:00:00,2010-01-19 00:00:00,1065,92311,1,296.5725,USD
2010-01-15 00:00:00,2010-01-19 00:00:00,1065,92377,1,296.5725,GBP
2010-01-15 00:00:00,2010-01-19 00:00:00,1065,93550,1,296.5725,USD
2010-01-15 00:00:00,2010-01-19 00:00:00,1065,94403,1,296.5725,USD
2010-01-15 00:00:00,2010-01-19 00:00:00,1065,97080,1,296.5725,GBP
2010-01-15 00:00:00,2010-01-19 00:00:00,1065,97442,1,296.5725,USD
2010-01-15 00:00:00,2010-01-19 00:00:00,1066,08610,1,296.5725,GBP
2010-01-15 00:00:00,2010-01-19 00:00:00,1066,08742,1,296.5725,GBP
2010-01-15 00:00:00,2010-01-19 00:00:00,1066,20707,1,296.5725,GBP
2010-01-15 00:00:00,2010-01-19 00:00:00,1066,32726,1,296.5725,GBP
2010-01-15 00:00:00,2010-01-19 00:00:00,1066,32826,1,296.5725,GBP
2010-01-15 00:00:00,2010-01-19 00:00:00,1066,33155,1,296.5725,GBP
2010-01-15 00:00:00,2010-01-19 00:00:00,1066,35242,1,296.5725,GBP
2010-01-15 00:00:00,2010-01-19 00:00:00,1066,35967,1,296.5725,GBP
2010-01-15 00:00:00,2010-01-19 00:00:00,1066,52806,1,296.5725,GBP
2010-01-15 00:00:00,2010-01-19 00:00:00,1066,54304,1,296.5725,GBP
2010-01-15 00:00:00,2010-01-19 00:00:00,1066,54552,1,296.5725,GBP
2010-01-15 00:00:00,2010-01-19 00:00:00,1066,55302,1,296.5725,GBP
2010-01-15 00:00:00,2010-01-19 00:00:00,1066,63755,1,296.5725,GBP
2010-01-15 00:00:00,2010-01-19 00:00:00,1066,75040,1,296.5725,GBP
2010-01-15 00:00:00,2010-01-19 00:00:00,1066,76108,1,296.5725,GBP
2010-01-15 00:00:00,2010-01-19 00:00:00,1066,76240,1,296.5725,GBP
2010-01-15 00:00:00,2010-01-19 00:00:00,1066,83647,1,296.5725,GBP
2010-01-15 00:00:00,2010-01-19 00:00:00,1066,84065,1,296.5725,GBP
2010-01-15 00:00:00,2010-01-19 00:00:00,1066,84094,1,296.5725,GBP
2010-01-15 00:00:00,2010-01-19 00:00:00,1066,85502,1,296.5725,GBP
2010-01-15 00:00:00,2010-01-19 00:00:00,1066,89015,1,296.5725,GBP
2010-01-15 00:00:00,2010-01-19 00:00:00,1066,89029,1,296.5725,GBP
2010-01-15 00:00:00,2010-01-19 00:00:00,1066,89120,1,296.5725,GBP
2010-01-15 00:00:00,2010-01-19 00:00:00,1066,89801,1,296.5725,GBP
2010-01-15 00:00:00,2010-01-19 00:00:00,1066,90232,1,296.5725,GBP
2010-01-15 00:00:00,2010-01-19 00:00:00,1066,90712,1,296.5725,GBP
2010-01-15 00:00:00,2010-01-19 00:00:00,1066,91350,1,296.5725,GBP
2010-01-15 00:00:00,2010-01-19 00:00:00,1066,91730,1,296.5725,GBP
2010-01-15 00:00:00,2010-01-19 00:00:00,1066,91902,1,296.5725,GBP
2010-01-15 00:00:00,2010-01-19 00:00:00,1066,92154,1,296.5725,GBP
2010-01-15 00:00:00,2010-01-19 00:00:00,1066,92530,1,296.5725,USD
2010-01-15 00:00:00,2010-01-19 00:00:00,1066,93021,1,296.5725,USD
2010-01-15 00:00:00,2010-01-19 00:00:00,1066,93291,1,296.5725,GBP
2010-01-15 00:00:00,2010-01-19 00:00:00,1066,93550,1,296.5725,USD
2010-01-15 00:00:00,2010-01-19 00:00:00,1066,95032,1,296.5725,GBP
2010-01-15 00:00:00,2010-01-19 00:00:00,1066,95070,1,296.5725,GBP
2010-01-15 00:00:00,2010-01-19 00:00:00,1066,97116,2,593.145,GBP
2010-01-15 00:00:00,2010-01-19 00:00:00,1066,97123,2,593.145,GBP
2010-01-15 00:00:00,2010-01-19 00:00:00,1066,97540,1,296.5725,GBP
2010-01-15 00:00:00,2010-01-19 00:00:00,1072,83709,1,209.9475,GBP
2010-01-15 00:00:00,2010-01-19 00:00:00,1079,84057,1,262.4475,USD
2010-01-15 00:00:00,2010-01-19 00:00:00,1079,89410,2,524.895,GBP
2010-01-15 00:00:00,2010-01-19 00:00:00,1079,92780,1,262.4475,GBP
2010-01-15 00:00:00,2010-01-19 00:00:00,1080,20743,1,262.4475,USD
2010-01-15 00:00:00,2010-01-19 00:00:00,1080,21227,1,262.4475,GBP
2010-01-15 00:00:00,2010-01-19 00:00:00,1080,29653,1,262.4475,USD
2010-01-15 00:00:00,2010-01-19 00:00:00,1080,32218,1,262.4475,USD
2010-01-15 00:00:00,2010-01-19 00:00:00,1080,83455,1,262.4475,USD
2010-01-15 00:00:00,2010-01-19 00:00:00,1080,92121,1,262.4475,USD
2010-01-15 00:00:00,2010-01-19 00:00:00,1080,92780,1,262.4475,GBP
2010-01-15 00:00:00,2010-01-19 00:00:00,1081,06457,1,225.6975,GBP
2010-01-15 00:00:00,2010-01-19 00:00:00,1081,39404,2,451.395,USD
2010-01-15 00:00:00,2010-01-19 00:00:00,1081,70533,1,225.6975,USD
2010-01-15 00:00:00,2010-01-19 00:00:00,1081,89131,1,225.6975,USD
2010-01-15 00:00:00,2010-01-19 00:00:00,1081,97448,1,225.6975,GBP
2010-01-15 00:00:00,2010-01-19 00:00:00,1082,06457,1,225.6975,USD
2010-01-15 00:00:00,2010-01-19 00:00:00,1082,33813,1,225.6975,GBP
2010-01-15 00:00:00,2010-01-19 00:00:00,1082,34239,1,225.6975,USD
2010-01-15 00:00:00,2010-01-19 00:00:00,1082,39404,2,451.395,USD
2010-01-15 00:00:00,2010-01-19 00:00:00,1082,70533,1,225.6975,USD
2010-01-15 00:00:00,2010-01-19 00:00:00,1082,95691,1,225.6975,GBP
2010-01-15 00:00:00,2010-01-19 00:00:00,1082,97035,1,225.6975,GBP
2010-01-15 00:00:00,2010-01-19 00:00:00,1082,97448,1,225.6975,USD
2010-01-15 00:00:00,2010-01-19 00:00:00,1105,08005,1,246.6975,GBP
2010-01-15 00:00:00,2010-01-19 00:00:00,1105,35803,1,246.6975,USD
2010-01-15 00:00:00,2010-01-19 00:00:00,1105,47807,1,246.6975,GBP
2010-01-15 00:00:00,2010-01-19 00:00:00,1105,85382,1,246.6975,GBP
2010-01-15 00:00:00,2010-01-19 00:00:00,1105,95023,1,246.6975,USD
2010-01-15 00:00:00,2010-01-19 00:00:00,1106,33946,1,246.6975,USD
2010-01-15 00:00:00,2010-01-19 00:00:00,1106,47933,1,246.6975,USD
2010-01-15 00:00:00,2010-01-19 00:00:00,1106,85027,1,246.6975,USD
2010-01-15 00:00:00,2010-01-19 00:00:00,1106,89104,1,246.6975,USD
2010-01-15 00:00:00,2010-01-19 00:00:00,1106,91320,1,246.6975,USD
2010-01-15 00:00:00,2010-01-19 00:00:00,1106,93906,1,246.6975,USD
2010-01-15 00:00:00,2010-01-19 00:00:00,1109,01077,1,209.9475,GBP
2010-01-15 00:00:00,2010-01-19 00:00:00,1109,29617,1,209.9475,GBP
2010-01-15 00:00:00,2010-01-19 00:00:00,1109,33156,1,209.9475,GBP
2010-01-15 00:00:00,2010-01-19 00:00:00,1109,76053,1,209.9475,GBP
2010-01-15 00:00:00,2010-01-19 00:00:00,1109,92591,1,209.9475,GBP
2010-01-15 00:00:00,2010-01-19 00:00:00,1110,32174,1,209.9475,USD
2010-01-15 00:00:00,2010-01-19 00:00:00,1110,75115,1,209.9475,USD
2010-01-15 00:00:00,2010-01-19 00:00:00,1110,75181,1,209.9475,USD
2010-01-15 00:00:00,2010-01-19 00:00:00,1110,95303,1,223.0725,GBP
2010-01-15 00:00:00,2010-01-19 00:00:00,1110,97442,1,209.9475,GBP
2010-01-15 00:00:00,2010-01-19 00:00:00,1111,06512,1,116.4975,GBP
2010-01-15 00:00:00,2010-01-19 00:00:00,1111,32798,2,232.995,USD
2010-01-15 00:00:00,2010-01-19 00:00:00,1111,46738,1,116.4975,GBP
2010-01-15 00:00:00,2010-01-19 00:00:00,1111,70461,1,116.4975,GBP
2010-01-15 00:00:00,2010-01-19 00:00:00,1111,83401,1,116.4975,GBP
2010-01-15 00:00:00,2010-01-19 00:00:00,1111,85022,1,116.4975,USD
2010-01-15 00:00:00,2010-01-19 00:00:00,1111,87124,1,116.4975,USD
2010-01-15 00:00:00,2010-01-19 00:00:00,1111,89706,1,116.4975,GBP
2010-01-15 00:00:00,2010-01-19 00:00:00,1111,90604,1,116.4975,GBP
2010-01-15 00:00:00,2010-01-19 00:00:00,1111,91745,2,232.995,GBP
2010-01-15 00:00:00,2010-01-19 00:00:00,1111,92027,1,116.4975,USD
2010-01-15 00:00:00,2010-01-19 00:00:00,1111,92123,1,116.4975,GBP
2010-01-15 00:00:00,2010-01-19 00:00:00,1111,92346,1,116.4975,USD
2010-01-15 00:00:00,2010-01-19 00:00:00,1111,92509,2,232.995,GBP
2010-01-15 00:00:00,2010-01-19 00:00:00,1111,93501,1,116.4975,GBP
2010-01-15 00:00:00,2010-01-19 00:00:00,1111,93505,1,116.4975,USD
2010-01-15 00:00:00,2010-01-19 00:00:00,1111,95006,1,116.4975,USD
2010-01-15 00:00:00,2010-01-19 00:00:00,1111,97203,1,116.4975,GBP
2010-01-15 00:00:00,2010-01-19 00:00:00,1112,06078,1,116.4975,USD
2010-01-15 00:00:00,2010-01-19 00:00:00,1112,33703,1,116.4975,USD
2010-01-15 00:00:00,2010-01-19 00:00:00,1112,35645,1,116.4975,GBP
2010-01-15 00:00:00,2010-01-19 00:00:00,1112,36535,1,116.4975,USD
2010-01-15 00:00:00,2010-01-19 00:00:00,1112,46016,1,116.4975,GBP
2010-01-15 00:00:00,2010-01-19 00:00:00,1112,46947,2,232.995,GBP
2010-01-15 00:00:00,2010-01-19 00:00:00,1112,71104,1,116.4975,USD
2010-01-15 00:00:00,2010-01-19 00:00:00,1112,77592,1,116.4975,USD
2010-01-15 00:00:00,2010-01-19 00:00:00,1112,84095,1,116.4975,GBP
2010-01-15 00:00:00,2010-01-19 00:00:00,1112,90604,1,116.4975,GBP
2010-01-15 00:00:00,2010-01-19 00:00:00,1112,92591,1,116.4975,USD
2010-01-15 00:00:00,2010-01-19 00:00:00,1112,92688,1,116.4975,USD
2010-01-15 00:00:00,2010-01-19 00:00:00,1112,92804,1,116.4975,GBP
2010-01-15 00:00:00,2010-01-19 00:00:00,1112,93436,1,116.4975,GBP
2010-01-15 00:00:00,2010-01-19 00:00:00,1112,93505,1,116.4975,USD
2010-01-15 00:00:00,2010-01-19 00:00:00,1112,94544,1,116.4975,GBP
2010-01-15 00:00:00,2010-01-19 00:00:00,1116,01108,1,251.9475,GBP
2010-01-15 00:00:00,2010-01-19 00:00:00,1116,06059,1,251.9475,USD
2010-01-15 00:00:00,2010-01-19 00:00:00,1116,33412,1,251.9475,GBP
2010-01-15 00:00:00,2010-01-19 00:00:00,1116,33991,1,251.9475,GBP
2010-01-15 00:00:00,2010-01-19 00:00:00,1116,54701,1,251.9475,USD
2010-01-15 00:00:00,2010-01-19 00:00:00,1116,59301,1,251.9475,GBP
2010-01-15 00:00:00,2010-01-19 00:00:00,1116,65616,1,251.9475,USD
2010-01-15 00:00:00,2010-01-19 00:00:00,1116,67212,1,251.9475,GBP
2010-01-15 00:00:00,2010-01-19 00:00:00,1116,72904,1,251.9475,USD
2010-01-15 00:00:00,2010-01-19 00:00:00,1116,75181,1,251.9475,USD
2010-01-15 00:00:00,2010-01-19 00:00:00,1116,76132,1,251.9475,GBP
2010-01-15 00:00:00,2010-01-19 00:00:00,1116,76541,1,251.9475,GBP
2010-01-15 00:00:00,2010-01-19 00:00:00,1116,77581,1,251.9475,USD
2010-01-15 00:00:00,2010-01-19 00:00:00,1116,85741,1,251.9475,GBP
2010-01-15 00:00:00,2010-01-19 00:00:00,1116,91741,1,251.9475,GBP
2010-01-15 00:00:00,2010-01-19 00:00:00,1116,92592,1,251.9475,GBP
2010-01-15 00:00:00,2010-01-19 00:00:00,1116,93308,1,251.9475,USD
2010-01-15 00:00:00,2010-01-19 00:00:00,1116,93535,1,251.9475,GBP
2010-01-15 00:00:00,2010-01-19 00:00:00,1116,97355,1,251.9475,GBP
2010-01-15 00:00:00,2010-01-19 00:00:00,1120,19701,1,173.1975,GBP
2010-01-15 00:00:00,2010-01-19 00:00:00,1120,19940,1,173.1975,GBP
2010-01-15 00:00:00,2010-01-19 00:00:00,1120,21037,1,346.395,GBP
2010-01-15 00:00:00,2010-01-19 00:00:00,1120,21037,1,519.5925,USD
2010-01-15 00:00:00,2010-01-19 00:00:00,1120,37148,1,173.1975,GBP
2010-01-15 00:00:00,2010-01-19 00:00:00,1120,55046,1,173.1975,GBP
2010-01-15 00:00:00,2010-01-19 00:00:00,1120,75248,1,173.1975,GBP
2010-01-15 00:00:00,2010-01-19 00:00:00,1120,92251,1,173.1975,GBP
2010-01-15 00:00:00,2010-01-19 00:00:00,1122,29020,2,314.895,GBP
2010-01-15 00:00:00,2010-01-19 00:00:00,1122,29732,1,157.4475,USD
2010-01-15 00:00:00,2010-01-19 00:00:00,1122,33056,1,157.4475,USD
2010-01-15 00:00:00,2010-01-19 00:00:00,1122,33417,1,157.4475,GBP
2010-01-15 00:00:00,2010-01-19 00:00:00,1122,33444,1,157.4475,USD
2010-01-15 00:00:00,2010-01-19 00:00:00,1122,33573,1,157.4475,GBP
2010-01-15 00:00:00,2010-01-19 00:00:00,1122,55448,1,157.4475,USD
2010-01-15 00:00:00,2010-01-19 00:00:00,1122,90650,1,157.4475,USD
2010-01-15 00:00:00,2010-01-19 00:00:00,1122,91792,1,157.4475,GBP
2010-01-15 00:00:00,2010-01-19 00:00:00,1122,92220,1,157.4475,USD
2010-01-15 00:00:00,2010-01-19 00:00:00,1122,92691,1,147.9975,USD
2010-01-15 00:00:00,2010-01-19 00:00:00,1131,77627,1,419.9475,USD
2010-01-15 00:00:00,2010-01-19 00:00:00,1131,79603,1,419.9475,GBP
2010-01-15 00:00:00,2010-01-19 00:00:00,1131,92056,1,419.9475,GBP
2010-01-15 00:00:00,2010-01-19 00:00:00,1132,32137,1,629.9475,GBP
2010-01-15 00:00:00,2010-01-19 00:00:00,1132,33030,1,629.9475,GBP
2010-01-15 00:00:00,2010-01-19 00:00:00,1132,42127,1,629.9475,USD
2010-01-15 00:00:00,2010-01-19 00:00:00,1132,50613,1,629.9475,USD
2010-01-15 00:00:00,2010-01-19 00:00:00,1132,76179,1,629.9475,USD
2010-01-15 00:00:00,2010-01-19 00:00:00,1132,77025,1,629.9475,GBP
2010-01-15 00:00:00,2010-01-19 00:00:00,1132,77450,1,629.9475,USD
2010-01-15 00:00:00,2010-01-19 00:00:00,1132,78132,1,629.9475,USD
2010-01-15 00:00:00,2010-01-19 00:00:00,1132,91730,1,629.9475,USD
2010-01-15 00:00:00,2010-01-19 00:00:00,1133,82007,1,629.9475,GBP
2010-01-15 00:00:00,2010-01-19 00:00:00,1150,36104,5,1963.5,GBP
2010-01-15 00:00:00,2010-01-19 00:00:00,1150,91708,1,392.7,USD
2010-01-15 00:00:00,2010-01-19 00:00:00,1150,93278,1,392.7,USD
2010-01-15 00:00:00,2010-01-19 00:00:00,1157,01501,1,377.9475,USD
2010-01-15 00:00:00,2010-01-19 00:00:00,1157,08021,1,377.9475,USD
2010-01-15 00:00:00,2010-01-19 00:00:00,1157,33023,1,377.9475,GBP
2010-01-15 00:00:00,2010-01-19 00:00:00,1157,34491,1,377.9475,USD
2010-01-15 00:00:00,2010-01-19 00:00:00,1157,75020,1,377.9475,USD
2010-01-15 00:00:00,2010-01-19 00:00:00,1157,78230,1,377.9475,USD
2010-01-15 00:00:00,2010-01-19 00:00:00,1157,83815,1,377.9475,USD
2010-01-15 00:00:00,2010-01-19 00:00:00,1166,33065,1,535.4475,GBP
2010-01-15 00:00:00,2010-01-19 00:00:00,1166,92201,1,535.4475,GBP
2010-01-15 00:00:00,2010-01-19 00:00:00,1167,89130,1,299.1975,USD
2010-01-15 00:00:00,2010-01-19 00:00:00,1168,91942,1,367.4475,USD
2010-01-15 00:00:00,2010-01-19 00:00:00,1169,90018,1,435.6975,GBP
2010-01-15 00:00:00,2010-01-19 00:00:00,1173,32118,1,524.9475,GBP
2010-01-15 00:00:00,2010-01-19 00:00:00,1173,33020,1,524.9475,USD
2010-01-15 00:00:00,2010-01-19 00:00:00,1173,33321,1,524.9475,USD
2010-01-15 00:00:00,2010-01-19 00:00:00,1173,33647,1,524.9475,GBP
2010-01-15 00:00:00,2010-01-19 00:00:00,1173,40505,1,524.9475,GBP
2010-01-15 00:00:00,2010-01-19 00:00:00,1173,77449,1,524.9475,GBP
2010-01-15 00:00:00,2010-01-19 00:00:00,1173,91320,1,524.9475,GBP
2010-01-15 00:00:00,2010-01-19 00:00:00,1173,92401,1,524.9475,GBP
2010-01-15 00:00:00,2010-01-19 00:00:00,1173,92692,1,524.9475,GBP
2010-01-15 00:00:00,2010-01-19 00:00:00,1173,95123,1,524.9475,GBP
2010-01-15 00:00:00,2010-01-19 00:00:00,1173,95687,1,524.9475,GBP
2010-01-15 00:00:00,2010-01-19 00:00:00,1173,96055,1,524.9475,GBP
2010-01-15 00:00:00,2010-01-19 00:00:00,1182,32124,1,157.4475,USD
2010-01-15 00:00:00,2010-01-19 00:00:00,1182,32301,2,314.895,USD
2010-01-15 00:00:00,2010-01-19 00:00:00,1182,32311,1,157.4475,GBP
2010-01-15 00:00:00,2010-01-19 00:00:00,1182,32514,1,157.4475,GBP
2010-01-15 00:00:00,2010-01-19 00:00:00,1182,32779,1,157.4475,USD
2010-01-15 00:00:00,2010-01-19 00:00:00,1182,39532,1,157.4475,USD
2010-01-15 00:00:00,2010-01-19 00:00:00,1182,41102,1,157.4475,GBP
2010-01-15 00:00:00,2010-01-19 00:00:00,1182,53951,1,157.4475,GBP
2010-01-15 00:00:00,2010-01-19 00:00:00,1182,93933,1,157.4475,GBP
2010-01-15 00:00:00,2010-01-19 00:00:00,1182,94806,1,157.4475,GBP
2010-01-15 00:00:00,2010-01-19 00:00:00,1182,95123,1,157.4475,USD
2010-01-15 00:00:00,2010-01-19 00:00:00,1185,33351,1,419.9475,USD
2010-01-15 00:00:00,2010-01-19 00:00:00,1185,33549,1,419.9475,GBP
2010-01-15 00:00:00,2010-01-19 00:00:00,1185,33763,1,419.9475,GBP
2010-01-15 00:00:00,2010-01-19 00:00:00,1185,71105,1,419.9475,USD
2010-01-15 00:00:00,2010-01-19 00:00:00,1185,91010,1,419.9475,GBP
2010-01-15 00:00:00,2010-01-19 00:00:00,1185,91307,1,419.9475,GBP
2010-01-15 00:00:00,2010-01-19 00:00:00,1188,08031,1,472.4475,USD
2010-01-15 00:00:00,2010-01-19 00:00:00,1188,08232,1,472.4475,GBP
2010-01-15 00:00:00,2010-01-19 00:00:00,1188,33024,1,472.4475,USD
2010-01-15 00:00:00,2010-01-19 00:00:00,1188,77042,1,472.4475,USD
2010-01-15 00:00:00,2010-01-19 00:00:00,1188,77064,1,472.4475,GBP
2010-01-15 00:00:00,2010-01-19 00:00:00,1191,85603,1,262.4475,USD
2010-01-15 00:00:00,2010-01-19 00:00:00,1203,33024,1,314.9475,USD
2010-01-15 00:00:00,2010-01-19 00:00:00,1203,33183,1,314.9475,GBP
2010-01-15 00:00:00,2010-01-19 00:00:00,1203,33455,1,314.9475,GBP
2010-01-15 00:00:00,2010-01-19 00:00:00,1203,63123,1,314.9475,USD
2010-01-15 00:00:00,2010-01-19 00:00:00,1204,33556,1,419.9475,GBP
2010-01-15 00:00:00,2010-01-19 00:00:00,1204,87124,1,419.9475,GBP
2010-01-15 00:00:00,2010-01-19 00:00:00,1204,92509,1,456.6975,GBP
2010-01-15 00:00:00,2010-01-19 00:00:00,1206,93292,1,509.1975,USD
2010-01-15 00:00:00,2010-01-19 00:00:00,1215,32504,1,356.9475,GBP
2010-01-15 00:00:00,2010-01-19 00:00:00,1215,33023,1,356.9475,GBP
2010-01-15 00:00:00,2010-01-19 00:00:00,1215,34221,1,356.9475,USD
2010-01-15 00:00:00,2010-01-19 00:00:00,1215,70461,1,356.9475,GBP
2010-01-15 00:00:00,2010-01-19 00:00:00,1215,72078,1,356.9475,GBP
2010-01-15 00:00:00,2010-01-19 00:00:00,1215,77092,1,356.9475,GBP
2010-01-15 00:00:00,2010-01-19 00:00:00,1215,78572,1,356.9475,GBP
2010-01-15 00:00:00,2010-01-19 00:00:00,1215,85331,1,362.1975,GBP
2010-01-15 00:00:00,2010-01-19 00:00:00,1215,89121,1,356.9475,GBP
2010-01-15 00:00:00,2010-01-19 00:00:00,1225,93906,1,246.6975,USD
2010-01-15 00:00:00,2010-01-19 00:00:00,1227,21236,1,314.9475,USD
2010-01-15 00:00:00,2010-01-19 00:00:00,1227,41129,1,314.9475,USD
2010-01-15 00:00:00,2010-01-19 00:00:00,1227,70711,1,314.9475,GBP
2010-01-15 00:00:00,2010-01-19 00:00:00,1227,78572,1,314.9475,GBP
2010-01-15 00:00:00,2010-01-19 00:00:00,1227,91789,1,314.9475,GBP
2010-01-15 00:00:00,2010-01-19 00:00:00,1227,92394,1,314.9475,USD
2010-01-15 00:00:00,2010-01-19 00:00:00,1229,33408,1,236.1975,GBP
2010-01-15 00:00:00,2010-01-19 00:00:00,1229,33781,1,236.1975,USD
2010-01-15 00:00:00,2010-01-19 00:00:00,1229,88101,1,251.9475,GBP
2010-01-15 00:00:00,2010-01-19 00:00:00,1229,91732,1,251.9475,USD
2010-01-15 00:00:00,2010-01-19 00:00:00,1230,29945,1,524.9475,USD
2010-01-15 00:00:00,2010-01-19 00:00:00,1230,33144,1,519.6975,USD
2010-01-15 00:00:00,2010-01-19 00:00:00,1230,33180,1,524.9475,GBP
2010-01-15 00:00:00,2010-01-19 00:00:00,1230,36111,1,519.6975,USD
2010-01-15 00:00:00,2010-01-19 00:00:00,1230,42355,1,524.9475,GBP
2010-01-15 00:00:00,2010-01-19 00:00:00,1230,52353,1,519.6975,GBP
2010-01-15 00:00:00,2010-01-19 00:00:00,1230,95403,1,519.6975,GBP
2010-01-15 00:00:00,2010-01-19 00:00:00,1238,92504,1,333.27,USD
2010-01-15 00:00:00,2010-01-19 00:00:00,1298,87110,1,346.395,GBP
2010-01-15 00:00:00,2010-01-19 00:00:00,1298,97011,1,346.395,GBP
2010-01-15 00:00:00,2010-01-19 00:00:00,1317,08311,2,614.04,USD
2010-01-15 00:00:00,2010-01-19 00:00:00,1317,39157,1,307.02,USD
2010-01-15 00:00:00,2010-01-19 00:00:00,1317,97206,2,614.04,USD
2010-01-15 00:00:00,2010-01-19 00:00:00,1318,07452,1,307.02,USD
2010-01-15 00:00:00,2010-01-19 00:00:00,1318,89015,1,307.02,GBP
2010-01-15 00:00:00,2010-01-19 00:00:00,1329,50129,2,185.64,GBP
2010-01-15 00:00:00,2010-01-19 00:00:00,1329,50129,2,556.92,USD
2010-01-15 00:00:00,2010-01-19 00:00:00,1329,64014,1,92.82,GBP
2010-01-15 00:00:00,2010-01-19 00:00:00,1329,89509,1,92.82,GBP
2010-01-15 00:00:00,2010-01-19 00:00:00,1329,92122,1,92.82,GBP
2010-01-15 00:00:00,2010-01-19 00:00:00,1329,93432,1,92.82,GBP
2010-01-15 00:00:00,2010-01-19 00:00:00,1330,02382,1,92.82,USD
2010-01-15 00:00:00,2010-01-19 00:00:00,1330,08873,1,92.82,GBP
2010-01-15 00:00:00,2010-01-19 00:00:00,1330,32724,1,92.82,USD
2010-01-15 00:00:00,2010-01-19 00:00:00,1330,50129,2,1670.7599999999998,GBP
2010-01-15 00:00:00,2010-01-19 00:00:00,1330,50129,2,185.64,USD
2010-01-15 00:00:00,2010-01-19 00:00:00,1330,85310,1,92.82,USD
2010-01-15 00:00:00,2010-01-19 00:00:00,1330,89030,1,92.82,GBP
2010-01-15 00:00:00,2010-01-19 00:00:00,1330,89301,1,92.82,GBP
2010-01-15 00:00:00,2010-01-19 00:00:00,1330,89509,1,92.82,USD
2010-01-15 00:00:00,2010-01-19 00:00:00,1330,91950,1,92.82,GBP
2010-01-15 00:00:00,2010-01-19 00:00:00,1345,76137,1,304.395,GBP
2010-01-15 00:00:00,2010-01-19 00:00:00,1346,21160,1,304.395,GBP
2010-01-15 00:00:00,2010-01-19 00:00:00,1346,83651,1,304.395,GBP
2010-01-15 00:00:00,2010-01-19 00:00:00,1347,68526,1,299.145,GBP
2010-01-15 00:00:00,2010-01-19 00:00:00,1348,84117,1,299.145,USD
2010-01-15 00:00:00,2010-01-19 00:00:00,1348,90501,1,299.145,USD
2010-01-15 00:00:00,2010-01-19 00:00:00,1351,85023,1,309.645,GBP
2010-01-15 00:00:00,2010-01-19 00:00:00,1352,83338,1,309.645,GBP
2010-01-15 00:00:00,2010-01-19 00:00:00,1379,73170,1,314.895,GBP
2010-01-15 00:00:00,2010-01-19 00:00:00,1379,97222,1,314.895,GBP
2010-01-15 00:00:00,2010-01-19 00:00:00,1380,08302,1,314.895,GBP
2010-01-15 00:00:00,2010-01-19 00:00:00,1380,92028,1,314.895,GBP
2010-01-15 00:00:00,2010-01-19 00:00:00,1380,92867,1,314.895,USD
2010-01-15 00:00:00,2010-01-19 00:00:00,1380,97222,1,314.895,GBP
2010-01-15 00:00:00,2010-01-19 00:00:00,1425,06357,1,286.02,GBP
2010-01-15 00:00:00,2010-01-19 00:00:00,1425,76013,1,286.02,GBP
2010-01-15 00:00:00,2010-01-19 00:00:00,1425,95608,1,286.02,GBP
2010-01-15 00:00:00,2010-01-19 00:00:00,1425,96150,1,286.02,USD
2010-01-15 00:00:00,2010-01-19 00:00:00,1426,84098,1,286.02,USD
2010-01-15 00:00:00,2010-01-19 00:00:00,1426,96150,1,286.02,USD
2010-01-15 00:00:00,2010-01-19 00:00:00,1429,37774,1,283.395,USD
2010-01-15 00:00:00,2010-01-19 00:00:00,1435,01603,1,312.27,GBP
2010-01-15 00:00:00,2010-01-19 00:00:00,1435,74033,1,312.27,GBP
2010-01-15 00:00:00,2010-01-19 00:00:00,1435,78613,1,312.27,USD
2010-01-15 00:00:00,2010-01-19 00:00:00,1435,79331,1,312.27,USD
2010-01-15 00:00:00,2010-01-19 00:00:00,1435,89113,1,312.27,GBP
2010-01-15 00:00:00,2010-01-19 00:00:00,1435,92009,1,312.27,GBP
2010-01-15 00:00:00,2010-01-19 00:00:00,1436,65265,1,312.27,GBP
2010-01-15 00:00:00,2010-01-19 00:00:00,1436,72762,1,312.27,GBP
2010-01-15 00:00:00,2010-01-19 00:00:00,1436,85382,1,312.27,GBP
2010-01-15 00:00:00,2010-01-19 00:00:00,1449,02343,1,118.02,USD
2010-01-15 00:00:00,2010-01-19 00:00:00,1449,07480,1,118.02,GBP
2010-01-15 00:00:00,2010-01-19 00:00:00,1449,29621,1,118.02,GBP
2010-01-15 00:00:00,2010-01-19 00:00:00,1449,29680,1,118.02,GBP
2010-01-15 00:00:00,2010-01-19 00:00:00,1449,32514,1,118.02,USD
2010-01-15 00:00:00,2010-01-19 00:00:00,1449,63010,1,118.02,GBP
2010-01-15 00:00:00,2010-01-19 00:00:00,1449,65020,1,118.02,USD
2010-01-15 00:00:00,2010-01-19 00:00:00,1449,85061,1,118.02,GBP
2010-01-15 00:00:00,2010-01-19 00:00:00,1449,89146,1,118.02,GBP
2010-01-15 00:00:00,2010-01-19 00:00:00,1450,07480,1,118.02,GBP
2010-01-15 00:00:00,2010-01-19 00:00:00,1450,35983,1,118.02,GBP
2010-01-15 00:00:00,2010-01-19 00:00:00,1450,40741,1,118.02,GBP
2010-01-15 00:00:00,2010-01-19 00:00:00,1450,57769,1,118.02,USD
2010-01-15 00:00:00,2010-01-19 00:00:00,1450,70761,1,118.02,GBP
2010-01-15 00:00:00,2010-01-19 00:00:00,1450,76706,1,118.02,GBP
2010-01-15 00:00:00,2010-01-19 00:00:00,1450,90502,1,118.02,USD
2010-01-15 00:00:00,2010-01-19 00:00:00,1450,91709,1,118.02,USD
2010-01-15 00:00:00,2010-01-19 00:00:00,1450,91761,2,236.04,GBP
2010-01-15 00:00:00,2010-01-19 00:00:00,1450,92021,1,118.02,USD
2010-01-15 00:00:00,2010-01-19 00:00:00,1450,92243,1,118.02,USD
2010-01-15 00:00:00,2010-01-19 00:00:00,1450,95746,1,118.02,GBP
2010-01-15 00:00:00,2010-01-19 00:00:00,1477,83651,1,317.52,USD
2010-01-15 00:00:00,2010-01-19 00:00:00,1478,95448,1,317.52,USD
2010-01-15 00:00:00,2010-01-19 00:00:00,1484,07823,1,70.77,GBP
2010-01-15 00:00:00,2010-01-19 00:00:00,1484,42027,1,70.77,USD
2010-01-15 00:00:00,2010-01-19 00:00:00,1484,84047,1,70.77,GBP
2010-01-15 00:00:00,2010-01-19 00:00:00,1489,89015,1,262.395,GBP
2010-01-15 00:00:00,2010-01-19 00:00:00,1490,89015,1,262.395,USD
2010-01-15 00:00:00,2010-01-19 00:00:00,1490,97023,1,262.395,GBP
2010-01-15 00:00:00,2010-01-19 00:00:00,1490,97391,1,230.895,GBP
2010-01-15 00:00:00,2010-01-19 00:00:00,1517,21154,1,141.645,USD
2010-01-15 00:00:00,2010-01-19 00:00:00,1517,33549,1,141.645,USD
2010-01-15 00:00:00,2010-01-19 00:00:00,1517,50125,1,141.645,USD
2010-01-15 00:00:00,2010-01-19 00:00:00,1517,63461,1,141.645,USD
2010-01-15 00:00:00,2010-01-19 00:00:00,1517,88256,1,141.645,GBP
2010-01-15 00:00:00,2010-01-19 00:00:00,1517,89130,1,141.645,GBP
2010-01-15 00:00:00,2010-01-19 00:00:00,1518,33309,1,141.645,GBP
2010-01-15 00:00:00,2010-01-19 00:00:00,1518,38018,1,141.645,USD
2010-01-15 00:00:00,2010-01-19 00:00:00,1518,50125,1,141.645,USD
2010-01-15 00:00:00,2010-01-19 00:00:00,1518,66061,1,141.645,GBP
2010-01-15 00:00:00,2010-01-19 00:00:00,1518,85257,1,141.645,GBP
2010-01-15 00:00:00,2010-01-19 00:00:00,1518,89030,1,141.645,GBP
2010-01-15 00:00:00,2010-01-19 00:00:00,1518,90731,1,141.645,USD
2010-01-15 00:00:00,2010-01-19 00:00:00,1535,95932,1,309.645,USD
2010-01-15 00:00:00,2010-01-19 00:00:00,1641,07080,1,70.77,USD
2010-01-15 00:00:00,2010-01-19 00:00:00,1641,26301,1,70.77,USD
2010-01-15 00:00:00,2010-01-19 00:00:00,1641,92345,1,70.77,GBP
2010-01-15 00:00:00,2010-01-19 00:00:00,1641,93312,1,70.77,USD
2010-01-15 00:00:00,2010-01-19 00:00:00,1894,32127,1,682.2375,GBP
2010-01-15 00:00:00,2010-01-19 00:00:00,1894,32701,1,682.2375,USD
2010-01-15 00:00:00,2010-01-19 00:00:00,1894,32962,1,682.2375,USD
2010-01-15 00:00:00,2010-01-19 00:00:00,1894,37343,1,682.2375,GBP
2010-01-15 00:00:00,2010-01-19 00:00:00,1894,52223,1,682.2375,USD
2010-01-15 00:00:00,2010-01-19 00:00:00,1894,56311,1,682.2375,USD
2010-01-15 00:00:00,2010-01-19 00:00:00,1894,78602,1,682.2375,USD
2010-01-15 00:00:00,2010-01-19 00:00:00,1894,79912,1,682.2375,USD
2010-01-15 00:00:00,2010-01-19 00:00:00,1894,82325,1,682.2375,USD
2010-01-15 00:00:00,2010-01-19 00:00:00,1894,97333,1,682.2375,USD
2010-01-15 00:00:00,2010-01-19 00:00:00,1909,21703,1,199.4475,GBP
2010-01-15 00:00:00,2010-01-19 00:00:00,1909,34990,1,199.4475,USD
2010-01-15 00:00:00,2010-01-19 00:00:00,1909,72022,1,199.4475,GBP
2010-01-15 00:00:00,2010-01-19 00:00:00,1909,76371,1,199.4475,USD
2010-01-15 00:00:00,2010-01-19 00:00:00,1911,33813,1,244.0725,USD
2010-01-15 00:00:00,2010-01-19 00:00:00,1911,39095,1,244.0725,USD
2010-01-15 00:00:00,2010-01-19 00:00:00,1911,50701,1,244.0725,USD
2010-01-15 00:00:00,2010-01-19 00:00:00,1911,79316,1,244.0725,USD
2010-01-15 00:00:00,2010-01-19 00:00:00,1911,87107,1,244.0725,USD
2010-01-15 00:00:00,2010-01-19 00:00:00,1911,95926,1,244.0725,USD
2010-01-15 00:00:00,2010-01-19 00:00:00,1920,02766,1,280.8225,GBP
2010-01-15 00:00:00,2010-01-19 00:00:00,1920,37745,1,278.1975,GBP
2010-01-15 00:00:00,2010-01-19 00:00:00,1920,57201,1,280.8225,GBP
2010-01-15 00:00:00,2010-01-19 00:00:00,1920,85210,1,280.8225,GBP
2010-01-15 00:00:00,2010-01-19 00:00:00,1920,92646,1,280.8225,USD
2010-01-15 00:00:00,2010-01-19 00:00:00,1930,42103,1,283.4475,GBP
2010-01-15 00:00:00,2010-01-19 00:00:00,1931,42103,1,566.895,GBP
2010-01-15 00:00:00,2010-01-19 00:00:00,1931,42103,1,283.4475,USD
2010-01-15 00:00:00,2010-01-19 00:00:00,1948,01095,1,296.5725,GBP
2010-01-15 00:00:00,2010-01-19 00:00:00,1948,02770,1,296.5725,GBP
2010-01-15 00:00:00,2010-01-19 00:00:00,1948,29316,1,296.5725,GBP
2010-01-15 00:00:00,2010-01-19 00:00:00,1948,29819,1,296.5725,GBP
2010-01-15 00:00:00,2010-01-19 00:00:00,1948,37388,1,296.5725,GBP
2010-01-15 00:00:00,2010-01-19 00:00:00,1948,37660,4,1186.29,USD
2010-01-15 00:00:00,2010-01-19 00:00:00,1948,37664,1,296.5725,GBP
2010-01-15 00:00:00,2010-01-19 00:00:00,1948,47371,1,296.5725,GBP
2010-01-15 00:00:00,2010-01-19 00:00:00,1948,47802,1,296.5725,GBP
2010-01-15 00:00:00,2010-01-19 00:00:00,1948,47918,1,296.5725,GBP
2010-01-15 00:00:00,2010-01-19 00:00:00,1948,47918,1,296.5725,USD
2010-01-15 00:00:00,2010-01-19 00:00:00,1948,53185,1,296.5725,USD
2010-01-15 00:00:00,2010-01-19 00:00:00,1948,54874,1,296.5725,GBP
2010-01-15 00:00:00,2010-01-19 00:00:00,1948,59405,1,296.5725,GBP
2010-01-15 00:00:00,2010-01-19 00:00:00,1948,67216,1,296.5725,USD
2010-01-15 00:00:00,2010-01-19 00:00:00,1948,73034,1,296.5725,GBP
2010-01-15 00:00:00,2010-01-19 00:00:00,1948,74743,1,296.5725,USD
2010-01-15 00:00:00,2010-01-19 00:00:00,1948,75069,1,296.5725,GBP
2010-01-15 00:00:00,2010-01-19 00:00:00,1948,75228,1,296.5725,USD
2010-01-15 00:00:00,2010-01-19 00:00:00,1948,77551,1,296.5725,USD
2010-01-15 00:00:00,2010-01-19 00:00:00,1948,82414,1,296.5725,USD
2010-01-15 00:00:00,2010-01-19 00:00:00,1948,85201,1,296.5725,USD
2010-01-15 00:00:00,2010-01-19 00:00:00,1948,87415,1,296.5725,GBP
2010-01-15 00:00:00,2010-01-19 00:00:00,1948,91360,2,593.145,GBP
2010-01-15 00:00:00,2010-01-19 00:00:00,1948,93242,1,296.5725,USD
2010-01-15 00:00:00,2010-01-19 00:00:00,1948,93274,2,593.145,USD
2010-01-15 00:00:00,2010-01-19 00:00:00,1948,95361,1,296.5725,GBP
2010-01-15 00:00:00,2010-01-19 00:00:00,1948,99501,1,296.5725,USD
2010-01-15 00:00:00,2010-01-19 00:00:00,1949,02770,1,296.5725,GBP
2010-01-15 00:00:00,2010-01-19 00:00:00,1949,07750,1,296.5725,GBP
2010-01-15 00:00:00,2010-01-19 00:00:00,1949,21085,2,593.145,USD
2010-01-15 00:00:00,2010-01-19 00:00:00,1949,21703,1,296.5725,USD
2010-01-15 00:00:00,2010-01-19 00:00:00,1949,21784,1,296.5725,USD
2010-01-15 00:00:00,2010-01-19 00:00:00,1949,32065,1,296.5725,USD
2010-01-15 00:00:00,2010-01-19 00:00:00,1949,38001,1,296.5725,GBP
2010-01-15 00:00:00,2010-01-19 00:00:00,1949,46808,1,296.5725,USD
2010-01-15 00:00:00,2010-01-19 00:00:00,1949,47802,1,296.5725,GBP
2010-01-15 00:00:00,2010-01-19 00:00:00,1949,47918,1,296.5725,GBP
2010-01-15 00:00:00,2010-01-19 00:00:00,1949,47918,1,889.7175,USD
2010-01-15 00:00:00,2010-01-19 00:00:00,1949,52722,1,296.5725,USD
2010-01-15 00:00:00,2010-01-19 00:00:00,1949,53005,1,296.5725,USD
2010-01-15 00:00:00,2010-01-19 00:00:00,1949,53154,1,296.5725,GBP
2010-01-15 00:00:00,2010-01-19 00:00:00,1949,53185,1,296.5725,GBP
2010-01-15 00:00:00,2010-01-19 00:00:00,1949,74006,1,296.5725,USD
2010-01-15 00:00:00,2010-01-19 00:00:00,1949,75228,1,296.5725,GBP
2010-01-15 00:00:00,2010-01-19 00:00:00,1949,82414,1,296.5725,USD
2010-01-15 00:00:00,2010-01-19 00:00:00,1949,83401,3,889.7175,USD
2010-01-15 00:00:00,2010-01-19 00:00:00,1949,89128,2,593.145,USD
2010-01-15 00:00:00,2010-01-19 00:00:00,1949,90278,4,1186.29,GBP
2010-01-15 00:00:00,2010-01-19 00:00:00,1949,92591,1,296.5725,USD
2010-01-15 00:00:00,2010-01-19 00:00:00,1949,92648,1,296.5725,USD
2010-01-15 00:00:00,2010-01-19 00:00:00,1949,92835,1,296.5725,USD
2010-01-15 00:00:00,2010-01-19 00:00:00,1949,94019,1,296.5725,USD
2010-01-15 00:00:00,2010-01-19 00:00:00,1949,94517,1,296.5725,GBP
2010-01-15 00:00:00,2010-01-19 00:00:00,1949,95020,1,296.5725,USD
2010-01-15 00:00:00,2010-01-19 00:00:00,1949,95695,1,293.9475,GBP
2010-01-15 00:00:00,2010-01-19 00:00:00,1949,97045,2,593.145,GBP
2010-01-15 00:00:00,2010-01-19 00:00:00,1949,97223,1,296.5725,USD
2010-01-15 00:00:00,2010-01-19 00:00:00,1956,29745,1,153.7725,GBP
2010-01-15 00:00:00,2010-01-19 00:00:00,1956,34974,2,307.545,GBP
2010-01-15 00:00:00,2010-01-19 00:00:00,1956,34984,1,153.7725,USD
2010-01-15 00:00:00,2010-01-19 00:00:00,1956,37620,2,307.545,USD
2010-01-15 00:00:00,2010-01-19 00:00:00,1956,38024,1,153.7725,GBP
2010-01-15 00:00:00,2010-01-19 00:00:00,1956,40391,1,153.7725,GBP
2010-01-15 00:00:00,2010-01-19 00:00:00,1956,46218,1,153.7725,USD
2010-01-15 00:00:00,2010-01-19 00:00:00,1956,52353,1,153.7725,GBP
2010-01-15 00:00:00,2010-01-19 00:00:00,1956,67005,1,153.7725,GBP
2010-01-15 00:00:00,2010-01-19 00:00:00,1956,83202,1,153.7725,USD
2010-01-15 00:00:00,2010-01-19 00:00:00,1956,83211,1,153.7725,GBP
2010-01-15 00:00:00,2010-01-19 00:00:00,1956,89128,2,307.545,USD
2010-01-15 00:00:00,2010-01-19 00:00:00,1956,92887,2,307.545,GBP
2010-01-15 00:00:00,2010-01-19 00:00:00,1956,93306,3,461.3175,GBP
2010-01-15 00:00:00,2010-01-19 00:00:00,1957,21701,1,153.7725,USD
2010-01-15 00:00:00,2010-01-19 00:00:00,1957,34984,1,153.7725,USD
2010-01-15 00:00:00,2010-01-19 00:00:00,1957,52353,1,153.7725,USD
2010-01-15 00:00:00,2010-01-19 00:00:00,1957,64012,1,153.7725,GBP
2010-01-15 00:00:00,2010-01-19 00:00:00,1957,75951,1,147.9975,USD
2010-01-15 00:00:00,2010-01-19 00:00:00,1957,93306,3,461.3175,USD
2010-01-15 00:00:00,2010-01-19 00:00:00,1957,97457,1,153.7725,USD
2010-01-15 00:00:00,2010-01-19 00:00:00,1960,35592,1,97.0725,GBP
2010-01-15 00:00:00,2010-01-19 00:00:00,1960,47802,1,97.0725,USD
2010-01-15 00:00:00,2010-01-19 00:00:00,1960,54151,1,97.0725,GBP
2010-01-15 00:00:00,2010-01-19 00:00:00,1960,71129,1,97.0725,GBP
2010-01-15 00:00:00,2010-01-19 00:00:00,1960,76302,1,97.0725,GBP
2010-01-15 00:00:00,2010-01-19 00:00:00,1960,91354,1,97.0725,GBP
2010-01-15 00:00:00,2010-01-19 00:00:00,1960,95949,1,97.0725,GBP
2010-01-15 00:00:00,2010-01-19 00:00:00,1961,35592,1,97.0725,GBP
2010-01-15 00:00:00,2010-01-19 00:00:00,1961,36116,1,97.0725,USD
2010-01-15 00:00:00,2010-01-19 00:00:00,1961,51039,1,97.0725,GBP
2010-01-15 00:00:00,2010-01-19 00:00:00,1961,77573,1,97.0725,GBP
2010-01-15 00:00:00,2010-01-19 00:00:00,1969,29054,1,238.8225,USD
2010-01-15 00:00:00,2010-01-19 00:00:00,1969,37027,1,230.9475,USD
2010-01-15 00:00:00,2010-01-19 00:00:00,1969,92545,1,238.8225,USD
2010-01-15 00:00:00,2010-01-19 00:00:00,1974,06082,1,52.4475,USD
2010-01-15 00:00:00,2010-01-19 00:00:00,1974,21771,1,52.4475,USD
2010-01-15 00:00:00,2010-01-19 00:00:00,1974,32534,1,52.4475,USD
2010-01-15 00:00:00,2010-01-19 00:00:00,1974,42754,1,52.4475,USD
2010-01-15 00:00:00,2010-01-19 00:00:00,1974,47167,1,52.4475,GBP
2010-01-15 00:00:00,2010-01-19 00:00:00,1974,75407,1,52.4475,USD
2010-01-15 00:00:00,2010-01-19 00:00:00,1974,95726,1,52.4475,USD
2010-01-15 00:00:00,2010-01-19 00:00:00,1974,95746,2,104.895,USD
2010-01-15 00:00:00,2010-01-19 00:00:00,1974,97404,1,52.4475,USD
2010-01-15 00:00:00,2010-01-19 00:00:00,1975,08096,1,52.4475,GBP
2010-01-15 00:00:00,2010-01-19 00:00:00,1975,08318,1,52.4475,USD
2010-01-15 00:00:00,2010-01-19 00:00:00,1975,21613,1,52.4475,GBP
2010-01-15 00:00:00,2010-01-19 00:00:00,1975,33458,1,52.4475,USD
2010-01-15 00:00:00,2010-01-19 00:00:00,1975,35905,1,52.4475,USD
2010-01-15 00:00:00,2010-01-19 00:00:00,1975,42754,1,52.4475,USD
2010-01-15 00:00:00,2010-01-19 00:00:00,1975,47167,1,157.3425,GBP
2010-01-15 00:00:00,2010-01-19 00:00:00,1975,67835,1,52.4475,GBP
2010-01-15 00:00:00,2010-01-19 00:00:00,1975,90807,1,52.4475,GBP
2010-01-15 00:00:00,2010-01-19 00:00:00,1975,93041,1,52.4475,USD
2010-01-15 00:00:00,2010-01-19 00:00:00,1975,93402,1,52.4475,GBP
2010-01-15 00:00:00,2010-01-19 00:00:00,1975,94541,1,52.4475,USD
2010-01-15 00:00:00,2010-01-19 00:00:00,1975,95670,1,52.4475,USD
2010-01-15 00:00:00,2010-01-19 00:00:00,1990,01201,1,257.1975,USD
2010-01-15 00:00:00,2010-01-19 00:00:00,1990,21046,1,257.1975,USD
2010-01-15 00:00:00,2010-01-19 00:00:00,1990,26062,1,257.1975,USD
2010-01-15 00:00:00,2010-01-19 00:00:00,1990,33467,1,257.1975,GBP
2010-01-15 00:00:00,2010-01-19 00:00:00,1990,38024,1,257.1975,USD
2010-01-15 00:00:00,2010-01-19 00:00:00,1990,38826,1,257.1975,GBP
2010-01-15 00:00:00,2010-01-19 00:00:00,1990,41101,1,257.1975,USD
2010-01-15 00:00:00,2010-01-19 00:00:00,1990,47060,1,257.1975,USD
2010-01-15 00:00:00,2010-01-19 00:00:00,1990,47918,1,257.1975,GBP
2010-01-15 00:00:00,2010-01-19 00:00:00,1990,47918,1,771.5925,USD
2010-01-15 00:00:00,2010-01-19 00:00:00,1990,73013,2,514.395,USD
2010-01-15 00:00:00,2010-01-19 00:00:00,1990,73034,1,257.1975,GBP
2010-01-15 00:00:00,2010-01-19 00:00:00,1990,78628,1,257.1975,USD
2010-01-15 00:00:00,2010-01-19 00:00:00,1990,79201,1,257.1975,USD
2010-01-15 00:00:00,2010-01-19 00:00:00,1990,83605,1,257.1975,GBP
2010-01-15 00:00:00,2010-01-19 00:00:00,1990,91042,1,257.1975,USD
2010-01-15 00:00:00,2010-01-19 00:00:00,1990,91411,1,257.1975,USD
2010-01-15 00:00:00,2010-01-19 00:00:00,1990,92571,1,257.1975,USD
2010-01-15 00:00:00,2010-01-19 00:00:00,1990,92887,4,1028.79,USD
2010-01-15 00:00:00,2010-01-19 00:00:00,1990,93230,1,257.1975,USD
2010-01-15 00:00:00,2010-01-19 00:00:00,1990,94062,1,257.1975,GBP
2010-01-15 00:00:00,2010-01-19 00:00:00,1990,95662,1,257.1975,USD
2010-01-15 00:00:00,2010-01-19 00:00:00,1990,99508,2,514.395,GBP
2010-01-15 00:00:00,2010-01-19 00:00:00,2005,32712,1,304.4475,GBP
2010-01-15 00:00:00,2010-01-19 00:00:00,2005,76542,1,299.1975,USD
2010-01-15 00:00:00,2010-01-19 00:00:00,2012,01040,1,377.9475,USD
2010-01-15 00:00:00,2010-01-19 00:00:00,2012,78613,1,377.9475,GBP
2010-01-15 00:00:00,2010-01-19 00:00:00,2012,95991,1,377.9475,GBP
2010-01-15 00:00:00,2010-01-19 00:00:00,2016,75041,1,299.1975,USD
2010-01-15 00:00:00,2010-01-19 00:00:00,2045,21784,1,409.4475,USD
2010-01-15 00:00:00,2010-01-19 00:00:00,2045,32724,1,409.4475,GBP
2010-01-15 00:00:00,2010-01-19 00:00:00,2045,37617,1,409.4475,GBP
2010-01-15 00:00:00,2010-01-19 00:00:00,2045,63021,1,409.4475,USD
2010-01-15 00:00:00,2010-01-19 00:00:00,2045,84075,1,409.4475,USD
2010-01-15 00:00:00,2010-01-19 00:00:00,2045,89147,1,409.4475,GBP
2010-01-15 00:00:00,2010-01-19 00:00:00,2045,92083,1,409.4475,USD
2010-01-15 00:00:00,2010-01-19 00:00:00,2045,94602,1,409.4475,GBP
2010-01-15 00:00:00,2010-01-19 00:00:00,2047,33144,1,372.6975,USD
2010-01-15 00:00:00,2010-01-19 00:00:00,2047,33615,1,377.9475,GBP
2010-01-15 00:00:00,2010-01-19 00:00:00,2047,92243,1,377.9475,USD
2010-01-15 00:00:00,2010-01-19 00:00:00,2050,34761,1,498.6975,USD
2010-01-15 00:00:00,2010-01-19 00:00:00,2056,29006,1,325.4475,USD
2010-01-15 00:00:00,2010-01-19 00:00:00,2056,32578,1,320.1975,USD
2010-01-15 00:00:00,2010-01-19 00:00:00,2056,34668,1,325.4475,GBP
2010-01-15 00:00:00,2010-01-19 00:00:00,2056,68110,1,325.4475,USD
2010-01-15 00:00:00,2010-01-19 00:00:00,2056,78381,1,325.4475,USD
2010-01-15 00:00:00,2010-01-19 00:00:00,2057,85080,1,472.4475,USD
2010-01-15 00:00:00,2010-01-19 00:00:00,2057,95914,1,472.4475,USD
2010-01-15 00:00:00,2010-01-19 00:00:00,2064,20716,1,488.1975,USD
2010-01-15 00:00:00,2010-01-19 00:00:00,2064,65775,1,488.1975,USD
2010-01-15 00:00:00,2010-01-19 00:00:00,2064,75007,1,488.1975,USD
2010-01-15 00:00:00,2010-01-19 00:00:00,2064,75701,1,488.1975,GBP
2010-01-15 00:00:00,2010-01-19 00:00:00,2064,84074,1,482.9475,GBP
2010-01-15 00:00:00,2010-01-19 00:00:00,2064,90064,1,488.1975,USD
2010-01-15 00:00:00,2010-01-19 00:00:00,2064,90241,1,488.1975,USD
2010-01-15 00:00:00,2010-01-19 00:00:00,2064,92571,1,488.1975,GBP
2010-01-15 00:00:00,2010-01-19 00:00:00,2064,94118,1,488.1975,USD
2010-01-15 00:00:00,2010-01-19 00:00:00,2064,95407,1,488.1975,GBP
2010-01-15 00:00:00,2010-01-19 00:00:00,2070,02720,1,519.6975,USD
2010-01-15 00:00:00,2010-01-19 00:00:00,2070,32073,1,519.6975,USD
2010-01-15 00:00:00,2010-01-19 00:00:00,2070,32763,1,519.6975,GBP
2010-01-15 00:00:00,2010-01-19 00:00:00,2070,32824,1,519.6975,GBP
2010-01-15 00:00:00,2010-01-19 00:00:00,2070,34974,1,519.6975,USD
2010-01-15 00:00:00,2010-01-19 00:00:00,2070,72811,1,519.6975,GBP
2010-01-15 00:00:00,2010-01-19 00:00:00,2070,77365,1,519.6975,USD
2010-01-15 00:00:00,2010-01-19 00:00:00,2070,78418,1,519.6975,USD
2010-01-15 00:00:00,2010-01-19 00:00:00,2070,85260,1,519.6975,USD
2010-01-15 00:00:00,2010-01-19 00:00:00,2070,88101,1,519.6975,USD
2010-01-15 00:00:00,2010-01-19 00:00:00,2070,90278,1,519.6975,GBP
2010-01-15 00:00:00,2010-01-19 00:00:00,2070,92656,1,519.6975,GBP
2010-01-15 00:00:00,2010-01-19 00:00:00,2070,92683,1,519.6975,USD
2010-01-15 00:00:00,2010-01-19 00:00:00,2074,07730,1,328.0725,USD
2010-01-15 00:00:00,2010-01-19 00:00:00,2074,32615,1,328.0725,USD
2010-01-15 00:00:00,2010-01-19 00:00:00,2074,33617,1,328.0725,USD
2010-01-15 00:00:00,2010-01-19 00:00:00,2074,38023,1,328.0725,USD
2010-01-15 00:00:00,2010-01-19 00:00:00,2074,65340,1,328.0725,USD
2010-01-15 00:00:00,2010-01-19 00:00:00,2074,75407,1,328.0725,GBP
2010-01-15 00:00:00,2010-01-19 00:00:00,2074,89117,1,328.0725,GBP
2010-01-15 00:00:00,2010-01-19 00:00:00,2074,92105,1,328.0725,USD
2010-01-15 00:00:00,2010-01-19 00:00:00,2074,92509,1,328.0725,GBP
2010-01-15 00:00:00,2010-01-19 00:00:00,2081,32221,1,220.4475,GBP
2010-01-15 00:00:00,2010-01-19 00:00:00,2081,32621,1,220.4475,USD
2010-01-15 00:00:00,2010-01-19 00:00:00,2081,78550,1,220.4475,USD
2010-01-15 00:00:00,2010-01-19 00:00:00,2081,92064,2,440.895,GBP
2010-01-15 00:00:00,2010-01-19 00:00:00,2083,33331,1,309.6975,USD
2010-01-15 00:00:00,2010-01-19 00:00:00,2083,33351,1,309.6975,USD
2010-01-15 00:00:00,2010-01-19 00:00:00,2083,76180,1,309.6975,GBP
2010-01-15 00:00:00,2010-01-19 00:00:00,2083,76903,1,309.6975,GBP
2010-01-15 00:00:00,2010-01-19 00:00:00,2091,06111,32,4870.32,GBP
2010-01-15 00:00:00,2010-01-19 00:00:00,2091,32137,1,152.1975,GBP
2010-01-15 00:00:00,2010-01-19 00:00:00,2091,32778,1,152.1975,GBP
2010-01-15 00:00:00,2010-01-19 00:00:00,2091,34983,1,152.1975,USD
2010-01-15 00:00:00,2010-01-19 00:00:00,2091,74107,1,152.1975,USD
2010-01-15 00:00:00,2010-01-19 00:00:00,2091,93245,1,152.1975,USD
2010-01-15 00:00:00,2010-01-19 00:00:00,2094,85308,1,433.0725,USD
2010-01-15 00:00:00,2010-01-19 00:00:00,2094,92054,1,433.0725,GBP
2010-01-15 00:00:00,2010-01-19 00:00:00,2094,92107,1,433.0725,USD
2010-01-15 00:00:00,2010-01-19 00:00:00,2094,92277,1,433.0725,GBP
2010-01-15 00:00:00,2010-01-19 00:00:00,2130,77090,1,472.2375,GBP
2010-01-15 00:00:00,2010-01-19 00:00:00,2152,35951,1,608.7375,GBP
2010-01-15 00:00:00,2010-01-19 00:00:00,2161,33311,1,571.9875,GBP
2010-01-15 00:00:00,2010-01-19 00:00:00,2167,77057,1,577.2375,USD
2010-01-15 00:00:00,2010-01-19 00:00:00,2167,91792,1,577.2375,USD
2010-01-15 00:00:00,2010-01-19 00:00:00,2169,95076,1,535.2375,USD
2010-01-15 00:00:00,2010-01-19 00:00:00,2188,87109,1,233.5725,USD
2010-01-15 00:00:00,2010-01-19 00:00:00,2192,07877,1,202.0725,USD
2010-01-15 00:00:00,2010-01-19 00:00:00,2192,32828,1,202.0725,GBP
2010-01-15 00:00:00,2010-01-19 00:00:00,2192,32839,1,202.0725,USD
2010-01-15 00:00:00,2010-01-19 00:00:00,2192,35803,1,202.0725,USD
2010-01-15 00:00:00,2010-01-19 00:00:00,2192,39119,1,202.0725,USD
2010-01-15 00:00:00,2010-01-19 00:00:00,2199,33570,2,356.895,GBP
2010-01-15 00:00:00,2010-01-19 00:00:00,2199,59106,1,178.4475,GBP
2010-01-15 00:00:00,2010-01-19 00:00:00,2199,78734,1,178.4475,GBP
2010-01-15 00:00:00,2010-01-19 00:00:00,2199,83661,1,178.4475,USD
2010-01-15 00:00:00,2010-01-19 00:00:00,2199,88202,1,178.4475,USD
2010-01-15 00:00:00,2010-01-19 00:00:00,2199,89115,1,178.4475,USD
2010-01-15 00:00:00,2010-01-19 00:00:00,2199,97415,1,178.4475,USD
2010-01-15 00:00:00,2010-01-19 00:00:00,2204,90803,1,173.1975,GBP
2010-01-15 00:00:00,2010-01-19 00:00:00,2204,92404,1,173.1975,GBP
2010-01-15 00:00:00,2010-01-19 00:00:00,2205,75094,1,173.1975,GBP
2010-01-15 00:00:00,2010-01-19 00:00:00,2205,92404,1,173.1975,GBP
2010-01-15 00:00:00,2010-01-19 00:00:00,2205,94544,1,173.1975,GBP
2010-01-15 00:00:00,2010-01-19 00:00:00,2210,07675,1,107.5725,USD
2010-01-15 00:00:00,2010-01-19 00:00:00,2210,21756,1,107.5725,USD
2010-01-15 00:00:00,2010-01-19 00:00:00,2210,38456,1,107.5725,GBP
2010-01-15 00:00:00,2010-01-19 00:00:00,2210,42142,1,107.5725,USD
2010-01-15 00:00:00,2010-01-19 00:00:00,2210,47022,1,107.5725,GBP
2010-01-15 00:00:00,2010-01-19 00:00:00,2210,47433,1,107.5725,GBP
2010-01-15 00:00:00,2010-01-19 00:00:00,2210,63124,1,107.5725,GBP
2010-01-15 00:00:00,2010-01-19 00:00:00,2210,74354,1,107.5725,USD
2010-01-15 00:00:00,2010-01-19 00:00:00,2210,74884,1,107.5725,GBP
2010-01-15 00:00:00,2010-01-19 00:00:00,2210,77354,1,107.5725,GBP
2010-01-15 00:00:00,2010-01-19 00:00:00,2210,77379,1,107.5725,GBP
2010-01-15 00:00:00,2010-01-19 00:00:00,2210,77380,1,107.5725,GBP
2010-01-15 00:00:00,2010-01-19 00:00:00,2210,77450,2,215.145,GBP
2010-01-15 00:00:00,2010-01-19 00:00:00,2210,89130,1,107.5725,USD
2010-01-15 00:00:00,2010-01-19 00:00:00,2211,38221,1,107.5725,GBP
2010-01-15 00:00:00,2010-01-19 00:00:00,2211,38456,1,107.5725,USD
2010-01-15 00:00:00,2010-01-19 00:00:00,2211,39443,1,107.5725,GBP
2010-01-15 00:00:00,2010-01-19 00:00:00,2211,70345,1,107.5725,GBP
2010-01-15 00:00:00,2010-01-19 00:00:00,2211,74701,1,107.5725,USD
2010-01-15 00:00:00,2010-01-19 00:00:00,2211,77705,1,104.9475,GBP
2010-01-15 00:00:00,2010-01-19 00:00:00,2211,78589,1,107.5725,GBP
2010-01-15 00:00:00,2010-01-19 00:00:00,2234,02767,1,65.5725,USD
2010-01-15 00:00:00,2010-01-19 00:00:00,2234,06489,1,65.5725,USD
2010-01-15 00:00:00,2010-01-19 00:00:00,2234,07834,2,131.145,USD
2010-01-15 00:00:00,2010-01-19 00:00:00,2234,07866,2,131.145,USD
2010-01-15 00:00:00,2010-01-19 00:00:00,2234,08807,1,65.5725,USD
2010-01-15 00:00:00,2010-01-19 00:00:00,2234,19971,1,65.5725,USD
2010-01-15 00:00:00,2010-01-19 00:00:00,2234,20639,1,65.5725,USD
2010-01-15 00:00:00,2010-01-19 00:00:00,2234,21202,1,65.5725,USD
2010-01-15 00:00:00,2010-01-19 00:00:00,2234,21613,1,65.5725,GBP
2010-01-15 00:00:00,2010-01-19 00:00:00,2234,25570,1,65.5725,USD
2010-01-15 00:00:00,2010-01-19 00:00:00,2234,29661,1,65.5725,USD
2010-01-15 00:00:00,2010-01-19 00:00:00,2234,29687,2,131.145,GBP
2010-01-15 00:00:00,2010-01-19 00:00:00,2234,32542,1,65.5725,USD
2010-01-15 00:00:00,2010-01-19 00:00:00,2234,32653,1,65.5725,USD
2010-01-15 00:00:00,2010-01-19 00:00:00,2234,33136,1,65.5725,USD
2010-01-15 00:00:00,2010-01-19 00:00:00,2234,33853,2,131.145,USD
2010-01-15 00:00:00,2010-01-19 00:00:00,2234,34475,1,65.5725,USD
2010-01-15 00:00:00,2010-01-19 00:00:00,2234,34602,1,65.5725,GBP
2010-01-15 00:00:00,2010-01-19 00:00:00,2234,36323,1,65.5725,USD
2010-01-15 00:00:00,2010-01-19 00:00:00,2234,39325,2,131.145,GBP
2010-01-15 00:00:00,2010-01-19 00:00:00,2234,39366,1,65.5725,USD
2010-01-15 00:00:00,2010-01-19 00:00:00,2234,39553,1,65.5725,USD
2010-01-15 00:00:00,2010-01-19 00:00:00,2234,46845,1,65.5725,USD
2010-01-15 00:00:00,2010-01-19 00:00:00,2234,47025,1,65.5725,USD
2010-01-15 00:00:00,2010-01-19 00:00:00,2234,55374,1,65.5725,USD
2010-01-15 00:00:00,2010-01-19 00:00:00,2234,67005,1,65.5725,GBP
2010-01-15 00:00:00,2010-01-19 00:00:00,2234,70072,1,65.5725,GBP
2010-01-15 00:00:00,2010-01-19 00:00:00,2234,70461,1,65.5725,GBP
2010-01-15 00:00:00,2010-01-19 00:00:00,2234,72351,1,65.5725,USD
2010-01-15 00:00:00,2010-01-19 00:00:00,2234,74301,1,65.5725,USD
2010-01-15 00:00:00,2010-01-19 00:00:00,2234,74801,2,131.145,USD
2010-01-15 00:00:00,2010-01-19 00:00:00,2234,74854,1,65.5725,USD
2010-01-15 00:00:00,2010-01-19 00:00:00,2234,75053,1,65.5725,USD
2010-01-15 00:00:00,2010-01-19 00:00:00,2234,76065,3,196.7175,USD
2010-01-15 00:00:00,2010-01-19 00:00:00,2234,77093,1,65.5725,USD
2010-01-15 00:00:00,2010-01-19 00:00:00,2234,77354,1,65.5725,USD
2010-01-15 00:00:00,2010-01-19 00:00:00,2234,77379,1,65.5725,USD
2010-01-15 00:00:00,2010-01-19 00:00:00,2234,77520,1,65.5725,GBP
2010-01-15 00:00:00,2010-01-19 00:00:00,2234,77836,1,65.5725,USD
2010-01-15 00:00:00,2010-01-19 00:00:00,2234,78130,1,65.5725,USD
2010-01-15 00:00:00,2010-01-19 00:00:00,2234,79549,1,65.5725,GBP
2010-01-15 00:00:00,2010-01-19 00:00:00,2234,85308,1,65.5725,USD
2010-01-15 00:00:00,2010-01-19 00:00:00,2234,86333,1,65.5725,USD
2010-01-15 00:00:00,2010-01-19 00:00:00,2234,86403,1,65.5725,USD
2010-01-15 00:00:00,2010-01-19 00:00:00,2234,92399,5,327.8625,USD
2010-01-15 00:00:00,2010-01-19 00:00:00,2234,92683,1,65.5725,USD
2010-01-15 00:00:00,2010-01-19 00:00:00,2234,93041,1,65.5725,USD
2010-01-15 00:00:00,2010-01-19 00:00:00,2234,95008,3,196.7175,GBP
2010-01-15 00:00:00,2010-01-19 00:00:00,2234,95121,1,65.5725,USD
2010-01-15 00:00:00,2010-01-19 00:00:00,2234,95403,1,65.5725,GBP
2010-01-15 00:00:00,2010-01-19 00:00:00,2234,97501,2,131.145,GBP
2010-01-15 00:00:00,2010-01-19 00:00:00,2235,01005,1,65.5725,GBP
2010-01-15 00:00:00,2010-01-19 00:00:00,2235,01562,1,65.5725,USD
2010-01-15 00:00:00,2010-01-19 00:00:00,2235,01605,1,65.5725,GBP
2010-01-15 00:00:00,2010-01-19 00:00:00,2235,02719,1,65.5725,USD
2010-01-15 00:00:00,2010-01-19 00:00:00,2235,06082,1,65.5725,GBP
2010-01-15 00:00:00,2010-01-19 00:00:00,2235,06351,1,65.5725,GBP
2010-01-15 00:00:00,2010-01-19 00:00:00,2235,20764,1,65.5725,USD
2010-01-15 00:00:00,2010-01-19 00:00:00,2235,20904,1,65.5725,USD
2010-01-15 00:00:00,2010-01-19 00:00:00,2235,21043,1,65.5725,GBP
2010-01-15 00:00:00,2010-01-19 00:00:00,2235,29115,1,65.5725,GBP
2010-01-15 00:00:00,2010-01-19 00:00:00,2235,29488,2,131.145,GBP
2010-01-15 00:00:00,2010-01-19 00:00:00,2235,29650,1,65.5725,GBP
2010-01-15 00:00:00,2010-01-19 00:00:00,2235,32952,1,65.5725,USD
2010-01-15 00:00:00,2010-01-19 00:00:00,2235,33437,1,65.5725,USD
2010-01-15 00:00:00,2010-01-19 00:00:00,2235,33525,1,65.5725,USD
2010-01-15 00:00:00,2010-01-19 00:00:00,2235,34471,1,65.5725,GBP
2010-01-15 00:00:00,2010-01-19 00:00:00,2235,35184,1,65.5725,GBP
2010-01-15 00:00:00,2010-01-19 00:00:00,2235,35619,1,65.5725,GBP
2010-01-15 00:00:00,2010-01-19 00:00:00,2235,36532,1,65.5725,GBP
2010-01-15 00:00:00,2010-01-19 00:00:00,2235,39363,1,65.5725,GBP
2010-01-15 00:00:00,2010-01-19 00:00:00,2235,39366,1,65.5725,USD
2010-01-15 00:00:00,2010-01-19 00:00:00,2235,42717,1,65.5725,USD
2010-01-15 00:00:00,2010-01-19 00:00:00,2235,47404,1,65.5725,USD
2010-01-15 00:00:00,2010-01-19 00:00:00,2235,66085,1,65.5725,USD
2010-01-15 00:00:00,2010-01-19 00:00:00,2235,66554,2,131.145,USD
2010-01-15 00:00:00,2010-01-19 00:00:00,2235,67106,1,65.5725,GBP
2010-01-15 00:00:00,2010-01-19 00:00:00,2235,70068,1,65.5725,GBP
2010-01-15 00:00:00,2010-01-19 00:00:00,2235,70072,1,65.5725,GBP
2010-01-15 00:00:00,2010-01-19 00:00:00,2235,71291,1,65.5725,GBP
2010-01-15 00:00:00,2010-01-19 00:00:00,2235,71701,1,65.5725,USD
2010-01-15 00:00:00,2010-01-19 00:00:00,2235,73010,1,65.5725,GBP
2010-01-15 00:00:00,2010-01-19 00:00:00,2235,73052,1,65.5725,USD
2010-01-15 00:00:00,2010-01-19 00:00:00,2235,75070,1,65.5725,GBP
2010-01-15 00:00:00,2010-01-19 00:00:00,2235,75789,1,65.5725,GBP
2010-01-15 00:00:00,2010-01-19 00:00:00,2235,77068,1,65.5725,GBP
2010-01-15 00:00:00,2010-01-19 00:00:00,2235,78130,1,65.5725,GBP
2010-01-15 00:00:00,2010-01-19 00:00:00,2235,83338,1,65.5725,GBP
2010-01-15 00:00:00,2010-01-19 00:00:00,2235,83642,1,65.5725,USD
2010-01-15 00:00:00,2010-01-19 00:00:00,2235,83705,1,65.5725,GBP
2010-01-15 00:00:00,2010-01-19 00:00:00,2235,84117,1,65.5725,USD
2010-01-15 00:00:00,2010-01-19 00:00:00,2235,84119,1,65.5725,GBP
2010-01-15 00:00:00,2010-01-19 00:00:00,2235,88240,1,65.5725,GBP
2010-01-15 00:00:00,2010-01-19 00:00:00,2235,92590,1,65.5725,GBP
2010-01-15 00:00:00,2010-01-19 00:00:00,2235,92866,1,65.5725,USD
2010-01-15 00:00:00,2010-01-19 00:00:00,2235,93117,1,65.5725,USD
2010-01-15 00:00:00,2010-01-19 00:00:00,2235,93420,1,65.5725,USD
2010-01-15 00:00:00,2010-01-19 00:00:00,2235,93550,1,65.5725,GBP
2010-01-15 00:00:00,2010-01-19 00:00:00,2235,94087,1,65.5725,GBP
2010-01-15 00:00:00,2010-01-19 00:00:00,2235,94583,1,65.5725,GBP
2010-01-15 00:00:00,2010-01-19 00:00:00,2235,95020,1,65.5725,USD
2010-01-15 00:00:00,2010-01-19 00:00:00,2235,95035,1,65.5725,USD
2010-01-15 00:00:00,2010-01-19 00:00:00,2235,97306,1,65.5725,USD
2010-01-15 00:00:00,2010-01-19 00:00:00,2246,33028,1,131.1975,GBP
2010-01-15 00:00:00,2010-01-19 00:00:00,2246,71292,1,131.1975,GBP
2010-01-15 00:00:00,2010-01-19 00:00:00,2246,75007,1,131.1975,GBP
2010-01-15 00:00:00,2010-01-19 00:00:00,2246,76017,1,131.1975,GBP
2010-01-15 00:00:00,2010-01-19 00:00:00,2246,76092,1,131.1975,GBP
2010-01-15 00:00:00,2010-01-19 00:00:00,2246,85222,1,131.1975,USD
2010-01-15 00:00:00,2010-01-19 00:00:00,2254,01566,1,57.6975,GBP
2010-01-15 00:00:00,2010-01-19 00:00:00,2254,02539,1,57.6975,USD
2010-01-15 00:00:00,2010-01-19 00:00:00,2254,20879,2,115.395,GBP
2010-01-15 00:00:00,2010-01-19 00:00:00,2254,21214,1,70.8225,USD
2010-01-15 00:00:00,2010-01-19 00:00:00,2254,21737,1,57.6975,GBP
2010-01-15 00:00:00,2010-01-19 00:00:00,2254,21773,1,57.6975,GBP
2010-01-15 00:00:00,2010-01-19 00:00:00,2254,29635,1,57.6975,GBP
2010-01-15 00:00:00,2010-01-19 00:00:00,2254,29817,1,57.6975,GBP
2010-01-15 00:00:00,2010-01-19 00:00:00,2254,32025,2,115.395,USD
2010-01-15 00:00:00,2010-01-19 00:00:00,2254,32655,1,57.6975,GBP
2010-01-15 00:00:00,2010-01-19 00:00:00,2254,36017,1,57.6975,GBP
2010-01-15 00:00:00,2010-01-19 00:00:00,2254,36066,1,57.6975,GBP
2010-01-15 00:00:00,2010-01-19 00:00:00,2254,36346,1,57.6975,USD
2010-01-15 00:00:00,2010-01-19 00:00:00,2254,37042,1,57.6975,GBP
2010-01-15 00:00:00,2010-01-19 00:00:00,2254,37055,1,57.6975,GBP
2010-01-15 00:00:00,2010-01-19 00:00:00,2254,41502,1,57.6975,GBP
2010-01-15 00:00:00,2010-01-19 00:00:00,2254,46763,1,57.6975,USD
2010-01-15 00:00:00,2010-01-19 00:00:00,2254,47201,1,57.6975,GBP
2010-01-15 00:00:00,2010-01-19 00:00:00,2254,54915,1,57.6975,USD
2010-01-15 00:00:00,2010-01-19 00:00:00,2254,54937,1,57.6975,USD
2010-01-15 00:00:00,2010-01-19 00:00:00,2254,55318,1,57.6975,GBP
2010-01-15 00:00:00,2010-01-19 00:00:00,2254,55398,1,57.6975,USD
2010-01-15 00:00:00,2010-01-19 00:00:00,2254,66514,1,68.1975,USD
2010-01-15 00:00:00,2010-01-19 00:00:00,2254,68116,1,57.6975,USD
2010-01-15 00:00:00,2010-01-19 00:00:00,2254,70301,1,57.6975,USD
2010-01-15 00:00:00,2010-01-19 00:00:00,2254,71112,1,57.6975,GBP
2010-01-15 00:00:00,2010-01-19 00:00:00,2254,71202,1,57.6975,USD
2010-01-15 00:00:00,2010-01-19 00:00:00,2254,72016,2,141.645,USD
2010-01-15 00:00:00,2010-01-19 00:00:00,2254,73029,1,57.6975,GBP
2010-01-15 00:00:00,2010-01-19 00:00:00,2254,73055,1,68.1975,USD
2010-01-15 00:00:00,2010-01-19 00:00:00,2254,75644,2,141.645,GBP
2010-01-15 00:00:00,2010-01-19 00:00:00,2254,77355,2,115.395,USD
2010-01-15 00:00:00,2010-01-19 00:00:00,2254,78596,1,57.6975,GBP
2010-01-15 00:00:00,2010-01-19 00:00:00,2254,83651,1,57.6975,GBP
2010-01-15 00:00:00,2010-01-19 00:00:00,2254,84780,1,57.6975,GBP
2010-01-15 00:00:00,2010-01-19 00:00:00,2254,85028,1,57.6975,USD
2010-01-15 00:00:00,2010-01-19 00:00:00,2254,85203,1,57.6975,USD
2010-01-15 00:00:00,2010-01-19 00:00:00,2254,89012,1,57.6975,USD
2010-01-15 00:00:00,2010-01-19 00:00:00,2254,90023,1,57.6975,USD
2010-01-15 00:00:00,2010-01-19 00:00:00,2254,92399,1,57.6975,USD
2010-01-15 00:00:00,2010-01-19 00:00:00,2254,92646,2,115.395,USD
2010-01-15 00:00:00,2010-01-19 00:00:00,2254,92677,1,57.6975,USD
2010-01-15 00:00:00,2010-01-19 00:00:00,2254,93021,1,57.6975,USD
2010-01-15 00:00:00,2010-01-19 00:00:00,2254,93103,1,57.6975,GBP
2010-01-15 00:00:00,2010-01-19 00:00:00,2254,94590,1,57.6975,GBP
2010-01-15 00:00:00,2010-01-19 00:00:00,2254,94803,1,57.6975,USD
2010-01-15 00:00:00,2010-01-19 00:00:00,2254,95037,1,57.6975,USD
2010-01-15 00:00:00,2010-01-19 00:00:00,2254,95336,1,57.6975,GBP
2010-01-15 00:00:00,2010-01-19 00:00:00,2254,95969,1,57.6975,USD
2010-01-15 00:00:00,2010-01-19 00:00:00,2254,97267,1,57.6975,USD
2010-01-15 00:00:00,2010-01-19 00:00:00,2255,01566,1,57.6975,USD
2010-01-15 00:00:00,2010-01-19 00:00:00,2255,08854,1,57.6975,GBP
2010-01-15 00:00:00,2010-01-19 00:00:00,2255,19702,2,115.395,GBP
2010-01-15 00:00:00,2010-01-19 00:00:00,2255,20879,2,115.395,USD
2010-01-15 00:00:00,2010-01-19 00:00:00,2255,29651,2,115.395,USD
2010-01-15 00:00:00,2010-01-19 00:00:00,2255,29702,1,57.6975,GBP
2010-01-15 00:00:00,2010-01-19 00:00:00,2255,32025,2,115.395,GBP
2010-01-15 00:00:00,2010-01-19 00:00:00,2255,32127,1,57.6975,GBP
2010-01-15 00:00:00,2010-01-19 00:00:00,2255,32934,1,57.6975,GBP
2010-01-15 00:00:00,2010-01-19 00:00:00,2255,32968,1,57.6975,USD
2010-01-15 00:00:00,2010-01-19 00:00:00,2255,33860,1,57.6975,GBP
2010-01-15 00:00:00,2010-01-19 00:00:00,2255,34711,1,57.6975,GBP
2010-01-15 00:00:00,2010-01-19 00:00:00,2255,36017,1,57.6975,GBP
2010-01-15 00:00:00,2010-01-19 00:00:00,2255,36066,1,57.6975,GBP
2010-01-15 00:00:00,2010-01-19 00:00:00,2255,36117,1,57.6975,GBP
2010-01-15 00:00:00,2010-01-19 00:00:00,2255,37055,1,57.6975,USD
2010-01-15 00:00:00,2010-01-19 00:00:00,2255,37216,1,57.6975,GBP
2010-01-15 00:00:00,2010-01-19 00:00:00,2255,46012,1,57.6975,USD
2010-01-15 00:00:00,2010-01-19 00:00:00,2255,50158,1,57.6975,GBP
2010-01-15 00:00:00,2010-01-19 00:00:00,2255,55318,1,57.6975,USD
2010-01-15 00:00:00,2010-01-19 00:00:00,2255,55947,1,57.6975,USD
2010-01-15 00:00:00,2010-01-19 00:00:00,2255,63822,1,57.6975,USD
2010-01-15 00:00:00,2010-01-19 00:00:00,2255,68116,1,57.6975,GBP
2010-01-15 00:00:00,2010-01-19 00:00:00,2255,69360,1,57.6975,USD
2010-01-15 00:00:00,2010-01-19 00:00:00,2255,70512,1,57.6975,GBP
2010-01-15 00:00:00,2010-01-19 00:00:00,2255,71602,1,57.6975,USD
2010-01-15 00:00:00,2010-01-19 00:00:00,2255,72016,2,141.645,GBP
2010-01-15 00:00:00,2010-01-19 00:00:00,2255,72046,1,57.6975,GBP
2010-01-15 00:00:00,2010-01-19 00:00:00,2255,75644,2,141.645,GBP
2010-01-15 00:00:00,2010-01-19 00:00:00,2255,77346,1,57.6975,USD
2010-01-15 00:00:00,2010-01-19 00:00:00,2255,77478,1,57.6975,GBP
2010-01-15 00:00:00,2010-01-19 00:00:00,2255,78154,1,57.6975,GBP
2010-01-15 00:00:00,2010-01-19 00:00:00,2255,83713,1,57.6975,GBP
2010-01-15 00:00:00,2010-01-19 00:00:00,2255,83815,1,57.6975,GBP
2010-01-15 00:00:00,2010-01-19 00:00:00,2255,84501,1,57.6975,USD
2010-01-15 00:00:00,2010-01-19 00:00:00,2255,85234,1,57.6975,GBP
2010-01-15 00:00:00,2010-01-19 00:00:00,2255,85307,1,57.6975,USD
2010-01-15 00:00:00,2010-01-19 00:00:00,2255,86406,1,57.6975,USD
2010-01-15 00:00:00,2010-01-19 00:00:00,2255,88220,1,70.8225,GBP
2010-01-15 00:00:00,2010-01-19 00:00:00,2255,89012,1,57.6975,GBP
2010-01-15 00:00:00,2010-01-19 00:00:00,2255,89015,1,57.6975,GBP
2010-01-15 00:00:00,2010-01-19 00:00:00,2255,90278,1,57.6975,GBP
2010-01-15 00:00:00,2010-01-19 00:00:00,2255,91361,1,57.6975,USD
2010-01-15 00:00:00,2010-01-19 00:00:00,2255,92377,1,57.6975,USD
2010-01-15 00:00:00,2010-01-19 00:00:00,2255,92658,2,115.395,GBP
2010-01-15 00:00:00,2010-01-19 00:00:00,2255,92677,1,57.6975,USD
2010-01-15 00:00:00,2010-01-19 00:00:00,2255,93030,1,57.6975,GBP
2010-01-15 00:00:00,2010-01-19 00:00:00,2255,93313,1,57.6975,GBP
2010-01-15 00:00:00,2010-01-19 00:00:00,2255,95020,1,57.6975,USD
2010-01-15 00:00:00,2010-01-19 00:00:00,2255,95124,1,57.6975,GBP
2010-01-15 00:00:00,2010-01-19 00:00:00,2255,95336,1,57.6975,USD
2010-01-15 00:00:00,2010-01-19 00:00:00,2268,75093,1,309.6975,GBP
2010-01-15 00:00:00,2010-01-19 00:00:00,2277,01013,1,251.9475,USD
2010-01-15 00:00:00,2010-01-19 00:00:00,2277,07047,1,251.9475,USD
2010-01-15 00:00:00,2010-01-19 00:00:00,2277,07657,1,251.9475,USD
2010-01-15 00:00:00,2010-01-19 00:00:00,2277,08069,1,251.9475,GBP
2010-01-15 00:00:00,2010-01-19 00:00:00,2277,08098,1,251.9475,GBP
2010-01-15 00:00:00,2010-01-19 00:00:00,2277,20723,1,251.9475,GBP
2010-01-15 00:00:00,2010-01-19 00:00:00,2277,21782,1,251.9475,GBP
2010-01-15 00:00:00,2010-01-19 00:00:00,2277,29936,2,503.895,USD
2010-01-15 00:00:00,2010-01-19 00:00:00,2277,32656,1,251.9475,GBP
2010-01-15 00:00:00,2010-01-19 00:00:00,2277,33410,1,251.9475,USD
2010-01-15 00:00:00,2010-01-19 00:00:00,2277,33549,1,251.9475,GBP
2010-01-15 00:00:00,2010-01-19 00:00:00,2277,33956,1,251.9475,GBP
2010-01-15 00:00:00,2010-01-19 00:00:00,2277,34429,1,251.9475,USD
2010-01-15 00:00:00,2010-01-19 00:00:00,2277,34683,1,251.9475,GBP
2010-01-15 00:00:00,2010-01-19 00:00:00,2277,53149,1,251.9475,USD
2010-01-15 00:00:00,2010-01-19 00:00:00,2277,56567,1,251.9475,USD
2010-01-15 00:00:00,2010-01-19 00:00:00,2277,63033,1,251.9475,USD
2010-01-15 00:00:00,2010-01-19 00:00:00,2277,63764,1,251.9475,GBP
2010-01-15 00:00:00,2010-01-19 00:00:00,2277,67546,1,251.9475,GBP
2010-01-15 00:00:00,2010-01-19 00:00:00,2277,70068,1,251.9475,GBP
2010-01-15 00:00:00,2010-01-19 00:00:00,2277,72903,1,251.9475,USD
2010-01-15 00:00:00,2010-01-19 00:00:00,2277,75020,1,251.9475,GBP
2010-01-15 00:00:00,2010-01-19 00:00:00,2277,75150,1,251.9475,USD
2010-01-15 00:00:00,2010-01-19 00:00:00,2277,75243,1,251.9475,USD
2010-01-15 00:00:00,2010-01-19 00:00:00,2277,77336,1,251.9475,GBP
2010-01-15 00:00:00,2010-01-19 00:00:00,2277,77375,1,251.9475,GBP
2010-01-15 00:00:00,2010-01-19 00:00:00,2277,84065,1,251.9475,GBP
2010-01-15 00:00:00,2010-01-19 00:00:00,2277,87047,1,251.9475,GBP
2010-01-15 00:00:00,2010-01-19 00:00:00,2277,87523,1,251.9475,GBP
2010-01-15 00:00:00,2010-01-19 00:00:00,2277,90066,1,251.9475,GBP
2010-01-15 00:00:00,2010-01-19 00:00:00,2277,90680,1,251.9475,USD
2010-01-15 00:00:00,2010-01-19 00:00:00,2277,91350,2,503.895,GBP
2010-01-15 00:00:00,2010-01-19 00:00:00,2277,92065,3,755.8425,GBP
2010-01-15 00:00:00,2010-01-19 00:00:00,2277,92109,1,251.9475,GBP
2010-01-15 00:00:00,2010-01-19 00:00:00,2277,92562,1,251.9475,GBP
2010-01-15 00:00:00,2010-01-19 00:00:00,2277,92705,1,251.9475,USD
2010-01-15 00:00:00,2010-01-19 00:00:00,2277,93703,2,503.895,USD
2010-01-15 00:00:00,2010-01-19 00:00:00,2277,94583,2,503.895,GBP
2010-01-15 00:00:00,2010-01-19 00:00:00,2277,94949,1,251.9475,GBP
2010-01-15 00:00:00,2010-01-19 00:00:00,2277,95076,2,503.895,USD
2010-01-15 00:00:00,2010-01-19 00:00:00,2277,95316,1,251.9475,GBP
2010-01-15 00:00:00,2010-01-19 00:00:00,2277,95560,1,251.9475,GBP
2010-01-15 00:00:00,2010-01-19 00:00:00,2279,01545,1,165.3225,USD
2010-01-15 00:00:00,2010-01-19 00:00:00,2279,21120,1,165.3225,GBP
2010-01-15 00:00:00,2010-01-19 00:00:00,2279,34476,1,165.3225,GBP
2010-01-15 00:00:00,2010-01-19 00:00:00,2279,39475,1,165.3225,GBP
2010-01-15 00:00:00,2010-01-19 00:00:00,2279,47232,1,165.3225,GBP
2010-01-15 00:00:00,2010-01-19 00:00:00,2279,76574,1,165.3225,USD
2010-01-15 00:00:00,2010-01-19 00:00:00,2279,83848,1,165.3225,GBP
2010-01-15 00:00:00,2010-01-19 00:00:00,2279,92567,2,330.645,USD
2010-01-15 00:00:00,2010-01-19 00:00:00,2279,92586,1,165.3225,GBP
2010-01-15 00:00:00,2010-01-19 00:00:00,2279,93534,1,165.3225,GBP
2010-01-15 00:00:00,2010-01-19 00:00:00,2282,02891,1,304.4475,USD
2010-01-15 00:00:00,2010-01-19 00:00:00,2282,07438,1,304.4475,GBP
2010-01-15 00:00:00,2010-01-19 00:00:00,2282,08016,1,304.4475,GBP
2010-01-15 00:00:00,2010-01-19 00:00:00,2282,21757,1,304.4475,GBP
2010-01-15 00:00:00,2010-01-19 00:00:00,2282,35242,1,304.4475,GBP
2010-01-15 00:00:00,2010-01-19 00:00:00,2282,37122,1,304.4475,GBP
2010-01-15 00:00:00,2010-01-19 00:00:00,2282,39090,1,304.4475,GBP
2010-01-15 00:00:00,2010-01-19 00:00:00,2282,51103,1,304.4475,GBP
2010-01-15 00:00:00,2010-01-19 00:00:00,2282,53121,1,304.4475,GBP
2010-01-15 00:00:00,2010-01-19 00:00:00,2282,53121,1,304.4475,USD
2010-01-15 00:00:00,2010-01-19 00:00:00,2282,55020,1,304.4475,GBP
2010-01-15 00:00:00,2010-01-19 00:00:00,2282,55387,1,304.4475,USD
2010-01-15 00:00:00,2010-01-19 00:00:00,2282,64138,1,304.4475,GBP
2010-01-15 00:00:00,2010-01-19 00:00:00,2282,65473,1,304.4475,GBP
2010-01-15 00:00:00,2010-01-19 00:00:00,2282,76567,1,304.4475,USD
2010-01-15 00:00:00,2010-01-19 00:00:00,2282,77084,1,304.4475,GBP
2010-01-15 00:00:00,2010-01-19 00:00:00,2282,77531,1,304.4475,GBP
2010-01-15 00:00:00,2010-01-19 00:00:00,2282,83638,1,304.4475,GBP
2010-01-15 00:00:00,2010-01-19 00:00:00,2282,84036,2,608.895,USD
2010-01-15 00:00:00,2010-01-19 00:00:00,2282,84107,1,304.4475,GBP
2010-01-15 00:00:00,2010-01-19 00:00:00,2282,85040,1,304.4475,GBP
2010-01-15 00:00:00,2010-01-19 00:00:00,2282,85203,1,304.4475,USD
2010-01-15 00:00:00,2010-01-19 00:00:00,2282,85254,2,608.895,USD
2010-01-15 00:00:00,2010-01-19 00:00:00,2282,85382,1,304.4475,GBP
2010-01-15 00:00:00,2010-01-19 00:00:00,2282,85711,1,304.4475,GBP
2010-01-15 00:00:00,2010-01-19 00:00:00,2282,89005,1,304.4475,GBP
2010-01-15 00:00:00,2010-01-19 00:00:00,2282,89014,1,304.4475,GBP
2010-01-15 00:00:00,2010-01-19 00:00:00,2282,89031,1,304.4475,USD
2010-01-15 00:00:00,2010-01-19 00:00:00,2282,89113,1,304.4475,GBP
2010-01-15 00:00:00,2010-01-19 00:00:00,2282,90501,1,304.4475,GBP
2010-01-15 00:00:00,2010-01-19 00:00:00,2282,91350,1,304.4475,GBP
2010-01-15 00:00:00,2010-01-19 00:00:00,2282,91801,1,304.4475,USD
2010-01-15 00:00:00,2010-01-19 00:00:00,2282,92109,4,1217.79,USD
2010-01-15 00:00:00,2010-01-19 00:00:00,2282,92392,1,304.4475,GBP
2010-01-15 00:00:00,2010-01-19 00:00:00,2282,92507,1,304.4475,GBP
2010-01-15 00:00:00,2010-01-19 00:00:00,2282,92562,1,304.4475,GBP
2010-01-15 00:00:00,2010-01-19 00:00:00,2282,92707,1,304.4475,GBP
2010-01-15 00:00:00,2010-01-19 00:00:00,2282,92782,1,304.4475,GBP
2010-01-15 00:00:00,2010-01-19 00:00:00,2282,92831,1,304.4475,GBP
2010-01-15 00:00:00,2010-01-19 00:00:00,2282,92886,2,608.895,USD
2010-01-15 00:00:00,2010-01-19 00:00:00,2282,93060,1,304.4475,GBP
2010-01-15 00:00:00,2010-01-19 00:00:00,2282,93465,2,608.895,USD
2010-01-15 00:00:00,2010-01-19 00:00:00,2282,93560,1,304.4475,GBP
2010-01-15 00:00:00,2010-01-19 00:00:00,2282,94040,1,304.4475,USD
2010-01-15 00:00:00,2010-01-19 00:00:00,2282,94086,1,304.4475,GBP
2010-01-15 00:00:00,2010-01-19 00:00:00,2282,95010,1,304.4475,GBP
2010-01-15 00:00:00,2010-01-19 00:00:00,2282,95204,1,304.4475,GBP
2010-01-15 00:00:00,2010-01-19 00:00:00,2282,95380,1,304.4475,GBP
2010-01-15 00:00:00,2010-01-19 00:00:00,2282,95521,1,304.4475,USD
2010-01-15 00:00:00,2010-01-19 00:00:00,2282,95765,1,304.4475,USD
2010-01-15 00:00:00,2010-01-19 00:00:00,2282,95829,1,304.4475,USD
2010-01-15 00:00:00,2010-01-19 00:00:00,2282,95926,1,304.4475,USD
2010-01-15 00:00:00,2010-01-19 00:00:00,2282,95963,1,304.4475,USD
2010-01-15 00:00:00,2010-01-19 00:00:00,2282,97140,1,304.4475,GBP
2010-01-15 00:00:00,2010-01-19 00:00:00,2282,97756,1,304.4475,GBP
2010-01-15 00:00:00,2010-01-19 00:00:00,2282,99615,1,304.4475,GBP
2010-01-15 00:00:00,2010-01-19 00:00:00,2284,02724,1,293.9475,USD
2010-01-15 00:00:00,2010-01-19 00:00:00,2284,06401,1,293.9475,USD
2010-01-15 00:00:00,2010-01-19 00:00:00,2284,06489,1,293.9475,USD
2010-01-15 00:00:00,2010-01-19 00:00:00,2284,07410,1,293.9475,USD
2010-01-15 00:00:00,2010-01-19 00:00:00,2284,08012,1,293.9475,USD
2010-01-15 00:00:00,2010-01-19 00:00:00,2284,32818,1,293.9475,USD
2010-01-15 00:00:00,2010-01-19 00:00:00,2284,39426,1,293.9475,USD
2010-01-15 00:00:00,2010-01-19 00:00:00,2284,40517,1,293.9475,GBP
2010-01-15 00:00:00,2010-01-19 00:00:00,2284,50321,1,293.9475,GBP
2010-01-15 00:00:00,2010-01-19 00:00:00,2284,50321,1,293.9475,USD
2010-01-15 00:00:00,2010-01-19 00:00:00,2284,53566,1,293.9475,USD
2010-01-15 00:00:00,2010-01-19 00:00:00,2284,55005,1,293.9475,USD
2010-01-15 00:00:00,2010-01-19 00:00:00,2284,59404,1,293.9475,GBP
2010-01-15 00:00:00,2010-01-19 00:00:00,2284,70130,1,293.9475,USD
2010-01-15 00:00:00,2010-01-19 00:00:00,2284,72223,1,293.9475,GBP
2010-01-15 00:00:00,2010-01-19 00:00:00,2284,72653,2,587.895,GBP
2010-01-15 00:00:00,2010-01-19 00:00:00,2284,76051,1,293.9475,USD
2010-01-15 00:00:00,2010-01-19 00:00:00,2284,83251,1,293.9475,GBP
2010-01-15 00:00:00,2010-01-19 00:00:00,2284,83815,1,293.9475,GBP
2010-01-15 00:00:00,2010-01-19 00:00:00,2284,84088,2,587.895,USD
2010-01-15 00:00:00,2010-01-19 00:00:00,2284,84405,1,293.9475,GBP
2010-01-15 00:00:00,2010-01-19 00:00:00,2284,84501,3,881.8425,USD
2010-01-15 00:00:00,2010-01-19 00:00:00,2284,85022,1,293.9475,USD
2010-01-15 00:00:00,2010-01-19 00:00:00,2284,89101,2,587.895,GBP
2010-01-15 00:00:00,2010-01-19 00:00:00,2284,90703,1,293.9475,GBP
2010-01-15 00:00:00,2010-01-19 00:00:00,2284,90740,1,293.9475,USD
2010-01-15 00:00:00,2010-01-19 00:00:00,2284,91214,1,293.9475,USD
2010-01-15 00:00:00,2010-01-19 00:00:00,2284,91701,1,293.9475,USD
2010-01-15 00:00:00,2010-01-19 00:00:00,2284,91791,1,293.9475,USD
2010-01-15 00:00:00,2010-01-19 00:00:00,2284,91901,1,293.9475,USD
2010-01-15 00:00:00,2010-01-19 00:00:00,2284,91902,1,293.9475,USD
2010-01-15 00:00:00,2010-01-19 00:00:00,2284,92009,3,881.8425,USD
2010-01-15 00:00:00,2010-01-19 00:00:00,2284,92307,1,293.9475,USD
2010-01-15 00:00:00,2010-01-19 00:00:00,2284,92345,4,1175.79,GBP
2010-01-15 00:00:00,2010-01-19 00:00:00,2284,92506,1,293.9475,GBP
2010-01-15 00:00:00,2010-01-19 00:00:00,2284,92548,1,293.9475,USD
2010-01-15 00:00:00,2010-01-19 00:00:00,2284,92557,1,293.9475,GBP
2010-01-15 00:00:00,2010-01-19 00:00:00,2284,93268,1,293.9475,USD
2010-01-15 00:00:00,2010-01-19 00:00:00,2284,94533,1,293.9475,USD
2010-01-15 00:00:00,2010-01-19 00:00:00,2284,94595,1,293.9475,USD
2010-01-15 00:00:00,2010-01-19 00:00:00,2284,95018,1,293.9475,USD
2010-01-15 00:00:00,2010-01-19 00:00:00,2284,95688,1,293.9475,USD
2010-01-15 00:00:00,2010-01-19 00:00:00,2284,96021,1,293.9475,GBP
2010-01-15 00:00:00,2010-01-19 00:00:00,2287,33125,1,839.9475,GBP
2010-01-15 00:00:00,2010-01-19 00:00:00,2287,65810,1,839.9475,GBP
2010-01-15 00:00:00,2010-01-19 00:00:00,2287,73401,1,839.9475,GBP
2010-01-15 00:00:00,2010-01-19 00:00:00,2287,92708,1,839.9475,GBP
2010-01-15 00:00:00,2010-01-19 00:00:00,2331,20747,1,535.4475,USD
2010-01-15 00:00:00,2010-01-19 00:00:00,2331,21797,1,535.4475,USD
2010-01-15 00:00:00,2010-01-19 00:00:00,2331,32054,1,535.4475,GBP
2010-01-15 00:00:00,2010-01-19 00:00:00,2331,32210,1,535.4475,GBP
2010-01-15 00:00:00,2010-01-19 00:00:00,2331,32259,1,535.4475,USD
2010-01-15 00:00:00,2010-01-19 00:00:00,2331,33304,1,535.4475,GBP
2010-01-15 00:00:00,2010-01-19 00:00:00,2331,33511,1,535.4475,USD
2010-01-15 00:00:00,2010-01-19 00:00:00,2331,35160,1,535.4475,USD
2010-01-15 00:00:00,2010-01-19 00:00:00,2331,37421,1,535.4475,USD
2010-01-15 00:00:00,2010-01-19 00:00:00,2331,55343,1,535.4475,GBP
2010-01-15 00:00:00,2010-01-19 00:00:00,2331,75503,1,535.4475,USD
2010-01-15 00:00:00,2010-01-19 00:00:00,2331,76006,1,535.4475,GBP
2010-01-15 00:00:00,2010-01-19 00:00:00,2331,77571,2,1070.895,GBP
2010-01-15 00:00:00,2010-01-19 00:00:00,2331,85225,1,535.4475,USD
2010-01-15 00:00:00,2010-01-19 00:00:00,2331,89109,1,535.4475,GBP
2010-01-15 00:00:00,2010-01-19 00:00:00,2331,92025,1,535.4475,USD
2010-01-15 00:00:00,2010-01-19 00:00:00,2351,33155,1,314.9475,USD
2010-01-15 00:00:00,2010-01-19 00:00:00,2351,33913,1,314.9475,USD
2010-01-15 00:00:00,2010-01-19 00:00:00,2351,37130,1,314.9475,GBP
2010-01-15 00:00:00,2010-01-19 00:00:00,2351,93033,1,314.9475,USD
2010-01-15 00:00:00,2010-01-19 00:00:00,2352,07111,1,388.4475,USD
2010-01-15 00:00:00,2010-01-19 00:00:00,2352,75605,1,388.4475,GBP
2010-01-15 00:00:00,2010-01-19 00:00:00,2352,89015,1,367.4475,GBP
2010-01-15 00:00:00,2010-01-19 00:00:00,2352,91977,1,388.4475,GBP
2010-01-15 00:00:00,2010-01-19 00:00:00,2352,92660,1,388.4475,GBP
2010-01-15 00:00:00,2010-01-19 00:00:00,2370,55033,1,719.1975,USD
2010-01-15 00:00:00,2010-01-19 00:00:00,2370,73069,1,732.3225,GBP
2010-01-15 00:00:00,2010-01-19 00:00:00,2371,21221,1,551.1975,GBP
2010-01-15 00:00:00,2010-01-19 00:00:00,2372,38655,1,398.9475,USD
2010-01-15 00:00:00,2010-01-19 00:00:00,2372,91932,1,425.1975,GBP
2010-01-15 00:00:00,2010-01-19 00:00:00,2372,92107,1,409.4475,GBP
2010-01-15 00:00:00,2010-01-19 00:00:00,2372,92865,1,404.1975,GBP
2010-01-15 00:00:00,2010-01-19 00:00:00,2373,32130,1,2204.79,GBP
2010-01-15 00:00:00,2010-01-19 00:00:00,2373,32130,1,2755.9875,USD
2010-01-15 00:00:00,2010-01-19 00:00:00,2373,36561,1,551.1975,GBP
2010-01-15 00:00:00,2010-01-19 00:00:00,2373,64801,1,551.1975,USD
2010-01-15 00:00:00,2010-01-19 00:00:00,2373,75002,1,551.1975,GBP
2010-01-15 00:00:00,2010-01-19 00:00:00,2373,76053,1,551.1975,USD
2010-01-15 00:00:00,2010-01-19 00:00:00,2373,76106,1,551.1975,USD
2010-01-15 00:00:00,2010-01-19 00:00:00,2373,78115,1,551.1975,GBP
2010-01-15 00:00:00,2010-01-19 00:00:00,2373,85259,1,551.1975,USD
2010-01-15 00:00:00,2010-01-19 00:00:00,2373,85308,1,551.1975,GBP
2010-01-15 00:00:00,2010-01-19 00:00:00,2373,92310,1,551.1975,USD
2010-01-15 00:00:00,2010-01-19 00:00:00,2373,92833,1,551.1975,GBP
2010-01-15 00:00:00,2010-01-19 00:00:00,2373,95008,1,551.1975,USD
2010-01-15 00:00:00,2010-01-19 00:00:00,2379,78577,1,173.1975,GBP
2010-01-15 00:00:00,2010-01-19 00:00:00,2380,08318,1,293.9475,GBP
2010-01-15 00:00:00,2010-01-19 00:00:00,2380,65536,1,293.9475,GBP
2010-01-15 00:00:00,2010-01-19 00:00:00,2380,76544,1,309.6975,USD
2010-01-15 00:00:00,2010-01-19 00:00:00,2380,77044,1,309.6975,USD
2010-01-15 00:00:00,2010-01-19 00:00:00,2388,02771,1,309.6975,USD
2010-01-15 00:00:00,2010-01-19 00:00:00,2388,08053,1,309.6975,GBP
2010-01-15 00:00:00,2010-01-19 00:00:00,2388,33024,1,309.6975,USD
2010-01-15 00:00:00,2010-01-19 00:00:00,2388,33873,1,309.6975,GBP
2010-01-15 00:00:00,2010-01-19 00:00:00,2388,34243,1,309.6975,GBP
2010-01-15 00:00:00,2010-01-19 00:00:00,2388,38457,1,309.6975,GBP
2010-01-15 00:00:00,2010-01-19 00:00:00,2388,39701,1,309.6975,USD
2010-01-15 00:00:00,2010-01-19 00:00:00,2388,39702,1,309.6975,GBP
2010-01-15 00:00:00,2010-01-19 00:00:00,2388,71901,1,309.6975,USD
2010-01-15 00:00:00,2010-01-19 00:00:00,2388,85340,1,309.6975,USD
2010-01-15 00:00:00,2010-01-19 00:00:00,2388,90808,1,309.6975,GBP
2010-01-15 00:00:00,2010-01-19 00:00:00,2388,97362,1,309.6975,USD
2010-01-15 00:00:00,2010-01-19 00:00:00,2406,33040,3,267.5925,GBP
2010-01-15 00:00:00,2010-01-19 00:00:00,2406,33064,1,89.1975,GBP
2010-01-15 00:00:00,2010-01-19 00:00:00,2406,33314,1,89.1975,USD
2010-01-15 00:00:00,2010-01-19 00:00:00,2406,33496,2,178.395,USD
2010-01-15 00:00:00,2010-01-19 00:00:00,2406,95116,1,89.1975,GBP
2010-01-15 00:00:00,2010-01-19 00:00:00,2407,46218,2,146.895,GBP
2010-01-15 00:00:00,2010-01-19 00:00:00,2407,72904,1,73.4475,USD
2010-01-15 00:00:00,2010-01-19 00:00:00,2410,33603,1,99.6975,USD
2010-01-15 00:00:00,2010-01-20 00:00:00,25,85711,1,792.75,USD
2010-01-15 00:00:00,2010-01-20 00:00:00,25,86406,1,792.75,GBP
2010-01-15 00:00:00,2010-01-20 00:00:00,32,94114,1,711.375,GBP
2010-01-15 00:00:00,2010-01-20 00:00:00,36,02554,1,414.75,GBP
2010-01-15 00:00:00,2010-01-20 00:00:00,36,32404,1,414.75,USD
2010-01-15 00:00:00,2010-01-20 00:00:00,94,77459,1,866.25,GBP
2010-01-15 00:00:00,2010-01-20 00:00:00,94,91306,1,866.25,GBP
2010-01-15 00:00:00,2010-01-20 00:00:00,120,36582,1,829.5,GBP
2010-01-15 00:00:00,2010-01-20 00:00:00,120,53527,1,829.5,GBP
2010-01-15 00:00:00,2010-01-20 00:00:00,120,73170,1,829.5,USD
2010-01-15 00:00:00,2010-01-20 00:00:00,120,78023,1,829.5,USD
2010-01-15 00:00:00,2010-01-20 00:00:00,120,95404,1,805.875,GBP
2010-01-15 00:00:00,2010-01-20 00:00:00,139,70815,1,546,GBP
2010-01-15 00:00:00,2010-01-20 00:00:00,158,90265,1,656.25,USD
2010-01-15 00:00:00,2010-01-20 00:00:00,184,32607,1,729.75,USD
2010-01-15 00:00:00,2010-01-20 00:00:00,187,01568,1,819,GBP
2010-01-15 00:00:00,2010-01-20 00:00:00,187,65613,1,819,GBP
2010-01-15 00:00:00,2010-01-20 00:00:00,187,78733,1,819,USD
2010-01-15 00:00:00,2010-01-20 00:00:00,187,93950,1,819,USD
2010-01-15 00:00:00,2010-01-20 00:00:00,187,94506,1,819,GBP
2010-01-15 00:00:00,2010-01-20 00:00:00,193,20715,1,681.975,USD
2010-01-15 00:00:00,2010-01-20 00:00:00,195,75075,1,750.225,USD
2010-01-15 00:00:00,2010-01-20 00:00:00,234,07666,1,403.9875,USD
2010-01-15 00:00:00,2010-01-20 00:00:00,234,77084,1,403.9875,USD
2010-01-15 00:00:00,2010-01-20 00:00:00,234,92021,1,393.4875,GBP
2010-01-15 00:00:00,2010-01-20 00:00:00,247,94609,1,367.2375,USD
2010-01-15 00:00:00,2010-01-20 00:00:00,297,07083,1,708.4875,GBP
2010-01-15 00:00:00,2010-01-20 00:00:00,320,02301,1,1364.7375,GBP
2010-01-15 00:00:00,2010-01-20 00:00:00,320,76117,1,1364.7375,USD
2010-01-15 00:00:00,2010-01-20 00:00:00,320,93906,1,1364.7375,USD
2010-01-15 00:00:00,2010-01-20 00:00:00,320,94087,2,2729.475,GBP
2010-01-15 00:00:00,2010-01-20 00:00:00,326,91040,1,708.4875,GBP
2010-01-15 00:00:00,2010-01-20 00:00:00,330,65810,1,577.2375,USD
2010-01-15 00:00:00,2010-01-20 00:00:00,370,46038,1,540.4875,GBP
2010-01-15 00:00:00,2010-01-20 00:00:00,370,94301,1,540.4875,GBP
2010-01-15 00:00:00,2010-01-20 00:00:00,370,94517,1,540.4875,USD
2010-01-15 00:00:00,2010-01-20 00:00:00,396,01109,1,857.0625,GBP
2010-01-15 00:00:00,2010-01-20 00:00:00,396,06248,1,857.0625,GBP
2010-01-15 00:00:00,2010-01-20 00:00:00,396,07760,1,857.0625,GBP
2010-01-15 00:00:00,2010-01-20 00:00:00,396,08075,1,857.0625,USD
2010-01-15 00:00:00,2010-01-20 00:00:00,396,08204,1,857.0625,USD
2010-01-15 00:00:00,2010-01-20 00:00:00,396,19807,1,857.0625,USD
2010-01-15 00:00:00,2010-01-20 00:00:00,396,21157,1,857.0625,USD
2010-01-15 00:00:00,2010-01-20 00:00:00,396,29575,1,857.0625,GBP
2010-01-15 00:00:00,2010-01-20 00:00:00,396,29645,1,857.0625,USD
2010-01-15 00:00:00,2010-01-20 00:00:00,396,32765,1,857.0625,GBP
2010-01-15 00:00:00,2010-01-20 00:00:00,396,32952,1,857.0625,USD
2010-01-15 00:00:00,2010-01-20 00:00:00,396,33409,1,857.0625,GBP
2010-01-15 00:00:00,2010-01-20 00:00:00,396,34667,1,857.0625,USD
2010-01-15 00:00:00,2010-01-20 00:00:00,396,37876,1,857.0625,GBP
2010-01-15 00:00:00,2010-01-20 00:00:00,396,42001,1,857.0625,GBP
2010-01-15 00:00:00,2010-01-20 00:00:00,396,42717,1,857.0625,USD
2010-01-15 00:00:00,2010-01-20 00:00:00,396,46184,1,857.0625,GBP
2010-01-15 00:00:00,2010-01-20 00:00:00,396,46208,1,857.0625,GBP
2010-01-15 00:00:00,2010-01-20 00:00:00,396,46311,1,857.0625,GBP
2010-01-15 00:00:00,2010-01-20 00:00:00,396,52228,1,857.0625,USD
2010-01-15 00:00:00,2010-01-20 00:00:00,396,53095,2,1714.125,USD
2010-01-15 00:00:00,2010-01-20 00:00:00,396,53177,1,857.0625,GBP
2010-01-15 00:00:00,2010-01-20 00:00:00,396,53177,1,857.0625,USD
2010-01-15 00:00:00,2010-01-20 00:00:00,396,53538,1,857.0625,GBP
2010-01-15 00:00:00,2010-01-20 00:00:00,396,54724,1,857.0625,GBP
2010-01-15 00:00:00,2010-01-20 00:00:00,396,56744,1,857.0625,GBP
2010-01-15 00:00:00,2010-01-20 00:00:00,396,59102,1,857.0625,USD
2010-01-15 00:00:00,2010-01-20 00:00:00,396,67448,1,857.0625,GBP
2010-01-15 00:00:00,2010-01-20 00:00:00,396,68367,1,857.0625,GBP
2010-01-15 00:00:00,2010-01-20 00:00:00,396,74012,1,857.0625,USD
2010-01-15 00:00:00,2010-01-20 00:00:00,396,74884,1,857.0625,USD
2010-01-15 00:00:00,2010-01-20 00:00:00,396,75601,1,857.0625,USD
2010-01-15 00:00:00,2010-01-20 00:00:00,396,76092,1,857.0625,USD
2010-01-15 00:00:00,2010-01-20 00:00:00,396,77099,1,857.0625,GBP
2010-01-15 00:00:00,2010-01-20 00:00:00,396,79415,1,857.0625,USD
2010-01-15 00:00:00,2010-01-20 00:00:00,396,84108,1,857.0625,GBP
2010-01-15 00:00:00,2010-01-20 00:00:00,396,85022,1,857.0625,USD
2010-01-15 00:00:00,2010-01-20 00:00:00,396,85331,1,857.0625,USD
2010-01-15 00:00:00,2010-01-20 00:00:00,396,88337,1,857.0625,GBP
2010-01-15 00:00:00,2010-01-20 00:00:00,396,90290,1,857.0625,GBP
2010-01-15 00:00:00,2010-01-20 00:00:00,396,91042,1,857.0625,GBP
2010-01-15 00:00:00,2010-01-20 00:00:00,396,91306,1,857.0625,USD
2010-01-15 00:00:00,2010-01-20 00:00:00,396,91505,1,857.0625,GBP
2010-01-15 00:00:00,2010-01-20 00:00:00,396,91604,1,857.0625,USD
2010-01-15 00:00:00,2010-01-20 00:00:00,396,91775,1,857.0625,GBP
2010-01-15 00:00:00,2010-01-20 00:00:00,396,92373,1,857.0625,USD
2010-01-15 00:00:00,2010-01-20 00:00:00,396,92612,1,857.0625,USD
2010-01-15 00:00:00,2010-01-20 00:00:00,396,93003,3,2571.1875,GBP
2010-01-15 00:00:00,2010-01-20 00:00:00,396,93015,1,857.0625,GBP
2010-01-15 00:00:00,2010-01-20 00:00:00,396,93021,1,857.0625,GBP
2010-01-15 00:00:00,2010-01-20 00:00:00,396,93065,1,857.0625,GBP
2010-01-15 00:00:00,2010-01-20 00:00:00,396,93555,1,857.0625,GBP
2010-01-15 00:00:00,2010-01-20 00:00:00,396,94585,1,857.0625,USD
2010-01-15 00:00:00,2010-01-20 00:00:00,396,95005,1,857.0625,GBP
2010-01-15 00:00:00,2010-01-20 00:00:00,396,95061,1,857.0625,USD
2010-01-15 00:00:00,2010-01-20 00:00:00,396,95117,1,857.0625,USD
2010-01-15 00:00:00,2010-01-20 00:00:00,396,95640,1,857.0625,GBP
2010-01-15 00:00:00,2010-01-20 00:00:00,396,95682,1,857.0625,USD
2010-01-15 00:00:00,2010-01-20 00:00:00,396,95973,1,857.0625,GBP
2010-01-15 00:00:00,2010-01-20 00:00:00,396,95988,1,857.0625,USD
2010-01-15 00:00:00,2010-01-20 00:00:00,396,97301,1,857.0625,GBP
2010-01-15 00:00:00,2010-01-20 00:00:00,400,32953,1,683.8125,USD
2010-01-15 00:00:00,2010-01-20 00:00:00,400,33713,1,683.8125,USD
2010-01-15 00:00:00,2010-01-20 00:00:00,400,47106,1,683.8125,GBP
2010-01-15 00:00:00,2010-01-20 00:00:00,400,50138,1,683.8125,GBP
2010-01-15 00:00:00,2010-01-20 00:00:00,400,50216,1,683.8125,USD
2010-01-15 00:00:00,2010-01-20 00:00:00,400,55304,1,683.8125,GBP
2010-01-15 00:00:00,2010-01-20 00:00:00,400,55398,1,683.8125,GBP
2010-01-15 00:00:00,2010-01-20 00:00:00,400,74403,1,683.8125,GBP
2010-01-15 00:00:00,2010-01-20 00:00:00,400,79107,1,683.8125,GBP
2010-01-15 00:00:00,2010-01-20 00:00:00,400,85050,1,683.8125,USD
2010-01-15 00:00:00,2010-01-20 00:00:00,400,85382,1,683.8125,GBP
2010-01-15 00:00:00,2010-01-20 00:00:00,400,87048,2,1367.625,GBP
2010-01-15 00:00:00,2010-01-20 00:00:00,400,89423,1,683.8125,USD
2010-01-15 00:00:00,2010-01-20 00:00:00,400,94546,1,697.725,GBP
2010-01-15 00:00:00,2010-01-20 00:00:00,400,95148,1,697.725,GBP
2010-01-15 00:00:00,2010-01-20 00:00:00,415,37086,3,1487.5875,GBP
2010-01-15 00:00:00,2010-01-20 00:00:00,415,77018,2,991.725,GBP
2010-01-15 00:00:00,2010-01-20 00:00:00,426,89031,1,807.975,GBP
2010-01-15 00:00:00,2010-01-20 00:00:00,426,93065,1,807.975,USD
2010-01-15 00:00:00,2010-01-20 00:00:00,426,94541,1,807.975,USD
2010-01-15 00:00:00,2010-01-20 00:00:00,433,35976,1,804.3,GBP
2010-01-15 00:00:00,2010-01-20 00:00:00,433,47274,1,804.3,USD
2010-01-15 00:00:00,2010-01-20 00:00:00,433,54451,1,804.3,USD
2010-01-15 00:00:00,2010-01-20 00:00:00,433,95207,1,804.3,GBP
2010-01-15 00:00:00,2010-01-20 00:00:00,443,01562,1,790.9125,GBP
2010-01-15 00:00:00,2010-01-20 00:00:00,443,02347,1,790.9125,USD
2010-01-15 00:00:00,2010-01-20 00:00:00,443,32110,1,790.9125,GBP
2010-01-15 00:00:00,2010-01-20 00:00:00,443,39073,1,790.9125,GBP
2010-01-15 00:00:00,2010-01-20 00:00:00,443,40299,1,790.9125,GBP
2010-01-15 00:00:00,2010-01-20 00:00:00,443,40503,1,790.9125,GBP
2010-01-15 00:00:00,2010-01-20 00:00:00,443,50208,1,790.9125,GBP
2010-01-15 00:00:00,2010-01-20 00:00:00,443,53219,1,790.9125,USD
2010-01-15 00:00:00,2010-01-20 00:00:00,443,57301,1,790.9125,GBP
2010-01-15 00:00:00,2010-01-20 00:00:00,443,65026,1,790.9125,GBP
2010-01-15 00:00:00,2010-01-20 00:00:00,443,67732,1,790.9125,GBP
2010-01-15 00:00:00,2010-01-20 00:00:00,443,69101,1,790.9125,USD
2010-01-15 00:00:00,2010-01-20 00:00:00,443,76504,1,790.9125,GBP
2010-01-15 00:00:00,2010-01-20 00:00:00,443,76542,1,790.9125,GBP
2010-01-15 00:00:00,2010-01-20 00:00:00,443,94546,2,1609.65,GBP
2010-01-15 00:00:00,2010-01-20 00:00:00,443,95050,1,804.825,USD
2010-01-15 00:00:00,2010-01-20 00:00:00,443,95351,1,804.825,USD
2010-01-15 00:00:00,2010-01-20 00:00:00,443,97302,1,790.9125,GBP
2010-01-15 00:00:00,2010-01-20 00:00:00,464,63040,1,566.2125,USD
2010-01-15 00:00:00,2010-01-20 00:00:00,475,06256,1,970.2,USD
2010-01-15 00:00:00,2010-01-20 00:00:00,475,07008,1,970.2,USD
2010-01-15 00:00:00,2010-01-20 00:00:00,475,07071,2,1940.4,USD
2010-01-15 00:00:00,2010-01-20 00:00:00,475,26003,1,970.2,GBP
2010-01-15 00:00:00,2010-01-20 00:00:00,475,32922,1,970.2,GBP
2010-01-15 00:00:00,2010-01-20 00:00:00,475,33418,1,970.2,USD
2010-01-15 00:00:00,2010-01-20 00:00:00,475,33809,1,970.2,USD
2010-01-15 00:00:00,2010-01-20 00:00:00,475,36310,1,970.2,GBP
2010-01-15 00:00:00,2010-01-20 00:00:00,475,37642,1,970.2,GBP
2010-01-15 00:00:00,2010-01-20 00:00:00,475,38829,1,970.2,GBP
2010-01-15 00:00:00,2010-01-20 00:00:00,475,50436,1,970.2,USD
2010-01-15 00:00:00,2010-01-20 00:00:00,475,53033,1,970.2,GBP
2010-01-15 00:00:00,2010-01-20 00:00:00,475,53052,1,970.2,GBP
2010-01-15 00:00:00,2010-01-20 00:00:00,475,53809,1,6791.4,GBP
2010-01-15 00:00:00,2010-01-20 00:00:00,475,53809,1,5821.2,USD
2010-01-15 00:00:00,2010-01-20 00:00:00,475,57003,1,970.2,USD
2010-01-15 00:00:00,2010-01-20 00:00:00,475,68801,1,970.2,GBP
2010-01-15 00:00:00,2010-01-20 00:00:00,475,70005,1,970.2,USD
2010-01-15 00:00:00,2010-01-20 00:00:00,475,72104,1,970.2,USD
2010-01-15 00:00:00,2010-01-20 00:00:00,475,77027,1,970.2,GBP
2010-01-15 00:00:00,2010-01-20 00:00:00,475,85205,1,970.2,USD
2010-01-15 00:00:00,2010-01-20 00:00:00,475,91351,1,975.45,GBP
2010-01-15 00:00:00,2010-01-20 00:00:00,475,91360,1,975.45,USD
2010-01-15 00:00:00,2010-01-20 00:00:00,475,92083,1,975.45,GBP
2010-01-15 00:00:00,2010-01-20 00:00:00,485,42103,1,807.1875,USD
2010-01-15 00:00:00,2010-01-20 00:00:00,488,32765,1,970.2,USD
2010-01-15 00:00:00,2010-01-20 00:00:00,488,50317,1,970.2,GBP
2010-01-15 00:00:00,2010-01-20 00:00:00,488,65053,1,970.2,USD
2010-01-15 00:00:00,2010-01-20 00:00:00,488,85277,1,970.2,USD
2010-01-15 00:00:00,2010-01-20 00:00:00,491,02382,1,815.325,USD
2010-01-15 00:00:00,2010-01-20 00:00:00,491,02806,1,815.325,USD
2010-01-15 00:00:00,2010-01-20 00:00:00,491,02888,1,815.325,USD
2010-01-15 00:00:00,2010-01-20 00:00:00,491,02889,1,815.325,GBP
2010-01-15 00:00:00,2010-01-20 00:00:00,491,06280,1,815.325,USD
2010-01-15 00:00:00,2010-01-20 00:00:00,491,06907,1,815.325,USD
2010-01-15 00:00:00,2010-01-20 00:00:00,491,08512,1,815.325,USD
2010-01-15 00:00:00,2010-01-20 00:00:00,491,19720,1,815.325,GBP
2010-01-15 00:00:00,2010-01-20 00:00:00,491,21613,2,1630.65,USD
2010-01-15 00:00:00,2010-01-20 00:00:00,491,29621,1,815.325,GBP
2010-01-15 00:00:00,2010-01-20 00:00:00,491,32114,1,815.325,GBP
2010-01-15 00:00:00,2010-01-20 00:00:00,491,32259,1,815.325,GBP
2010-01-15 00:00:00,2010-01-20 00:00:00,491,32804,1,815.325,GBP
2010-01-15 00:00:00,2010-01-20 00:00:00,491,33549,1,815.325,USD
2010-01-15 00:00:00,2010-01-20 00:00:00,491,33592,1,815.325,GBP
2010-01-15 00:00:00,2010-01-20 00:00:00,491,37037,1,815.325,USD
2010-01-15 00:00:00,2010-01-20 00:00:00,491,37075,2,1630.65,USD
2010-01-15 00:00:00,2010-01-20 00:00:00,491,38305,1,815.325,GBP
2010-01-15 00:00:00,2010-01-20 00:00:00,491,39110,1,815.325,USD
2010-01-15 00:00:00,2010-01-20 00:00:00,491,41844,1,2445.9750000000004,GBP
2010-01-15 00:00:00,2010-01-20 00:00:00,491,41844,1,3261.3,USD
2010-01-15 00:00:00,2010-01-20 00:00:00,491,46514,1,3261.3,GBP
2010-01-15 00:00:00,2010-01-20 00:00:00,491,46514,1,3261.3,USD
2010-01-15 00:00:00,2010-01-20 00:00:00,491,46750,2,1630.65,GBP
2010-01-15 00:00:00,2010-01-20 00:00:00,491,50501,1,815.325,USD
2010-01-15 00:00:00,2010-01-20 00:00:00,491,53177,1,815.325,GBP
2010-01-15 00:00:00,2010-01-20 00:00:00,491,53555,1,815.325,GBP
2010-01-15 00:00:00,2010-01-20 00:00:00,491,55025,1,815.325,USD
2010-01-15 00:00:00,2010-01-20 00:00:00,491,55117,1,815.325,USD
2010-01-15 00:00:00,2010-01-20 00:00:00,491,55407,1,815.325,USD
2010-01-15 00:00:00,2010-01-20 00:00:00,491,56520,1,815.325,USD
2010-01-15 00:00:00,2010-01-20 00:00:00,491,64040,1,815.325,USD
2010-01-15 00:00:00,2010-01-20 00:00:00,491,64151,1,815.325,USD
2010-01-15 00:00:00,2010-01-20 00:00:00,491,64501,1,815.325,GBP
2010-01-15 00:00:00,2010-01-20 00:00:00,491,65441,1,815.325,USD
2010-01-15 00:00:00,2010-01-20 00:00:00,491,67060,1,815.325,USD
2010-01-15 00:00:00,2010-01-20 00:00:00,491,68355,1,815.325,USD
2010-01-15 00:00:00,2010-01-20 00:00:00,491,70003,1,815.325,USD
2010-01-15 00:00:00,2010-01-20 00:00:00,491,70062,1,815.325,USD
2010-01-15 00:00:00,2010-01-20 00:00:00,491,70726,1,815.325,USD
2010-01-15 00:00:00,2010-01-20 00:00:00,491,72390,1,815.325,USD
2010-01-15 00:00:00,2010-01-20 00:00:00,491,75605,1,815.325,USD
2010-01-15 00:00:00,2010-01-20 00:00:00,491,76501,1,815.325,GBP
2010-01-15 00:00:00,2010-01-20 00:00:00,491,77657,1,815.325,USD
2010-01-15 00:00:00,2010-01-20 00:00:00,491,77833,1,815.325,GBP
2010-01-15 00:00:00,2010-01-20 00:00:00,491,78123,1,815.325,USD
2010-01-15 00:00:00,2010-01-20 00:00:00,491,78259,1,815.325,GBP
2010-01-15 00:00:00,2010-01-20 00:00:00,491,79912,1,815.325,GBP
2010-01-15 00:00:00,2010-01-20 00:00:00,491,84404,1,815.325,GBP
2010-01-15 00:00:00,2010-01-20 00:00:00,491,85044,1,815.325,USD
2010-01-15 00:00:00,2010-01-20 00:00:00,491,85202,1,815.325,GBP
2010-01-15 00:00:00,2010-01-20 00:00:00,491,85345,1,815.325,GBP
2010-01-15 00:00:00,2010-01-20 00:00:00,491,85704,1,815.325,USD
2010-01-15 00:00:00,2010-01-20 00:00:00,491,97470,1,815.325,USD
2010-01-15 00:00:00,2010-01-20 00:00:00,495,02360,1,537.0225,USD
2010-01-15 00:00:00,2010-01-20 00:00:00,495,32225,2,1121.925,GBP
2010-01-15 00:00:00,2010-01-20 00:00:00,495,32750,15,8414.4375,USD
2010-01-15 00:00:00,2010-01-20 00:00:00,495,32811,3,1682.8875,GBP
2010-01-15 00:00:00,2010-01-20 00:00:00,495,64138,3,1682.8875,GBP
2010-01-15 00:00:00,2010-01-20 00:00:00,495,78217,1,560.9625,USD
2010-01-15 00:00:00,2010-01-20 00:00:00,499,02703,1,846.3,GBP
2010-01-15 00:00:00,2010-01-20 00:00:00,499,07945,1,846.3,GBP
2010-01-15 00:00:00,2010-01-20 00:00:00,499,36541,1,846.3,USD
2010-01-15 00:00:00,2010-01-20 00:00:00,499,40047,1,846.3,GBP
2010-01-15 00:00:00,2010-01-20 00:00:00,499,46077,1,846.3,GBP
2010-01-15 00:00:00,2010-01-20 00:00:00,499,53020,1,846.3,GBP
2010-01-15 00:00:00,2010-01-20 00:00:00,499,55923,1,846.3,GBP
2010-01-15 00:00:00,2010-01-20 00:00:00,499,76034,1,846.3,USD
2010-01-15 00:00:00,2010-01-20 00:00:00,499,91405,1,851.55,USD
2010-01-15 00:00:00,2010-01-20 00:00:00,510,50585,1,837.1125,USD
2010-01-15 00:00:00,2010-01-20 00:00:00,510,63376,1,837.1125,USD
2010-01-15 00:00:00,2010-01-20 00:00:00,510,76309,1,837.1125,USD
2010-01-15 00:00:00,2010-01-20 00:00:00,510,89123,1,842.3625,USD
2010-01-15 00:00:00,2010-01-20 00:00:00,510,91345,1,842.3625,GBP
2010-01-15 00:00:00,2010-01-20 00:00:00,510,91350,1,842.3625,USD
2010-01-15 00:00:00,2010-01-20 00:00:00,510,91604,1,842.3625,USD
2010-01-15 00:00:00,2010-01-20 00:00:00,513,02368,1,451.4475,USD
2010-01-15 00:00:00,2010-01-20 00:00:00,513,92646,1,456.6975,GBP
2010-01-15 00:00:00,2010-01-20 00:00:00,513,94404,1,456.6975,USD
2010-01-15 00:00:00,2010-01-20 00:00:00,521,92129,1,561.6975,USD
2010-01-15 00:00:00,2010-01-20 00:00:00,530,66607,1,619.4475,USD
2010-01-15 00:00:00,2010-01-20 00:00:00,530,85254,1,619.4475,USD
2010-01-15 00:00:00,2010-01-20 00:00:00,532,34608,1,556.4475,USD
2010-01-15 00:00:00,2010-01-20 00:00:00,532,54956,1,556.4475,USD
2010-01-15 00:00:00,2010-01-20 00:00:00,532,55124,1,556.4475,USD
2010-01-15 00:00:00,2010-01-20 00:00:00,532,57785,1,556.4475,USD
2010-01-15 00:00:00,2010-01-20 00:00:00,550,07010,1,403.9875,GBP
2010-01-15 00:00:00,2010-01-20 00:00:00,550,32250,1,403.9875,USD
2010-01-15 00:00:00,2010-01-20 00:00:00,550,32425,1,403.9875,GBP
2010-01-15 00:00:00,2010-01-20 00:00:00,550,46036,1,403.9875,GBP
2010-01-15 00:00:00,2010-01-20 00:00:00,550,84108,1,403.9875,GBP
2010-01-15 00:00:00,2010-01-20 00:00:00,550,92040,1,410.2875,USD
2010-01-15 00:00:00,2010-01-20 00:00:00,550,92592,1,410.2875,USD
2010-01-15 00:00:00,2010-01-20 00:00:00,559,08026,1,585.6375,GBP
2010-01-15 00:00:00,2010-01-20 00:00:00,559,29621,1,585.6375,USD
2010-01-15 00:00:00,2010-01-20 00:00:00,559,35010,1,585.6375,GBP
2010-01-15 00:00:00,2010-01-20 00:00:00,559,40272,1,585.6375,USD
2010-01-15 00:00:00,2010-01-20 00:00:00,559,55757,1,585.6375,GBP
2010-01-15 00:00:00,2010-01-20 00:00:00,559,64086,1,585.6375,USD
2010-01-15 00:00:00,2010-01-20 00:00:00,559,70131,1,585.6375,GBP
2010-01-15 00:00:00,2010-01-20 00:00:00,559,94044,1,600.6,USD
2010-01-15 00:00:00,2010-01-20 00:00:00,559,95035,1,600.6,GBP
2010-01-15 00:00:00,2010-01-20 00:00:00,559,95422,1,600.6,GBP
2010-01-15 00:00:00,2010-01-20 00:00:00,559,95621,1,600.6,GBP
2010-01-15 00:00:00,2010-01-20 00:00:00,573,01073,1,280.6125,USD
2010-01-15 00:00:00,2010-01-20 00:00:00,573,21770,1,280.6125,GBP
2010-01-15 00:00:00,2010-01-20 00:00:00,573,29832,1,280.6125,USD
2010-01-15 00:00:00,2010-01-20 00:00:00,573,35758,1,280.6125,GBP
2010-01-15 00:00:00,2010-01-20 00:00:00,573,42420,1,280.6125,GBP
2010-01-15 00:00:00,2010-01-20 00:00:00,573,46240,1,561.225,USD
2010-01-15 00:00:00,2010-01-20 00:00:00,573,52746,1,280.6125,USD
2010-01-15 00:00:00,2010-01-20 00:00:00,573,53534,1,280.6125,GBP
2010-01-15 00:00:00,2010-01-20 00:00:00,573,54220,1,280.6125,USD
2010-01-15 00:00:00,2010-01-20 00:00:00,573,78652,1,280.6125,GBP
2010-01-15 00:00:00,2010-01-20 00:00:00,573,88101,1,275.3625,USD
2010-01-15 00:00:00,2010-01-20 00:00:00,573,93722,1,286.9125,USD
2010-01-15 00:00:00,2010-01-20 00:00:00,574,33405,1,830.55,GBP
2010-01-15 00:00:00,2010-01-20 00:00:00,574,90241,1,830.55,USD
2010-01-15 00:00:00,2010-01-20 00:00:00,574,90802,1,830.55,USD
2010-01-15 00:00:00,2010-01-20 00:00:00,574,92071,1,830.55,GBP
2010-01-15 00:00:00,2010-01-20 00:00:00,574,92374,1,830.55,USD
2010-01-15 00:00:00,2010-01-20 00:00:00,574,92562,1,830.55,USD
2010-01-15 00:00:00,2010-01-20 00:00:00,574,92629,1,830.55,USD
2010-01-15 00:00:00,2010-01-20 00:00:00,574,93004,2,1661.1,USD
2010-01-15 00:00:00,2010-01-20 00:00:00,574,93930,1,830.55,GBP
2010-01-15 00:00:00,2010-01-20 00:00:00,574,94526,1,830.55,GBP
2010-01-15 00:00:00,2010-01-20 00:00:00,574,94530,1,830.55,GBP
2010-01-15 00:00:00,2010-01-20 00:00:00,574,94553,1,830.55,USD
2010-01-15 00:00:00,2010-01-20 00:00:00,574,95020,1,830.55,USD
2010-01-15 00:00:00,2010-01-20 00:00:00,574,95354,1,830.55,GBP
2010-01-15 00:00:00,2010-01-20 00:00:00,580,37043,1,734.7375,USD
2010-01-15 00:00:00,2010-01-20 00:00:00,580,38053,1,734.7375,GBP
2010-01-15 00:00:00,2010-01-20 00:00:00,580,42103,1,1469.475,USD
2010-01-15 00:00:00,2010-01-20 00:00:00,580,63462,1,734.7375,USD
2010-01-15 00:00:00,2010-01-20 00:00:00,580,66061,1,734.7375,GBP
2010-01-15 00:00:00,2010-01-20 00:00:00,580,69130,1,734.7375,USD
2010-01-15 00:00:00,2010-01-20 00:00:00,580,71108,1,734.7375,GBP
2010-01-15 00:00:00,2010-01-20 00:00:00,580,75961,1,734.7375,GBP
2010-01-15 00:00:00,2010-01-20 00:00:00,580,76028,1,749.9625,USD
2010-01-15 00:00:00,2010-01-20 00:00:00,580,85248,1,734.7375,GBP
2010-01-15 00:00:00,2010-01-20 00:00:00,580,90815,1,749.9625,USD
2010-01-15 00:00:00,2010-01-20 00:00:00,580,95758,1,749.9625,USD
2010-01-15 00:00:00,2010-01-20 00:00:00,580,97127,1,734.7375,USD
2010-01-15 00:00:00,2010-01-20 00:00:00,596,20670,1,746.55,GBP
2010-01-15 00:00:00,2010-01-20 00:00:00,596,21029,1,1493.1,USD
2010-01-15 00:00:00,2010-01-20 00:00:00,596,21128,1,746.55,USD
2010-01-15 00:00:00,2010-01-20 00:00:00,596,39501,1,746.55,USD
2010-01-15 00:00:00,2010-01-20 00:00:00,596,54139,1,746.55,GBP
2010-01-15 00:00:00,2010-01-20 00:00:00,596,54935,1,746.55,USD
2010-01-15 00:00:00,2010-01-20 00:00:00,596,70607,1,746.55,USD
2010-01-15 00:00:00,2010-01-20 00:00:00,596,75209,1,746.55,GBP
2010-01-15 00:00:00,2010-01-20 00:00:00,596,75964,1,746.55,USD
2010-01-15 00:00:00,2010-01-20 00:00:00,596,90027,1,761.5125,GBP
2010-01-15 00:00:00,2010-01-20 00:00:00,596,91730,1,761.5125,USD
2010-01-15 00:00:00,2010-01-20 00:00:00,596,94509,1,761.5125,GBP
2010-01-15 00:00:00,2010-01-20 00:00:00,596,95242,1,761.5125,USD
2010-01-15 00:00:00,2010-01-20 00:00:00,599,32526,1,753.6375,GBP
2010-01-15 00:00:00,2010-01-20 00:00:00,599,32806,1,753.6375,USD
2010-01-15 00:00:00,2010-01-20 00:00:00,599,34668,1,753.6375,USD
2010-01-15 00:00:00,2010-01-20 00:00:00,599,37221,1,741.5625,GBP
2010-01-15 00:00:00,2010-01-20 00:00:00,599,46074,1,753.6375,USD
2010-01-15 00:00:00,2010-01-20 00:00:00,599,51501,1,753.6375,USD
2010-01-15 00:00:00,2010-01-20 00:00:00,599,52302,1,753.6375,GBP
2010-01-15 00:00:00,2010-01-20 00:00:00,599,54169,1,753.6375,GBP
2010-01-15 00:00:00,2010-01-20 00:00:00,599,58078,1,753.6375,GBP
2010-01-15 00:00:00,2010-01-20 00:00:00,599,72901,1,753.6375,GBP
2010-01-15 00:00:00,2010-01-20 00:00:00,599,73020,1,753.6375,GBP
2010-01-15 00:00:00,2010-01-20 00:00:00,599,76262,1,753.6375,GBP
2010-01-15 00:00:00,2010-01-20 00:00:00,599,77064,1,753.6375,GBP
2010-01-15 00:00:00,2010-01-20 00:00:00,599,82730,1,753.6375,GBP
2010-01-15 00:00:00,2010-01-20 00:00:00,599,85262,1,753.6375,GBP
2010-01-15 00:00:00,2010-01-20 00:00:00,599,90805,1,753.6375,GBP
2010-01-15 00:00:00,2010-01-20 00:00:00,599,92503,1,753.6375,USD
2010-01-15 00:00:00,2010-01-20 00:00:00,599,93030,1,753.6375,USD
2010-01-15 00:00:00,2010-01-20 00:00:00,604,06067,1,461.7375,USD
2010-01-15 00:00:00,2010-01-20 00:00:00,604,07424,1,461.7375,GBP
2010-01-15 00:00:00,2010-01-20 00:00:00,604,19901,1,461.7375,USD
2010-01-15 00:00:00,2010-01-20 00:00:00,604,20603,1,461.7375,GBP
2010-01-15 00:00:00,2010-01-20 00:00:00,604,21144,1,461.7375,USD
2010-01-15 00:00:00,2010-01-20 00:00:00,604,29526,1,461.7375,GBP
2010-01-15 00:00:00,2010-01-20 00:00:00,604,29673,1,461.7375,USD
2010-01-15 00:00:00,2010-01-20 00:00:00,604,32806,1,461.7375,USD
2010-01-15 00:00:00,2010-01-20 00:00:00,604,34235,1,461.7375,USD
2010-01-15 00:00:00,2010-01-20 00:00:00,604,46901,1,461.7375,USD
2010-01-15 00:00:00,2010-01-20 00:00:00,604,46975,1,461.7375,GBP
2010-01-15 00:00:00,2010-01-20 00:00:00,604,54245,1,461.7375,USD
2010-01-15 00:00:00,2010-01-20 00:00:00,604,56345,1,461.7375,GBP
2010-01-15 00:00:00,2010-01-20 00:00:00,604,56537,1,461.7375,GBP
2010-01-15 00:00:00,2010-01-20 00:00:00,604,59644,1,461.7375,GBP
2010-01-15 00:00:00,2010-01-20 00:00:00,604,65109,1,452.55,GBP
2010-01-15 00:00:00,2010-01-20 00:00:00,604,67756,1,461.7375,GBP
2010-01-15 00:00:00,2010-01-20 00:00:00,604,72005,1,461.7375,GBP
2010-01-15 00:00:00,2010-01-20 00:00:00,604,73034,1,461.7375,GBP
2010-01-15 00:00:00,2010-01-20 00:00:00,604,74469,1,461.7375,USD
2010-01-15 00:00:00,2010-01-20 00:00:00,604,75287,1,461.7375,USD
2010-01-15 00:00:00,2010-01-20 00:00:00,604,75460,1,461.7375,GBP
2010-01-15 00:00:00,2010-01-20 00:00:00,604,75652,1,461.7375,USD
2010-01-15 00:00:00,2010-01-20 00:00:00,604,76691,1,461.7375,USD
2010-01-15 00:00:00,2010-01-20 00:00:00,604,83221,1,461.7375,USD
2010-01-15 00:00:00,2010-01-20 00:00:00,604,85035,1,461.7375,USD
2010-01-15 00:00:00,2010-01-20 00:00:00,604,91303,1,468.0375,USD
2010-01-15 00:00:00,2010-01-20 00:00:00,604,91362,1,468.0375,USD
2010-01-15 00:00:00,2010-01-20 00:00:00,604,93501,1,468.0375,GBP
2010-01-15 00:00:00,2010-01-20 00:00:00,604,93536,1,468.0375,USD
2010-01-15 00:00:00,2010-01-20 00:00:00,604,94588,1,468.0375,GBP
2010-01-15 00:00:00,2010-01-20 00:00:00,604,95051,1,468.0375,GBP
2010-01-15 00:00:00,2010-01-20 00:00:00,604,97303,1,461.7375,USD
2010-01-15 00:00:00,2010-01-20 00:00:00,606,20901,1,314.7375,USD
2010-01-15 00:00:00,2010-01-20 00:00:00,606,21037,1,944.2125000000001,GBP
2010-01-15 00:00:00,2010-01-20 00:00:00,606,21037,1,314.7375,USD
2010-01-15 00:00:00,2010-01-20 00:00:00,606,29575,1,314.7375,USD
2010-01-15 00:00:00,2010-01-20 00:00:00,606,34266,1,314.7375,USD
2010-01-15 00:00:00,2010-01-20 00:00:00,606,37122,1,314.7375,GBP
2010-01-15 00:00:00,2010-01-20 00:00:00,606,37830,1,312.1125,USD
2010-01-15 00:00:00,2010-01-20 00:00:00,606,46032,1,314.7375,GBP
2010-01-15 00:00:00,2010-01-20 00:00:00,606,54235,1,314.7375,USD
2010-01-15 00:00:00,2010-01-20 00:00:00,606,67212,2,629.475,USD
2010-01-15 00:00:00,2010-01-20 00:00:00,606,85204,1,314.7375,USD
2010-01-15 00:00:00,2010-01-20 00:00:00,606,87505,1,314.7375,USD
2010-01-15 00:00:00,2010-01-20 00:00:00,606,95688,1,321.0375,GBP
2010-01-15 00:00:00,2010-01-20 00:00:00,606,97459,1,314.7375,USD
2010-01-15 00:00:00,2010-01-20 00:00:00,609,01028,1,778.8375,USD
2010-01-15 00:00:00,2010-01-20 00:00:00,609,02302,1,778.8375,GBP
2010-01-15 00:00:00,2010-01-20 00:00:00,609,02360,1,778.8375,USD
2010-01-15 00:00:00,2010-01-20 00:00:00,609,06417,1,778.8375,GBP
2010-01-15 00:00:00,2010-01-20 00:00:00,609,07747,2,1557.675,USD
2010-01-15 00:00:00,2010-01-20 00:00:00,609,07932,1,778.8375,GBP
2010-01-15 00:00:00,2010-01-20 00:00:00,609,08055,1,778.8375,USD
2010-01-15 00:00:00,2010-01-20 00:00:00,609,08225,1,778.8375,USD
2010-01-15 00:00:00,2010-01-20 00:00:00,609,19702,1,778.8375,USD
2010-01-15 00:00:00,2010-01-20 00:00:00,609,20715,1,778.8375,GBP
2010-01-15 00:00:00,2010-01-20 00:00:00,609,21037,1,1557.675,GBP
2010-01-15 00:00:00,2010-01-20 00:00:00,609,21037,1,778.8375,USD
2010-01-15 00:00:00,2010-01-20 00:00:00,609,21234,1,778.8375,USD
2010-01-15 00:00:00,2010-01-20 00:00:00,609,21918,1,778.8375,GBP
2010-01-15 00:00:00,2010-01-20 00:00:00,609,25701,1,778.8375,USD
2010-01-15 00:00:00,2010-01-20 00:00:00,609,29510,1,778.8375,GBP
2010-01-15 00:00:00,2010-01-20 00:00:00,609,29615,1,778.8375,USD
2010-01-15 00:00:00,2010-01-20 00:00:00,609,32583,1,778.8375,USD
2010-01-15 00:00:00,2010-01-20 00:00:00,609,32713,1,778.8375,USD
2010-01-15 00:00:00,2010-01-20 00:00:00,609,33455,1,778.8375,USD
2010-01-15 00:00:00,2010-01-20 00:00:00,609,33782,1,778.8375,GBP
2010-01-15 00:00:00,2010-01-20 00:00:00,609,36117,1,778.8375,USD
2010-01-15 00:00:00,2010-01-20 00:00:00,609,37320,1,778.8375,USD
2010-01-15 00:00:00,2010-01-20 00:00:00,609,37379,1,778.8375,USD
2010-01-15 00:00:00,2010-01-20 00:00:00,609,37861,1,778.8375,USD
2010-01-15 00:00:00,2010-01-20 00:00:00,609,40229,1,778.8375,GBP
2010-01-15 00:00:00,2010-01-20 00:00:00,609,40229,1,2336.5125,USD
2010-01-15 00:00:00,2010-01-20 00:00:00,609,41701,1,778.8375,USD
2010-01-15 00:00:00,2010-01-20 00:00:00,609,46240,1,1557.675,GBP
2010-01-15 00:00:00,2010-01-20 00:00:00,609,46514,1,2336.5125,GBP
2010-01-15 00:00:00,2010-01-20 00:00:00,609,46514,1,778.8375,USD
2010-01-15 00:00:00,2010-01-20 00:00:00,609,46725,1,778.8375,USD
2010-01-15 00:00:00,2010-01-20 00:00:00,609,46901,1,778.8375,USD
2010-01-15 00:00:00,2010-01-20 00:00:00,609,46975,1,778.8375,USD
2010-01-15 00:00:00,2010-01-20 00:00:00,609,47906,1,778.8375,GBP
2010-01-15 00:00:00,2010-01-20 00:00:00,609,50129,1,2336.5125,GBP
2010-01-15 00:00:00,2010-01-20 00:00:00,609,50129,1,778.8375,USD
2010-01-15 00:00:00,2010-01-20 00:00:00,609,53716,1,778.8375,USD
2010-01-15 00:00:00,2010-01-20 00:00:00,609,54501,1,778.8375,GBP
2010-01-15 00:00:00,2010-01-20 00:00:00,609,55904,1,778.8375,GBP
2010-01-15 00:00:00,2010-01-20 00:00:00,609,56367,1,778.8375,USD
2010-01-15 00:00:00,2010-01-20 00:00:00,609,59833,1,778.8375,USD
2010-01-15 00:00:00,2010-01-20 00:00:00,609,64086,1,778.8375,USD
2010-01-15 00:00:00,2010-01-20 00:00:00,609,64468,1,778.8375,USD
2010-01-15 00:00:00,2010-01-20 00:00:00,609,69101,1,778.8375,USD
2010-01-15 00:00:00,2010-01-20 00:00:00,609,78363,1,778.8375,GBP
2010-01-15 00:00:00,2010-01-20 00:00:00,609,78727,1,778.8375,USD
2010-01-15 00:00:00,2010-01-20 00:00:00,609,79761,1,778.8375,USD
2010-01-15 00:00:00,2010-01-20 00:00:00,609,84511,1,778.8375,USD
2010-01-15 00:00:00,2010-01-20 00:00:00,609,85331,1,766.2375,USD
2010-01-15 00:00:00,2010-01-20 00:00:00,609,89515,1,778.8375,GBP
2010-01-15 00:00:00,2010-01-20 00:00:00,609,91352,1,794.0625,USD
2010-01-15 00:00:00,2010-01-20 00:00:00,609,92807,2,1588.125,USD
2010-01-15 00:00:00,2010-01-20 00:00:00,609,93704,1,794.0625,GBP
2010-01-15 00:00:00,2010-01-20 00:00:00,609,94533,1,794.0625,USD
2010-01-15 00:00:00,2010-01-20 00:00:00,609,95125,1,794.0625,GBP
2010-01-15 00:00:00,2010-01-20 00:00:00,609,95606,1,794.0625,GBP
2010-01-15 00:00:00,2010-01-20 00:00:00,609,95688,1,794.0625,GBP
2010-01-15 00:00:00,2010-01-20 00:00:00,609,95826,1,794.0625,USD
2010-01-15 00:00:00,2010-01-20 00:00:00,609,99929,1,778.8375,USD
2010-01-15 00:00:00,2010-01-20 00:00:00,631,02048,1,346.2375,USD
2010-01-15 00:00:00,2010-01-20 00:00:00,631,06379,1,346.2375,USD
2010-01-15 00:00:00,2010-01-20 00:00:00,631,07506,1,346.2375,USD
2010-01-15 00:00:00,2010-01-20 00:00:00,631,29307,1,346.2375,GBP
2010-01-15 00:00:00,2010-01-20 00:00:00,631,29575,1,346.2375,USD
2010-01-15 00:00:00,2010-01-20 00:00:00,631,46992,1,346.2375,GBP
2010-01-15 00:00:00,2010-01-20 00:00:00,631,47265,1,346.2375,GBP
2010-01-15 00:00:00,2010-01-20 00:00:00,631,47302,1,346.2375,GBP
2010-01-15 00:00:00,2010-01-20 00:00:00,631,47963,1,346.2375,USD
2010-01-15 00:00:00,2010-01-20 00:00:00,631,53150,1,346.2375,GBP
2010-01-15 00:00:00,2010-01-20 00:00:00,631,72619,1,346.2375,GBP
2010-01-15 00:00:00,2010-01-20 00:00:00,631,75647,2,692.475,USD
2010-01-15 00:00:00,2010-01-20 00:00:00,631,83702,1,346.2375,USD
2010-01-15 00:00:00,2010-01-20 00:00:00,631,85224,1,346.2375,GBP
2010-01-15 00:00:00,2010-01-20 00:00:00,631,94404,1,352.5375,GBP
2010-01-15 00:00:00,2010-01-20 00:00:00,631,97030,1,346.2375,GBP
2010-01-15 00:00:00,2010-01-20 00:00:00,631,99502,1,346.2375,GBP
2010-01-15 00:00:00,2010-01-20 00:00:00,645,02906,1,746.55,GBP
2010-01-15 00:00:00,2010-01-20 00:00:00,645,06084,1,746.55,GBP
2010-01-15 00:00:00,2010-01-20 00:00:00,645,06516,1,746.55,GBP
2010-01-15 00:00:00,2010-01-20 00:00:00,645,08723,1,746.55,USD
2010-01-15 00:00:00,2010-01-20 00:00:00,645,32174,1,746.55,USD
2010-01-15 00:00:00,2010-01-20 00:00:00,645,32821,1,746.55,USD
2010-01-15 00:00:00,2010-01-20 00:00:00,645,34982,1,746.55,GBP
2010-01-15 00:00:00,2010-01-20 00:00:00,645,46410,1,746.55,GBP
2010-01-15 00:00:00,2010-01-20 00:00:00,645,51632,1,746.55,GBP
2010-01-15 00:00:00,2010-01-20 00:00:00,645,53146,1,746.55,GBP
2010-01-15 00:00:00,2010-01-20 00:00:00,645,59405,1,746.55,GBP
2010-01-15 00:00:00,2010-01-20 00:00:00,645,67901,1,746.55,GBP
2010-01-15 00:00:00,2010-01-20 00:00:00,645,70438,1,746.55,USD
2010-01-15 00:00:00,2010-01-20 00:00:00,645,71068,1,746.55,USD
2010-01-15 00:00:00,2010-01-20 00:00:00,645,75106,1,746.55,GBP
2010-01-15 00:00:00,2010-01-20 00:00:00,645,76547,1,746.55,GBP
2010-01-15 00:00:00,2010-01-20 00:00:00,645,78222,1,746.55,GBP
2010-01-15 00:00:00,2010-01-20 00:00:00,645,89506,1,746.55,GBP
2010-01-15 00:00:00,2010-01-20 00:00:00,645,89511,1,746.55,USD
2010-01-15 00:00:00,2010-01-20 00:00:00,645,90024,1,761.5125,GBP
2010-01-15 00:00:00,2010-01-20 00:00:00,645,92117,1,761.5125,GBP
2010-01-15 00:00:00,2010-01-20 00:00:00,645,95451,1,761.5125,USD
2010-01-15 00:00:00,2010-01-20 00:00:00,658,02864,1,902.7375,GBP
2010-01-15 00:00:00,2010-01-20 00:00:00,658,06762,1,902.7375,USD
2010-01-15 00:00:00,2010-01-20 00:00:00,658,07457,1,902.7375,GBP
2010-01-15 00:00:00,2010-01-20 00:00:00,658,07470,1,902.7375,GBP
2010-01-15 00:00:00,2010-01-20 00:00:00,658,08863,1,902.7375,USD
2010-01-15 00:00:00,2010-01-20 00:00:00,658,32720,1,902.7375,GBP
2010-01-15 00:00:00,2010-01-20 00:00:00,658,32792,1,902.7375,USD
2010-01-15 00:00:00,2010-01-20 00:00:00,658,34114,1,902.7375,USD
2010-01-15 00:00:00,2010-01-20 00:00:00,658,36066,1,902.7375,GBP
2010-01-15 00:00:00,2010-01-20 00:00:00,658,50317,1,902.7375,USD
2010-01-15 00:00:00,2010-01-20 00:00:00,658,72227,1,902.7375,GBP
2010-01-15 00:00:00,2010-01-20 00:00:00,658,74158,1,902.7375,USD
2010-01-15 00:00:00,2010-01-20 00:00:00,658,75644,1,902.7375,USD
2010-01-15 00:00:00,2010-01-20 00:00:00,658,79022,1,902.7375,GBP
2010-01-15 00:00:00,2010-01-20 00:00:00,658,83501,1,902.7375,GBP
2010-01-15 00:00:00,2010-01-20 00:00:00,658,84092,1,892.2375,GBP
2010-01-15 00:00:00,2010-01-20 00:00:00,658,92057,1,917.9625,GBP
2010-01-15 00:00:00,2010-01-20 00:00:00,658,93401,1,917.9625,GBP
2010-01-15 00:00:00,2010-01-20 00:00:00,663,56549,1,765.45,USD
2010-01-15 00:00:00,2010-01-20 00:00:00,663,67208,1,765.45,GBP
2010-01-15 00:00:00,2010-01-20 00:00:00,676,02920,1,801.9375,USD
2010-01-15 00:00:00,2010-01-20 00:00:00,676,08234,1,801.9375,GBP
2010-01-15 00:00:00,2010-01-20 00:00:00,676,20601,1,801.9375,GBP
2010-01-15 00:00:00,2010-01-20 00:00:00,676,24701,1,801.9375,GBP
2010-01-15 00:00:00,2010-01-20 00:00:00,676,32732,1,801.9375,USD
2010-01-15 00:00:00,2010-01-20 00:00:00,676,34480,1,801.9375,GBP
2010-01-15 00:00:00,2010-01-20 00:00:00,676,34482,1,801.9375,USD
2010-01-15 00:00:00,2010-01-20 00:00:00,676,46385,1,801.9375,GBP
2010-01-15 00:00:00,2010-01-20 00:00:00,676,50613,1,801.9375,GBP
2010-01-15 00:00:00,2010-01-20 00:00:00,676,50670,1,1603.875,USD
2010-01-15 00:00:00,2010-01-20 00:00:00,676,53143,1,801.9375,USD
2010-01-15 00:00:00,2010-01-20 00:00:00,676,54487,2,1603.875,USD
2010-01-15 00:00:00,2010-01-20 00:00:00,676,55128,1,801.9375,GBP
2010-01-15 00:00:00,2010-01-20 00:00:00,676,56001,1,801.9375,USD
2010-01-15 00:00:00,2010-01-20 00:00:00,676,57110,1,801.9375,GBP
2010-01-15 00:00:00,2010-01-20 00:00:00,676,57702,1,801.9375,USD
2010-01-15 00:00:00,2010-01-20 00:00:00,676,64012,1,801.9375,USD
2010-01-15 00:00:00,2010-01-20 00:00:00,676,64024,1,801.9375,GBP
2010-01-15 00:00:00,2010-01-20 00:00:00,676,64056,1,801.9375,USD
2010-01-15 00:00:00,2010-01-20 00:00:00,676,65340,1,801.9375,USD
2010-01-15 00:00:00,2010-01-20 00:00:00,676,67601,1,801.9375,GBP
2010-01-15 00:00:00,2010-01-20 00:00:00,676,68132,1,801.9375,GBP
2010-01-15 00:00:00,2010-01-20 00:00:00,676,72201,1,801.9375,GBP
2010-01-15 00:00:00,2010-01-20 00:00:00,676,72315,1,801.9375,USD
2010-01-15 00:00:00,2010-01-20 00:00:00,676,74107,2,1603.875,USD
2010-01-15 00:00:00,2010-01-20 00:00:00,676,74604,1,801.9375,GBP
2010-01-15 00:00:00,2010-01-20 00:00:00,676,75001,1,801.9375,USD
2010-01-15 00:00:00,2010-01-20 00:00:00,676,77356,1,801.9375,USD
2010-01-15 00:00:00,2010-01-20 00:00:00,676,78362,1,801.9375,USD
2010-01-15 00:00:00,2010-01-20 00:00:00,676,79605,1,801.9375,GBP
2010-01-15 00:00:00,2010-01-20 00:00:00,676,83316,1,801.9375,USD
2010-01-15 00:00:00,2010-01-20 00:00:00,676,84103,1,816.9,GBP
2010-01-15 00:00:00,2010-01-20 00:00:00,676,85248,1,801.9375,USD
2010-01-15 00:00:00,2010-01-20 00:00:00,676,85255,1,801.9375,USD
2010-01-15 00:00:00,2010-01-20 00:00:00,676,89452,1,801.9375,USD
2010-01-15 00:00:00,2010-01-20 00:00:00,676,91701,1,816.9,USD
2010-01-15 00:00:00,2010-01-20 00:00:00,676,92065,1,816.9,GBP
2010-01-15 00:00:00,2010-01-20 00:00:00,676,92067,2,1607.55,USD
2010-01-15 00:00:00,2010-01-20 00:00:00,676,92250,1,816.9,GBP
2010-01-15 00:00:00,2010-01-20 00:00:00,676,92688,2,1633.8,USD
2010-01-15 00:00:00,2010-01-20 00:00:00,676,92806,1,816.9,USD
2010-01-15 00:00:00,2010-01-20 00:00:00,676,93030,1,816.9,USD
2010-01-15 00:00:00,2010-01-20 00:00:00,676,93534,1,816.9,USD
2010-01-15 00:00:00,2010-01-20 00:00:00,676,94043,1,816.9,USD
2010-01-15 00:00:00,2010-01-20 00:00:00,676,94572,1,816.9,USD
2010-01-15 00:00:00,2010-01-20 00:00:00,676,95037,1,816.9,USD
2010-01-15 00:00:00,2010-01-20 00:00:00,676,95357,1,816.9,USD
2010-01-15 00:00:00,2010-01-20 00:00:00,676,95658,1,816.9,USD
2010-01-15 00:00:00,2010-01-20 00:00:00,676,95926,1,816.9,USD
2010-01-15 00:00:00,2010-01-20 00:00:00,676,97006,1,816.9,USD
2010-01-15 00:00:00,2010-01-20 00:00:00,676,97202,1,801.9375,USD
2010-01-15 00:00:00,2010-01-20 00:00:00,676,99504,1,801.9375,USD
2010-01-15 00:00:00,2010-01-20 00:00:00,676,99577,1,801.9375,USD
2010-01-15 00:00:00,2010-01-20 00:00:00,681,33305,1,629.7375,USD
2010-01-15 00:00:00,2010-01-20 00:00:00,681,35111,1,629.7375,USD
2010-01-15 00:00:00,2010-01-20 00:00:00,681,35124,1,629.7375,USD
2010-01-15 00:00:00,2010-01-20 00:00:00,681,47201,1,629.7375,USD
2010-01-15 00:00:00,2010-01-20 00:00:00,681,52531,1,629.7375,GBP
2010-01-15 00:00:00,2010-01-20 00:00:00,681,52531,1,2518.95,USD
2010-01-15 00:00:00,2010-01-20 00:00:00,681,53178,1,629.7375,USD
2010-01-15 00:00:00,2010-01-20 00:00:00,681,55428,1,629.7375,USD
2010-01-15 00:00:00,2010-01-20 00:00:00,681,64055,1,629.7375,USD
2010-01-15 00:00:00,2010-01-20 00:00:00,681,70072,1,629.7375,USD
2010-01-15 00:00:00,2010-01-20 00:00:00,681,73003,1,629.7375,GBP
2010-01-15 00:00:00,2010-01-20 00:00:00,681,75075,1,629.7375,USD
2010-01-15 00:00:00,2010-01-20 00:00:00,681,89124,1,629.7375,USD
2010-01-15 00:00:00,2010-01-20 00:00:00,681,91335,1,644.9625,USD
2010-01-15 00:00:00,2010-01-20 00:00:00,681,96003,1,644.9625,USD
2010-01-15 00:00:00,2010-01-20 00:00:00,681,99574,1,629.7375,GBP
2010-01-15 00:00:00,2010-01-20 00:00:00,683,06516,1,788.025,GBP
2010-01-15 00:00:00,2010-01-20 00:00:00,683,33425,1,788.025,GBP
2010-01-15 00:00:00,2010-01-20 00:00:00,683,53121,1,1576.05,GBP
2010-01-15 00:00:00,2010-01-20 00:00:00,683,53121,1,788.025,USD
2010-01-15 00:00:00,2010-01-20 00:00:00,683,68064,1,788.025,USD
2010-01-15 00:00:00,2010-01-20 00:00:00,683,77578,1,788.025,GBP
2010-01-15 00:00:00,2010-01-20 00:00:00,683,89123,1,788.025,USD
2010-01-15 00:00:00,2010-01-20 00:00:00,683,91977,1,803.25,USD
2010-01-15 00:00:00,2010-01-20 00:00:00,683,92109,1,803.25,GBP
2010-01-15 00:00:00,2010-01-20 00:00:00,683,92833,1,803.25,GBP
2010-01-15 00:00:00,2010-01-20 00:00:00,683,94947,1,803.25,USD
2010-01-15 00:00:00,2010-01-20 00:00:00,683,97756,1,788.025,USD
2010-01-15 00:00:00,2010-01-20 00:00:00,687,02360,1,445.9875,USD
2010-01-15 00:00:00,2010-01-20 00:00:00,687,02809,1,445.9875,GBP
2010-01-15 00:00:00,2010-01-20 00:00:00,687,02886,1,445.9875,GBP
2010-01-15 00:00:00,2010-01-20 00:00:00,687,21774,1,445.9875,USD
2010-01-15 00:00:00,2010-01-20 00:00:00,687,46580,1,445.9875,GBP
2010-01-15 00:00:00,2010-01-20 00:00:00,687,66202,1,445.9875,USD
2010-01-15 00:00:00,2010-01-20 00:00:00,687,70005,1,445.9875,GBP
2010-01-15 00:00:00,2010-01-20 00:00:00,687,75070,1,445.9875,GBP
2010-01-15 00:00:00,2010-01-20 00:00:00,687,94535,1,452.2875,USD
2010-01-15 00:00:00,2010-01-20 00:00:00,687,94541,1,452.2875,GBP
2010-01-15 00:00:00,2010-01-20 00:00:00,702,32709,1,286.0725,GBP
2010-01-15 00:00:00,2010-01-20 00:00:00,702,75169,1,286.0725,GBP
2010-01-15 00:00:00,2010-01-20 00:00:00,702,92835,2,572.145,GBP
2010-01-15 00:00:00,2010-01-20 00:00:00,702,95620,1,286.0725,GBP
2010-01-15 00:00:00,2010-01-20 00:00:00,702,97302,1,286.0725,USD
2010-01-15 00:00:00,2010-01-20 00:00:00,713,29715,1,160.0725,USD
2010-01-15 00:00:00,2010-01-20 00:00:00,713,53147,1,160.0725,USD
2010-01-15 00:00:00,2010-01-20 00:00:00,713,88062,1,160.0725,GBP
2010-01-15 00:00:00,2010-01-20 00:00:00,713,89040,1,160.0725,USD
2010-01-15 00:00:00,2010-01-20 00:00:00,713,92653,1,160.0725,USD
2010-01-15 00:00:00,2010-01-20 00:00:00,713,97305,1,160.0725,USD
2010-01-15 00:00:00,2010-01-20 00:00:00,714,21206,2,320.145,USD
2010-01-15 00:00:00,2010-01-20 00:00:00,714,21221,1,160.0725,USD
2010-01-15 00:00:00,2010-01-20 00:00:00,714,33981,1,160.0725,USD
2010-01-15 00:00:00,2010-01-20 00:00:00,714,38019,1,160.0725,GBP
2010-01-15 00:00:00,2010-01-20 00:00:00,714,50109,1,160.0725,USD
2010-01-15 00:00:00,2010-01-20 00:00:00,714,76053,1,160.0725,USD
2010-01-15 00:00:00,2010-01-20 00:00:00,714,89423,1,160.0725,GBP
2010-01-15 00:00:00,2010-01-20 00:00:00,714,92234,2,320.145,USD
2010-01-15 00:00:00,2010-01-20 00:00:00,714,93021,1,160.0725,GBP
2010-01-15 00:00:00,2010-01-20 00:00:00,714,93240,1,160.0725,USD
2010-01-15 00:00:00,2010-01-20 00:00:00,714,93292,1,160.0725,USD
2010-01-15 00:00:00,2010-01-20 00:00:00,714,97355,2,320.145,USD
2010-01-15 00:00:00,2010-01-20 00:00:00,725,06752,1,115.4475,GBP
2010-01-15 00:00:00,2010-01-20 00:00:00,725,07960,1,115.4475,GBP
2010-01-15 00:00:00,2010-01-20 00:00:00,725,08540,1,115.4475,USD
2010-01-15 00:00:00,2010-01-20 00:00:00,725,20724,1,115.4475,USD
2010-01-15 00:00:00,2010-01-20 00:00:00,725,20764,1,115.4475,USD
2010-01-15 00:00:00,2010-01-20 00:00:00,725,20878,1,115.4475,GBP
2010-01-15 00:00:00,2010-01-20 00:00:00,725,21050,1,115.4475,GBP
2010-01-15 00:00:00,2010-01-20 00:00:00,725,21113,1,115.4475,USD
2010-01-15 00:00:00,2010-01-20 00:00:00,725,21701,1,115.4475,GBP
2010-01-15 00:00:00,2010-01-20 00:00:00,725,25674,1,115.4475,GBP
2010-01-15 00:00:00,2010-01-20 00:00:00,725,29306,1,115.4475,GBP
2010-01-15 00:00:00,2010-01-20 00:00:00,725,29732,1,115.4475,GBP
2010-01-15 00:00:00,2010-01-20 00:00:00,725,29936,1,115.4475,GBP
2010-01-15 00:00:00,2010-01-20 00:00:00,725,32922,1,115.4475,GBP
2010-01-15 00:00:00,2010-01-20 00:00:00,725,33182,1,115.4475,USD
2010-01-15 00:00:00,2010-01-20 00:00:00,725,33193,1,115.4475,USD
2010-01-15 00:00:00,2010-01-20 00:00:00,725,33830,3,346.3425,USD
2010-01-15 00:00:00,2010-01-20 00:00:00,725,33881,1,115.4475,GBP
2010-01-15 00:00:00,2010-01-20 00:00:00,725,35053,1,115.4475,GBP
2010-01-15 00:00:00,2010-01-20 00:00:00,725,37330,1,115.4475,GBP
2010-01-15 00:00:00,2010-01-20 00:00:00,725,39046,1,115.4475,GBP
2010-01-15 00:00:00,2010-01-20 00:00:00,725,39211,1,115.4475,USD
2010-01-15 00:00:00,2010-01-20 00:00:00,725,41092,2,230.895,GBP
2010-01-15 00:00:00,2010-01-20 00:00:00,725,46074,1,115.4475,USD
2010-01-15 00:00:00,2010-01-20 00:00:00,725,64063,1,115.4475,GBP
2010-01-15 00:00:00,2010-01-20 00:00:00,725,66012,1,115.4475,GBP
2010-01-15 00:00:00,2010-01-20 00:00:00,725,67877,1,115.4475,GBP
2010-01-15 00:00:00,2010-01-20 00:00:00,725,68467,1,115.4475,GBP
2010-01-15 00:00:00,2010-01-20 00:00:00,725,70503,1,115.4475,USD
2010-01-15 00:00:00,2010-01-20 00:00:00,725,71749,1,115.4475,GBP
2010-01-15 00:00:00,2010-01-20 00:00:00,725,72112,1,115.4475,USD
2010-01-15 00:00:00,2010-01-20 00:00:00,725,73013,1,115.4475,USD
2010-01-15 00:00:00,2010-01-20 00:00:00,725,77433,1,115.4475,GBP
2010-01-15 00:00:00,2010-01-20 00:00:00,725,77511,2,228.27,GBP
2010-01-15 00:00:00,2010-01-20 00:00:00,725,78666,1,115.4475,GBP
2010-01-15 00:00:00,2010-01-20 00:00:00,725,83101,1,115.4475,GBP
2010-01-15 00:00:00,2010-01-20 00:00:00,725,84098,1,115.4475,GBP
2010-01-15 00:00:00,2010-01-20 00:00:00,725,84115,1,115.4475,GBP
2010-01-15 00:00:00,2010-01-20 00:00:00,725,84327,1,115.4475,GBP
2010-01-15 00:00:00,2010-01-20 00:00:00,725,91331,1,115.4475,GBP
2010-01-15 00:00:00,2010-01-20 00:00:00,725,92392,1,115.4475,USD
2010-01-15 00:00:00,2010-01-20 00:00:00,725,94533,2,230.895,GBP
2010-01-15 00:00:00,2010-01-20 00:00:00,725,95005,1,115.4475,GBP
2010-01-15 00:00:00,2010-01-20 00:00:00,725,95446,1,115.4475,USD
2010-01-15 00:00:00,2010-01-20 00:00:00,725,95928,1,115.4475,USD
2010-01-15 00:00:00,2010-01-20 00:00:00,725,97496,1,115.4475,GBP
2010-01-15 00:00:00,2010-01-20 00:00:00,726,07009,1,115.4475,USD
2010-01-15 00:00:00,2010-01-20 00:00:00,726,19943,1,115.4475,USD
2010-01-15 00:00:00,2010-01-20 00:00:00,726,21671,1,115.4475,USD
2010-01-15 00:00:00,2010-01-20 00:00:00,726,29306,1,115.4475,USD
2010-01-15 00:00:00,2010-01-20 00:00:00,726,29501,1,115.4475,USD
2010-01-15 00:00:00,2010-01-20 00:00:00,726,29550,1,115.4475,GBP
2010-01-15 00:00:00,2010-01-20 00:00:00,726,32798,1,115.4475,GBP
2010-01-15 00:00:00,2010-01-20 00:00:00,726,33182,1,115.4475,GBP
2010-01-15 00:00:00,2010-01-20 00:00:00,726,33556,1,115.4475,USD
2010-01-15 00:00:00,2010-01-20 00:00:00,726,33706,1,115.4475,USD
2010-01-15 00:00:00,2010-01-20 00:00:00,726,37160,1,115.4475,USD
2010-01-15 00:00:00,2010-01-20 00:00:00,726,37217,1,115.4475,USD
2010-01-15 00:00:00,2010-01-20 00:00:00,726,37871,1,115.4475,USD
2010-01-15 00:00:00,2010-01-20 00:00:00,726,38344,1,115.4475,GBP
2010-01-15 00:00:00,2010-01-20 00:00:00,726,38860,1,115.4475,GBP
2010-01-15 00:00:00,2010-01-20 00:00:00,726,39180,1,115.4475,GBP
2010-01-15 00:00:00,2010-01-20 00:00:00,726,39645,1,115.4475,USD
2010-01-15 00:00:00,2010-01-20 00:00:00,726,46203,2,230.895,USD
2010-01-15 00:00:00,2010-01-20 00:00:00,726,46260,1,115.4475,GBP
2010-01-15 00:00:00,2010-01-20 00:00:00,726,46901,1,115.4475,GBP
2010-01-15 00:00:00,2010-01-20 00:00:00,726,64075,1,115.4475,USD
2010-01-15 00:00:00,2010-01-20 00:00:00,726,69341,1,115.4475,GBP
2010-01-15 00:00:00,2010-01-20 00:00:00,726,70461,1,115.4475,USD
2010-01-15 00:00:00,2010-01-20 00:00:00,726,70769,1,115.4475,GBP
2010-01-15 00:00:00,2010-01-20 00:00:00,726,70811,1,115.4475,USD
2010-01-15 00:00:00,2010-01-20 00:00:00,726,71161,1,115.4475,USD
2010-01-15 00:00:00,2010-01-20 00:00:00,726,71292,1,115.4475,USD
2010-01-15 00:00:00,2010-01-20 00:00:00,726,72370,1,115.4475,USD
2010-01-15 00:00:00,2010-01-20 00:00:00,726,73013,1,115.4475,USD
2010-01-15 00:00:00,2010-01-20 00:00:00,726,75601,1,115.4475,USD
2010-01-15 00:00:00,2010-01-20 00:00:00,726,75604,1,115.4475,USD
2010-01-15 00:00:00,2010-01-20 00:00:00,726,77378,1,115.4475,USD
2010-01-15 00:00:00,2010-01-20 00:00:00,726,77479,1,115.4475,GBP
2010-01-15 00:00:00,2010-01-20 00:00:00,726,82420,2,230.895,GBP
2010-01-15 00:00:00,2010-01-20 00:00:00,726,84015,1,115.4475,GBP
2010-01-15 00:00:00,2010-01-20 00:00:00,726,84115,1,115.4475,GBP
2010-01-15 00:00:00,2010-01-20 00:00:00,726,85382,1,115.4475,USD
2010-01-15 00:00:00,2010-01-20 00:00:00,726,85622,1,115.4475,GBP
2010-01-15 00:00:00,2010-01-20 00:00:00,726,90501,1,115.4475,GBP
2010-01-15 00:00:00,2010-01-20 00:00:00,726,91361,2,230.895,USD
2010-01-15 00:00:00,2010-01-20 00:00:00,726,93465,1,115.4475,GBP
2010-01-15 00:00:00,2010-01-20 00:00:00,726,93543,1,115.4475,USD
2010-01-15 00:00:00,2010-01-20 00:00:00,726,94025,1,115.4475,GBP
2010-01-15 00:00:00,2010-01-20 00:00:00,726,94560,1,115.4475,USD
2010-01-15 00:00:00,2010-01-20 00:00:00,726,94561,1,115.4475,GBP
2010-01-15 00:00:00,2010-01-20 00:00:00,726,94566,1,115.4475,USD
2010-01-15 00:00:00,2010-01-20 00:00:00,726,95018,2,230.895,GBP
2010-01-15 00:00:00,2010-01-20 00:00:00,726,95425,1,115.4475,GBP
2010-01-15 00:00:00,2010-01-20 00:00:00,726,95446,1,115.4475,GBP
2010-01-15 00:00:00,2010-01-20 00:00:00,726,95448,1,115.4475,USD
2010-01-15 00:00:00,2010-01-20 00:00:00,726,95901,1,115.4475,GBP
2010-01-15 00:00:00,2010-01-20 00:00:00,726,97496,1,115.4475,GBP
2010-01-15 00:00:00,2010-01-20 00:00:00,727,01542,1,62.9475,USD
2010-01-15 00:00:00,2010-01-20 00:00:00,727,02702,1,62.9475,GBP
2010-01-15 00:00:00,2010-01-20 00:00:00,727,07420,1,62.9475,GBP
2010-01-15 00:00:00,2010-01-20 00:00:00,727,21037,1,62.9475,GBP
2010-01-15 00:00:00,2010-01-20 00:00:00,727,21140,1,62.9475,USD
2010-01-15 00:00:00,2010-01-20 00:00:00,727,21801,1,62.9475,GBP
2010-01-15 00:00:00,2010-01-20 00:00:00,727,25504,1,62.9475,USD
2010-01-15 00:00:00,2010-01-20 00:00:00,727,29072,1,62.9475,GBP
2010-01-15 00:00:00,2010-01-20 00:00:00,727,29323,1,62.9475,GBP
2010-01-15 00:00:00,2010-01-20 00:00:00,727,32577,2,125.895,USD
2010-01-15 00:00:00,2010-01-20 00:00:00,727,32750,1,62.9475,GBP
2010-01-15 00:00:00,2010-01-20 00:00:00,727,33880,1,62.9475,GBP
2010-01-15 00:00:00,2010-01-20 00:00:00,727,34957,1,68.1975,USD
2010-01-15 00:00:00,2010-01-20 00:00:00,727,37620,1,62.9475,GBP
2010-01-15 00:00:00,2010-01-20 00:00:00,727,39047,1,62.9475,GBP
2010-01-15 00:00:00,2010-01-20 00:00:00,727,50009,1,68.1975,GBP
2010-01-15 00:00:00,2010-01-20 00:00:00,727,53151,1,62.9475,GBP
2010-01-15 00:00:00,2010-01-20 00:00:00,727,53916,1,62.9475,GBP
2010-01-15 00:00:00,2010-01-20 00:00:00,727,54901,1,62.9475,GBP
2010-01-15 00:00:00,2010-01-20 00:00:00,727,66614,1,62.9475,GBP
2010-01-15 00:00:00,2010-01-20 00:00:00,727,67060,1,62.9475,GBP
2010-01-15 00:00:00,2010-01-20 00:00:00,727,67870,2,125.895,USD
2010-01-15 00:00:00,2010-01-20 00:00:00,727,68701,1,62.9475,GBP
2010-01-15 00:00:00,2010-01-20 00:00:00,727,70438,1,62.9475,GBP
2010-01-15 00:00:00,2010-01-20 00:00:00,727,70785,1,68.1975,GBP
2010-01-15 00:00:00,2010-01-20 00:00:00,727,70816,1,62.9475,GBP
2010-01-15 00:00:00,2010-01-20 00:00:00,727,71219,1,68.1975,GBP
2010-01-15 00:00:00,2010-01-20 00:00:00,727,71291,1,62.9475,GBP
2010-01-15 00:00:00,2010-01-20 00:00:00,727,77346,1,62.9475,USD
2010-01-15 00:00:00,2010-01-20 00:00:00,727,77447,1,62.9475,GBP
2010-01-15 00:00:00,2010-01-20 00:00:00,727,78218,1,62.9475,USD
2010-01-15 00:00:00,2010-01-20 00:00:00,727,85054,1,62.9475,GBP
2010-01-15 00:00:00,2010-01-20 00:00:00,727,85213,1,62.9475,USD
2010-01-15 00:00:00,2010-01-20 00:00:00,727,89121,2,125.895,GBP
2010-01-15 00:00:00,2010-01-20 00:00:00,727,89410,1,62.9475,USD
2010-01-15 00:00:00,2010-01-20 00:00:00,727,90069,1,62.9475,GBP
2010-01-15 00:00:00,2010-01-20 00:00:00,727,92021,1,62.9475,USD
2010-01-15 00:00:00,2010-01-20 00:00:00,727,92555,1,62.9475,GBP
2010-01-15 00:00:00,2010-01-20 00:00:00,727,93621,1,68.1975,USD
2010-01-15 00:00:00,2010-01-20 00:00:00,727,94124,1,62.9475,GBP
2010-01-15 00:00:00,2010-01-20 00:00:00,728,06379,1,62.9475,GBP
2010-01-15 00:00:00,2010-01-20 00:00:00,728,06413,1,62.9475,GBP
2010-01-15 00:00:00,2010-01-20 00:00:00,728,06511,1,62.9475,GBP
2010-01-15 00:00:00,2010-01-20 00:00:00,728,06907,2,125.895,GBP
2010-01-15 00:00:00,2010-01-20 00:00:00,728,07921,1,62.9475,GBP
2010-01-15 00:00:00,2010-01-20 00:00:00,728,20611,1,62.9475,GBP
2010-01-15 00:00:00,2010-01-20 00:00:00,728,20705,1,62.9475,GBP
2010-01-15 00:00:00,2010-01-20 00:00:00,728,21037,1,125.895,GBP
2010-01-15 00:00:00,2010-01-20 00:00:00,728,21037,1,188.8425,USD
2010-01-15 00:00:00,2010-01-20 00:00:00,728,21140,1,62.9475,GBP
2010-01-15 00:00:00,2010-01-20 00:00:00,728,21702,1,62.9475,GBP
2010-01-15 00:00:00,2010-01-20 00:00:00,728,26039,1,68.1975,GBP
2010-01-15 00:00:00,2010-01-20 00:00:00,728,29073,1,68.1975,USD
2010-01-15 00:00:00,2010-01-20 00:00:00,728,29576,1,62.9475,GBP
2010-01-15 00:00:00,2010-01-20 00:00:00,728,29617,1,62.9475,GBP
2010-01-15 00:00:00,2010-01-20 00:00:00,728,29679,1,62.9475,USD
2010-01-15 00:00:00,2010-01-20 00:00:00,728,32547,1,68.1975,GBP
2010-01-15 00:00:00,2010-01-20 00:00:00,728,32963,1,68.1975,GBP
2010-01-15 00:00:00,2010-01-20 00:00:00,728,33304,1,62.9475,GBP
2010-01-15 00:00:00,2010-01-20 00:00:00,728,34952,1,62.9475,GBP
2010-01-15 00:00:00,2010-01-20 00:00:00,728,35769,1,62.9475,GBP
2010-01-15 00:00:00,2010-01-20 00:00:00,728,37128,2,125.895,USD
2010-01-15 00:00:00,2010-01-20 00:00:00,728,37207,1,62.9475,USD
2010-01-15 00:00:00,2010-01-20 00:00:00,728,37683,1,62.9475,USD
2010-01-15 00:00:00,2010-01-20 00:00:00,728,37708,1,62.9475,USD
2010-01-15 00:00:00,2010-01-20 00:00:00,728,37917,1,62.9475,GBP
2010-01-15 00:00:00,2010-01-20 00:00:00,728,38474,2,131.145,GBP
2010-01-15 00:00:00,2010-01-20 00:00:00,728,38834,1,62.9475,USD
2010-01-15 00:00:00,2010-01-20 00:00:00,728,39047,1,62.9475,GBP
2010-01-15 00:00:00,2010-01-20 00:00:00,728,42408,1,62.9475,USD
2010-01-15 00:00:00,2010-01-20 00:00:00,728,53146,1,62.9475,GBP
2010-01-15 00:00:00,2010-01-20 00:00:00,728,53402,1,62.9475,GBP
2010-01-15 00:00:00,2010-01-20 00:00:00,728,53704,2,125.895,GBP
2010-01-15 00:00:00,2010-01-20 00:00:00,728,55945,1,68.1975,USD
2010-01-15 00:00:00,2010-01-20 00:00:00,728,56312,1,62.9475,GBP
2010-01-15 00:00:00,2010-01-20 00:00:00,728,66614,1,62.9475,USD
2010-01-15 00:00:00,2010-01-20 00:00:00,728,67854,1,68.1975,GBP
2010-01-15 00:00:00,2010-01-20 00:00:00,728,71111,1,62.9475,GBP
2010-01-15 00:00:00,2010-01-20 00:00:00,728,71749,1,62.9475,USD
2010-01-15 00:00:00,2010-01-20 00:00:00,728,73731,1,62.9475,GBP
2010-01-15 00:00:00,2010-01-20 00:00:00,728,75961,1,62.9475,USD
2010-01-15 00:00:00,2010-01-20 00:00:00,728,85258,1,62.9475,GBP
2010-01-15 00:00:00,2010-01-20 00:00:00,728,90250,1,62.9475,GBP
2010-01-15 00:00:00,2010-01-20 00:00:00,728,91351,1,62.9475,GBP
2010-01-15 00:00:00,2010-01-20 00:00:00,728,91355,1,68.1975,USD
2010-01-15 00:00:00,2010-01-20 00:00:00,728,92064,1,62.9475,GBP
2010-01-15 00:00:00,2010-01-20 00:00:00,728,92544,2,125.895,USD
2010-01-15 00:00:00,2010-01-20 00:00:00,728,92802,1,62.9475,GBP
2010-01-15 00:00:00,2010-01-20 00:00:00,728,94706,1,62.9475,USD
2010-01-15 00:00:00,2010-01-20 00:00:00,728,95640,1,62.9475,USD
2010-01-15 00:00:00,2010-01-20 00:00:00,729,07105,1,301.8225,GBP
2010-01-15 00:00:00,2010-01-20 00:00:00,729,33838,1,301.8225,GBP
2010-01-15 00:00:00,2010-01-20 00:00:00,729,84321,1,301.8225,GBP
2010-01-15 00:00:00,2010-01-20 00:00:00,729,89130,1,301.8225,GBP
2010-01-15 00:00:00,2010-01-20 00:00:00,730,33838,1,301.8225,GBP
2010-01-15 00:00:00,2010-01-20 00:00:00,730,84321,1,301.8225,GBP
2010-01-15 00:00:00,2010-01-20 00:00:00,739,20637,1,170.5725,GBP
2010-01-15 00:00:00,2010-01-20 00:00:00,739,20764,1,170.5725,GBP
2010-01-15 00:00:00,2010-01-20 00:00:00,739,20876,1,170.5725,USD
2010-01-15 00:00:00,2010-01-20 00:00:00,739,33809,1,170.5725,GBP
2010-01-15 00:00:00,2010-01-20 00:00:00,739,35077,1,170.5725,GBP
2010-01-15 00:00:00,2010-01-20 00:00:00,739,35089,1,170.5725,GBP
2010-01-15 00:00:00,2010-01-20 00:00:00,739,35580,1,165.3225,USD
2010-01-15 00:00:00,2010-01-20 00:00:00,739,37711,1,170.5725,GBP
2010-01-15 00:00:00,2010-01-20 00:00:00,739,40755,1,170.5725,GBP
2010-01-15 00:00:00,2010-01-20 00:00:00,739,59314,1,170.5725,GBP
2010-01-15 00:00:00,2010-01-20 00:00:00,739,68516,1,167.9475,GBP
2010-01-15 00:00:00,2010-01-20 00:00:00,739,76233,1,170.5725,GBP
2010-01-15 00:00:00,2010-01-20 00:00:00,739,78666,1,170.5725,GBP
2010-01-15 00:00:00,2010-01-20 00:00:00,739,83856,1,170.5725,GBP
2010-01-15 00:00:00,2010-01-20 00:00:00,739,91311,1,170.5725,GBP
2010-01-15 00:00:00,2010-01-20 00:00:00,739,93240,4,682.29,GBP
2010-01-15 00:00:00,2010-01-20 00:00:00,739,95746,1,170.5725,GBP
2010-01-15 00:00:00,2010-01-20 00:00:00,739,97535,2,341.145,GBP
2010-01-15 00:00:00,2010-01-20 00:00:00,740,20876,1,170.5725,GBP
2010-01-15 00:00:00,2010-01-20 00:00:00,740,21043,1,170.5725,USD
2010-01-15 00:00:00,2010-01-20 00:00:00,740,29501,1,170.5725,USD
2010-01-15 00:00:00,2010-01-20 00:00:00,740,35071,1,170.5725,GBP
2010-01-15 00:00:00,2010-01-20 00:00:00,740,35077,1,170.5725,GBP
2010-01-15 00:00:00,2010-01-20 00:00:00,740,72811,1,170.5725,GBP
2010-01-15 00:00:00,2010-01-20 00:00:00,740,73099,1,170.5725,GBP
2010-01-15 00:00:00,2010-01-20 00:00:00,740,75028,1,170.5725,USD
2010-01-15 00:00:00,2010-01-20 00:00:00,740,75209,1,170.5725,USD
2010-01-15 00:00:00,2010-01-20 00:00:00,740,77385,1,170.5725,GBP
2010-01-15 00:00:00,2010-01-20 00:00:00,740,85310,2,341.145,GBP
2010-01-15 00:00:00,2010-01-20 00:00:00,740,91381,1,170.5725,GBP
2010-01-15 00:00:00,2010-01-20 00:00:00,740,93446,1,170.5725,GBP
2010-01-15 00:00:00,2010-01-20 00:00:00,740,94041,1,170.5725,GBP
2010-01-15 00:00:00,2010-01-20 00:00:00,740,97365,1,170.5725,USD
2010-01-15 00:00:00,2010-01-20 00:00:00,740,97535,2,341.145,GBP
2010-01-15 00:00:00,2010-01-20 00:00:00,744,70816,1,267.6975,GBP
2010-01-15 00:00:00,2010-01-20 00:00:00,744,71854,1,270.3225,GBP
2010-01-15 00:00:00,2010-01-20 00:00:00,744,89129,1,270.3225,GBP
2010-01-15 00:00:00,2010-01-20 00:00:00,747,59102,1,291.3225,GBP
2010-01-15 00:00:00,2010-01-20 00:00:00,747,89014,1,291.3225,GBP
2010-01-15 00:00:00,2010-01-20 00:00:00,747,89410,1,291.3225,USD
2010-01-15 00:00:00,2010-01-20 00:00:00,747,89801,1,291.3225,GBP
2010-01-15 00:00:00,2010-01-20 00:00:00,747,97828,1,291.3225,GBP
2010-01-15 00:00:00,2010-01-20 00:00:00,748,35173,1,291.3225,GBP
2010-01-15 00:00:00,2010-01-20 00:00:00,748,84065,1,291.3225,USD
2010-01-15 00:00:00,2010-01-20 00:00:00,748,89403,1,291.3225,GBP
2010-01-15 00:00:00,2010-01-20 00:00:00,748,97477,1,291.3225,GBP
2010-01-15 00:00:00,2010-01-20 00:00:00,748,97828,1,291.3225,GBP
2010-01-15 00:00:00,2010-01-20 00:00:00,753,06524,1,241.4475,USD
2010-01-15 00:00:00,2010-01-20 00:00:00,753,33156,1,244.0725,GBP
2010-01-15 00:00:00,2010-01-20 00:00:00,753,35475,1,244.0725,GBP
2010-01-15 00:00:00,2010-01-20 00:00:00,753,35758,1,244.0725,GBP
2010-01-15 00:00:00,2010-01-20 00:00:00,753,38040,1,244.0725,USD
2010-01-15 00:00:00,2010-01-20 00:00:00,753,41051,1,244.0725,GBP
2010-01-15 00:00:00,2010-01-20 00:00:00,753,85213,1,244.0725,GBP
2010-01-15 00:00:00,2010-01-20 00:00:00,753,91301,1,241.4475,GBP
2010-01-15 00:00:00,2010-01-20 00:00:00,753,91311,1,241.4475,GBP
2010-01-15 00:00:00,2010-01-20 00:00:00,753,91737,1,244.0725,USD
2010-01-15 00:00:00,2010-01-20 00:00:00,753,94538,1,241.4475,USD
2010-01-15 00:00:00,2010-01-20 00:00:00,754,55945,1,244.0725,GBP
2010-01-15 00:00:00,2010-01-20 00:00:00,754,73003,1,244.0725,USD
2010-01-15 00:00:00,2010-01-20 00:00:00,754,91701,1,244.0725,USD
2010-01-15 00:00:00,2010-01-20 00:00:00,754,91737,1,244.0725,GBP
2010-01-15 00:00:00,2010-01-20 00:00:00,754,92382,1,241.4475,USD
2010-01-15 00:00:00,2010-01-20 00:00:00,754,92679,1,244.0725,USD
2010-01-15 00:00:00,2010-01-20 00:00:00,754,93535,1,241.4475,USD
2010-01-15 00:00:00,2010-01-20 00:00:00,754,94041,1,244.0725,USD
2010-01-15 00:00:00,2010-01-20 00:00:00,754,94561,1,244.0725,USD
2010-01-15 00:00:00,2010-01-20 00:00:00,754,95403,1,241.4475,GBP
2010-01-15 00:00:00,2010-01-20 00:00:00,757,19702,1,83.9475,GBP
2010-01-15 00:00:00,2010-01-20 00:00:00,757,20723,1,83.9475,GBP
2010-01-15 00:00:00,2010-01-20 00:00:00,757,21085,1,83.9475,USD
2010-01-15 00:00:00,2010-01-20 00:00:00,757,21163,1,83.9475,USD
2010-01-15 00:00:00,2010-01-20 00:00:00,757,21671,1,83.9475,USD
2010-01-15 00:00:00,2010-01-20 00:00:00,757,29657,2,167.895,GBP
2010-01-15 00:00:00,2010-01-20 00:00:00,757,32404,3,251.8425,GBP
2010-01-15 00:00:00,2010-01-20 00:00:00,757,32667,1,83.9475,GBP
2010-01-15 00:00:00,2010-01-20 00:00:00,757,34983,1,83.9475,GBP
2010-01-15 00:00:00,2010-01-20 00:00:00,757,35045,2,167.895,GBP
2010-01-15 00:00:00,2010-01-20 00:00:00,757,35057,1,83.9475,GBP
2010-01-15 00:00:00,2010-01-20 00:00:00,757,35503,1,83.9475,USD
2010-01-15 00:00:00,2010-01-20 00:00:00,757,35652,1,83.9475,USD
2010-01-15 00:00:00,2010-01-20 00:00:00,757,36572,1,83.9475,USD
2010-01-15 00:00:00,2010-01-20 00:00:00,757,37075,2,167.895,USD
2010-01-15 00:00:00,2010-01-20 00:00:00,757,37779,1,83.9475,USD
2010-01-15 00:00:00,2010-01-20 00:00:00,757,38834,2,167.895,GBP
2010-01-15 00:00:00,2010-01-20 00:00:00,757,39730,1,83.9475,GBP
2010-01-15 00:00:00,2010-01-20 00:00:00,757,47338,1,83.9475,GBP
2010-01-15 00:00:00,2010-01-20 00:00:00,757,53151,1,83.9475,USD
2010-01-15 00:00:00,2010-01-20 00:00:00,757,63049,1,83.9475,GBP
2010-01-15 00:00:00,2010-01-20 00:00:00,757,64850,1,83.9475,GBP
2010-01-15 00:00:00,2010-01-20 00:00:00,757,67216,1,83.9475,USD
2010-01-15 00:00:00,2010-01-20 00:00:00,757,71329,1,83.9475,GBP
2010-01-15 00:00:00,2010-01-20 00:00:00,757,71753,1,83.9475,GBP
2010-01-15 00:00:00,2010-01-20 00:00:00,757,72450,1,83.9475,USD
2010-01-15 00:00:00,2010-01-20 00:00:00,757,75028,1,83.9475,USD
2010-01-15 00:00:00,2010-01-20 00:00:00,757,76031,1,83.9475,GBP
2010-01-15 00:00:00,2010-01-20 00:00:00,757,78469,1,83.9475,USD
2010-01-15 00:00:00,2010-01-20 00:00:00,757,79706,1,83.9475,GBP
2010-01-15 00:00:00,2010-01-20 00:00:00,757,82633,1,83.9475,USD
2010-01-15 00:00:00,2010-01-20 00:00:00,757,84790,1,83.9475,USD
2010-01-15 00:00:00,2010-01-20 00:00:00,757,91423,2,167.895,GBP
2010-01-15 00:00:00,2010-01-20 00:00:00,757,92054,1,83.9475,GBP
2010-01-15 00:00:00,2010-01-20 00:00:00,757,92111,1,83.9475,GBP
2010-01-15 00:00:00,2010-01-20 00:00:00,757,92509,1,83.9475,GBP
2010-01-15 00:00:00,2010-01-20 00:00:00,757,94507,1,83.9475,GBP
2010-01-15 00:00:00,2010-01-20 00:00:00,757,95020,1,83.9475,GBP
2010-01-15 00:00:00,2010-01-20 00:00:00,757,95603,1,83.9475,GBP
2010-01-15 00:00:00,2010-01-20 00:00:00,757,97045,1,83.9475,USD
2010-01-15 00:00:00,2010-01-20 00:00:00,757,97412,1,83.9475,USD
2010-01-15 00:00:00,2010-01-20 00:00:00,757,97502,1,83.9475,GBP
2010-01-15 00:00:00,2010-01-20 00:00:00,757,97739,1,83.9475,GBP
2010-01-15 00:00:00,2010-01-20 00:00:00,758,06443,1,83.9475,USD
2010-01-15 00:00:00,2010-01-20 00:00:00,758,06478,2,167.895,USD
2010-01-15 00:00:00,2010-01-20 00:00:00,758,07430,1,83.9475,USD
2010-01-15 00:00:00,2010-01-20 00:00:00,758,08203,1,83.9475,GBP
2010-01-15 00:00:00,2010-01-20 00:00:00,758,08302,2,167.895,USD
2010-01-15 00:00:00,2010-01-20 00:00:00,758,20833,1,83.9475,USD
2010-01-15 00:00:00,2010-01-20 00:00:00,758,21084,1,83.9475,GBP
2010-01-15 00:00:00,2010-01-20 00:00:00,758,21133,1,83.9475,USD
2010-01-15 00:00:00,2010-01-20 00:00:00,758,21144,1,83.9475,USD
2010-01-15 00:00:00,2010-01-20 00:00:00,758,21671,1,83.9475,USD
2010-01-15 00:00:00,2010-01-20 00:00:00,758,25504,1,83.9475,USD
2010-01-15 00:00:00,2010-01-20 00:00:00,758,26187,1,83.9475,GBP
2010-01-15 00:00:00,2010-01-20 00:00:00,758,29153,1,83.9475,USD
2010-01-15 00:00:00,2010-01-20 00:00:00,758,33024,1,83.9475,GBP
2010-01-15 00:00:00,2010-01-20 00:00:00,758,33311,1,83.9475,USD
2010-01-15 00:00:00,2010-01-20 00:00:00,758,33325,1,83.9475,USD
2010-01-15 00:00:00,2010-01-20 00:00:00,758,33809,2,167.895,USD
2010-01-15 00:00:00,2010-01-20 00:00:00,758,35006,2,167.895,USD
2010-01-15 00:00:00,2010-01-20 00:00:00,758,37188,1,83.9475,USD
2010-01-15 00:00:00,2010-01-20 00:00:00,758,38824,1,83.9475,USD
2010-01-15 00:00:00,2010-01-20 00:00:00,758,39211,1,83.9475,USD
2010-01-15 00:00:00,2010-01-20 00:00:00,758,41240,1,83.9475,GBP
2010-01-15 00:00:00,2010-01-20 00:00:00,758,46408,1,83.9475,GBP
2010-01-15 00:00:00,2010-01-20 00:00:00,758,47338,1,83.9475,USD
2010-01-15 00:00:00,2010-01-20 00:00:00,758,47940,1,83.9475,USD
2010-01-15 00:00:00,2010-01-20 00:00:00,758,67216,1,83.9475,GBP
2010-01-15 00:00:00,2010-01-20 00:00:00,758,67871,1,83.9475,USD
2010-01-15 00:00:00,2010-01-20 00:00:00,758,68467,1,83.9475,USD
2010-01-15 00:00:00,2010-01-20 00:00:00,758,70094,1,83.9475,GBP
2010-01-15 00:00:00,2010-01-20 00:00:00,758,70427,1,83.9475,USD
2010-01-15 00:00:00,2010-01-20 00:00:00,758,70506,1,83.9475,USD
2010-01-15 00:00:00,2010-01-20 00:00:00,758,71753,1,83.9475,USD
2010-01-15 00:00:00,2010-01-20 00:00:00,758,72401,1,83.9475,USD
2010-01-15 00:00:00,2010-01-20 00:00:00,758,73026,1,83.9475,USD
2010-01-15 00:00:00,2010-01-20 00:00:00,758,75570,1,83.9475,GBP
2010-01-15 00:00:00,2010-01-20 00:00:00,758,75762,1,83.9475,USD
2010-01-15 00:00:00,2010-01-20 00:00:00,758,77346,1,83.9475,USD
2010-01-15 00:00:00,2010-01-20 00:00:00,758,79706,1,83.9475,USD
2010-01-15 00:00:00,2010-01-20 00:00:00,758,82420,1,83.9475,USD
2010-01-15 00:00:00,2010-01-20 00:00:00,758,82633,1,83.9475,USD
2010-01-15 00:00:00,2010-01-20 00:00:00,758,84720,1,83.9475,USD
2010-01-15 00:00:00,2010-01-20 00:00:00,758,84790,1,83.9475,USD
2010-01-15 00:00:00,2010-01-20 00:00:00,758,85202,1,83.9475,USD
2010-01-15 00:00:00,2010-01-20 00:00:00,758,90210,1,83.9475,USD
2010-01-15 00:00:00,2010-01-20 00:00:00,758,91423,2,167.895,USD
2010-01-15 00:00:00,2010-01-20 00:00:00,758,91901,1,83.9475,USD
2010-01-15 00:00:00,2010-01-20 00:00:00,758,92553,1,83.9475,USD
2010-01-15 00:00:00,2010-01-20 00:00:00,758,93268,1,83.9475,USD
2010-01-15 00:00:00,2010-01-20 00:00:00,758,93516,1,83.9475,USD
2010-01-15 00:00:00,2010-01-20 00:00:00,758,93621,1,83.9475,GBP
2010-01-15 00:00:00,2010-01-20 00:00:00,758,94553,1,83.9475,USD
2010-01-15 00:00:00,2010-01-20 00:00:00,758,94960,1,83.9475,GBP
2010-01-15 00:00:00,2010-01-20 00:00:00,758,95472,1,83.9475,USD
2010-01-15 00:00:00,2010-01-20 00:00:00,758,97702,3,251.8425,USD
2010-01-15 00:00:00,2010-01-20 00:00:00,767,01536,1,104.9475,GBP
2010-01-15 00:00:00,2010-01-20 00:00:00,767,02532,1,104.9475,GBP
2010-01-15 00:00:00,2010-01-20 00:00:00,767,07869,1,104.9475,USD
2010-01-15 00:00:00,2010-01-20 00:00:00,767,08053,1,104.9475,USD
2010-01-15 00:00:00,2010-01-20 00:00:00,767,20748,1,104.9475,USD
2010-01-15 00:00:00,2010-01-20 00:00:00,767,21037,1,104.9475,USD
2010-01-15 00:00:00,2010-01-20 00:00:00,767,21152,1,104.9475,GBP
2010-01-15 00:00:00,2010-01-20 00:00:00,767,29570,1,104.9475,GBP
2010-01-15 00:00:00,2010-01-20 00:00:00,767,32935,1,104.9475,GBP
2010-01-15 00:00:00,2010-01-20 00:00:00,767,33881,1,104.9475,GBP
2010-01-15 00:00:00,2010-01-20 00:00:00,767,34981,1,104.9475,USD
2010-01-15 00:00:00,2010-01-20 00:00:00,767,35111,1,104.9475,GBP
2010-01-15 00:00:00,2010-01-20 00:00:00,767,35151,1,104.9475,USD
2010-01-15 00:00:00,2010-01-20 00:00:00,767,36582,1,104.9475,GBP
2010-01-15 00:00:00,2010-01-20 00:00:00,767,40006,1,104.9475,GBP
2010-01-15 00:00:00,2010-01-20 00:00:00,767,47601,1,104.9475,USD
2010-01-15 00:00:00,2010-01-20 00:00:00,767,63124,1,104.9475,GBP
2010-01-15 00:00:00,2010-01-20 00:00:00,767,71943,1,104.9475,GBP
2010-01-15 00:00:00,2010-01-20 00:00:00,767,72301,1,104.9475,GBP
2010-01-15 00:00:00,2010-01-20 00:00:00,767,72501,2,209.895,GBP
2010-01-15 00:00:00,2010-01-20 00:00:00,767,74029,1,104.9475,GBP
2010-01-15 00:00:00,2010-01-20 00:00:00,767,88011,1,104.9475,GBP
2010-01-15 00:00:00,2010-01-20 00:00:00,767,91351,1,104.9475,GBP
2010-01-15 00:00:00,2010-01-20 00:00:00,767,91901,1,104.9475,GBP
2010-01-15 00:00:00,2010-01-20 00:00:00,767,92630,1,104.9475,GBP
2010-01-15 00:00:00,2010-01-20 00:00:00,767,92677,2,209.895,GBP
2010-01-15 00:00:00,2010-01-20 00:00:00,767,95713,1,104.9475,GBP
2010-01-15 00:00:00,2010-01-20 00:00:00,767,97439,1,104.9475,USD
2010-01-15 00:00:00,2010-01-20 00:00:00,768,07869,1,104.9475,GBP
2010-01-15 00:00:00,2010-01-20 00:00:00,768,08080,1,104.9475,USD
2010-01-15 00:00:00,2010-01-20 00:00:00,768,21028,1,104.9475,GBP
2010-01-15 00:00:00,2010-01-20 00:00:00,768,21037,1,104.9475,GBP
2010-01-15 00:00:00,2010-01-20 00:00:00,768,21037,1,104.9475,USD
2010-01-15 00:00:00,2010-01-20 00:00:00,768,21084,1,104.9475,USD
2010-01-15 00:00:00,2010-01-20 00:00:00,768,29583,1,104.9475,USD
2010-01-15 00:00:00,2010-01-20 00:00:00,768,29584,1,104.9475,USD
2010-01-15 00:00:00,2010-01-20 00:00:00,768,32034,1,104.9475,USD
2010-01-15 00:00:00,2010-01-20 00:00:00,768,32404,1,104.9475,GBP
2010-01-15 00:00:00,2010-01-20 00:00:00,768,32503,1,104.9475,USD
2010-01-15 00:00:00,2010-01-20 00:00:00,768,33157,1,104.9475,USD
2010-01-15 00:00:00,2010-01-20 00:00:00,768,33470,1,104.9475,GBP
2010-01-15 00:00:00,2010-01-20 00:00:00,768,33549,1,104.9475,GBP
2010-01-15 00:00:00,2010-01-20 00:00:00,768,33834,1,104.9475,USD
2010-01-15 00:00:00,2010-01-20 00:00:00,768,33881,1,104.9475,GBP
2010-01-15 00:00:00,2010-01-20 00:00:00,768,35210,1,104.9475,USD
2010-01-15 00:00:00,2010-01-20 00:00:00,768,35806,1,104.9475,USD
2010-01-15 00:00:00,2010-01-20 00:00:00,768,37072,1,104.9475,GBP
2010-01-15 00:00:00,2010-01-20 00:00:00,768,37075,1,104.9475,USD
2010-01-15 00:00:00,2010-01-20 00:00:00,768,37416,1,104.9475,GBP
2010-01-15 00:00:00,2010-01-20 00:00:00,768,37681,1,104.9475,GBP
2010-01-15 00:00:00,2010-01-20 00:00:00,768,47601,1,104.9475,GBP
2010-01-15 00:00:00,2010-01-20 00:00:00,768,50131,1,104.9475,GBP
2010-01-15 00:00:00,2010-01-20 00:00:00,768,56245,1,104.9475,USD
2010-01-15 00:00:00,2010-01-20 00:00:00,768,71055,1,104.9475,USD
2010-01-15 00:00:00,2010-01-20 00:00:00,768,72301,1,104.9475,USD
2010-01-15 00:00:00,2010-01-20 00:00:00,768,75154,1,104.9475,GBP
2010-01-15 00:00:00,2010-01-20 00:00:00,768,75770,1,104.9475,GBP
2010-01-15 00:00:00,2010-01-20 00:00:00,768,86001,1,104.9475,GBP
2010-01-15 00:00:00,2010-01-20 00:00:00,768,91311,1,104.9475,USD
2010-01-15 00:00:00,2010-01-20 00:00:00,768,91901,1,104.9475,USD
2010-01-15 00:00:00,2010-01-20 00:00:00,768,92026,1,104.9475,GBP
2010-01-15 00:00:00,2010-01-20 00:00:00,768,92356,2,209.895,GBP
2010-01-15 00:00:00,2010-01-20 00:00:00,768,92536,1,104.9475,USD
2010-01-15 00:00:00,2010-01-20 00:00:00,768,92648,2,209.895,USD
2010-01-15 00:00:00,2010-01-20 00:00:00,768,93292,1,104.9475,GBP
2010-01-15 00:00:00,2010-01-20 00:00:00,768,94571,1,104.9475,USD
2010-01-15 00:00:00,2010-01-20 00:00:00,768,95336,1,104.9475,USD
2010-01-15 00:00:00,2010-01-20 00:00:00,768,95603,1,104.9475,USD
2010-01-15 00:00:00,2010-01-20 00:00:00,769,08742,1,257.1975,USD
2010-01-15 00:00:00,2010-01-20 00:00:00,769,37101,1,257.1975,GBP
2010-01-15 00:00:00,2010-01-20 00:00:00,769,38356,1,257.1975,GBP
2010-01-15 00:00:00,2010-01-20 00:00:00,769,46230,2,514.395,USD
2010-01-15 00:00:00,2010-01-20 00:00:00,769,53132,1,251.9475,GBP
2010-01-15 00:00:00,2010-01-20 00:00:00,769,64804,1,257.1975,USD
2010-01-15 00:00:00,2010-01-20 00:00:00,769,77023,1,257.1975,USD
2010-01-15 00:00:00,2010-01-20 00:00:00,769,77657,1,257.1975,GBP
2010-01-15 00:00:00,2010-01-20 00:00:00,769,84037,1,257.1975,GBP
2010-01-15 00:00:00,2010-01-20 00:00:00,769,89130,1,257.1975,GBP
2010-01-15 00:00:00,2010-01-20 00:00:00,769,92394,1,257.1975,GBP
2010-01-15 00:00:00,2010-01-20 00:00:00,769,92630,1,257.1975,GBP
2010-01-15 00:00:00,2010-01-20 00:00:00,769,94062,1,257.1975,GBP
2010-01-15 00:00:00,2010-01-20 00:00:00,769,95624,1,257.1975,USD
2010-01-15 00:00:00,2010-01-20 00:00:00,769,97305,1,257.1975,GBP
2010-01-15 00:00:00,2010-01-20 00:00:00,770,06051,1,257.1975,GBP
2010-01-15 00:00:00,2010-01-20 00:00:00,770,06111,1,257.1975,GBP
2010-01-15 00:00:00,2010-01-20 00:00:00,770,07029,1,257.1975,GBP
2010-01-15 00:00:00,2010-01-20 00:00:00,770,07206,1,257.1975,GBP
2010-01-15 00:00:00,2010-01-20 00:00:00,770,08742,1,257.1975,USD
2010-01-15 00:00:00,2010-01-20 00:00:00,770,25670,1,257.1975,GBP
2010-01-15 00:00:00,2010-01-20 00:00:00,770,33166,2,514.395,GBP
2010-01-15 00:00:00,2010-01-20 00:00:00,770,37101,1,257.1975,GBP
2010-01-15 00:00:00,2010-01-20 00:00:00,770,40701,1,257.1975,GBP
2010-01-15 00:00:00,2010-01-20 00:00:00,770,51360,1,257.1975,GBP
2010-01-15 00:00:00,2010-01-20 00:00:00,770,74445,1,257.1975,GBP
2010-01-15 00:00:00,2010-01-20 00:00:00,770,92325,1,257.1975,GBP
2010-01-15 00:00:00,2010-01-20 00:00:00,770,94062,1,257.1975,GBP
2010-01-15 00:00:00,2010-01-20 00:00:00,770,97305,1,257.1975,GBP
2010-01-15 00:00:00,2010-01-20 00:00:00,770,97701,1,257.1975,GBP
2010-01-15 00:00:00,2010-01-20 00:00:00,771,34786,1,165.3225,GBP
2010-01-15 00:00:00,2010-01-20 00:00:00,771,36426,1,165.3225,GBP
2010-01-15 00:00:00,2010-01-20 00:00:00,771,77539,1,165.3225,USD
2010-01-15 00:00:00,2010-01-20 00:00:00,771,79339,1,165.3225,USD
2010-01-15 00:00:00,2010-01-20 00:00:00,771,83655,1,165.3225,USD
2010-01-15 00:00:00,2010-01-20 00:00:00,771,92604,1,165.3225,GBP
2010-01-15 00:00:00,2010-01-20 00:00:00,771,95492,1,165.3225,USD
2010-01-15 00:00:00,2010-01-20 00:00:00,772,08302,1,165.3225,GBP
2010-01-15 00:00:00,2010-01-20 00:00:00,772,53023,1,165.3225,GBP
2010-01-15 00:00:00,2010-01-20 00:00:00,772,89014,1,165.3225,GBP
2010-01-15 00:00:00,2010-01-20 00:00:00,772,92604,1,165.3225,GBP
2010-01-15 00:00:00,2010-01-20 00:00:00,772,95030,1,165.3225,GBP
2010-01-15 00:00:00,2010-01-20 00:00:00,795,29054,1,275.5725,GBP
2010-01-15 00:00:00,2010-01-20 00:00:00,795,32583,1,275.5725,GBP
2010-01-15 00:00:00,2010-01-20 00:00:00,795,33176,1,275.5725,GBP
2010-01-15 00:00:00,2010-01-20 00:00:00,795,36110,1,275.5725,USD
2010-01-15 00:00:00,2010-01-20 00:00:00,795,41621,1,275.5725,USD
2010-01-15 00:00:00,2010-01-20 00:00:00,795,71902,1,275.5725,GBP
2010-01-15 00:00:00,2010-01-20 00:00:00,795,73110,1,275.5725,USD
2010-01-15 00:00:00,2010-01-20 00:00:00,795,76087,1,275.5725,GBP
2010-01-15 00:00:00,2010-01-20 00:00:00,795,79027,1,275.5725,USD
2010-01-15 00:00:00,2010-01-20 00:00:00,795,85304,1,275.5725,USD
2010-01-15 00:00:00,2010-01-20 00:00:00,795,85308,1,275.5725,USD
2010-01-15 00:00:00,2010-01-20 00:00:00,795,90248,1,275.5725,USD
2010-01-15 00:00:00,2010-01-20 00:00:00,795,90505,1,275.5725,USD
2010-01-15 00:00:00,2010-01-20 00:00:00,795,92028,1,275.5725,USD
2010-01-15 00:00:00,2010-01-20 00:00:00,795,92345,1,275.5725,USD
2010-01-15 00:00:00,2010-01-20 00:00:00,795,92648,1,275.5725,GBP
2010-01-15 00:00:00,2010-01-20 00:00:00,795,92801,1,275.5725,USD
2010-01-15 00:00:00,2010-01-20 00:00:00,795,93536,1,275.5725,GBP
2010-01-15 00:00:00,2010-01-20 00:00:00,795,94571,1,275.5725,USD
2010-01-15 00:00:00,2010-01-20 00:00:00,795,95130,1,275.5725,USD
2010-01-15 00:00:00,2010-01-20 00:00:00,795,95603,1,275.5725,GBP
2010-01-15 00:00:00,2010-01-20 00:00:00,795,95746,1,275.5725,USD
2010-01-15 00:00:00,2010-01-20 00:00:00,796,06082,1,272.9475,GBP
2010-01-15 00:00:00,2010-01-20 00:00:00,796,33027,1,275.5725,USD
2010-01-15 00:00:00,2010-01-20 00:00:00,796,35235,1,275.5725,GBP
2010-01-15 00:00:00,2010-01-20 00:00:00,796,41621,1,275.5725,USD
2010-01-15 00:00:00,2010-01-20 00:00:00,796,70770,1,275.5725,USD
2010-01-15 00:00:00,2010-01-20 00:00:00,796,73110,1,275.5725,USD
2010-01-15 00:00:00,2010-01-20 00:00:00,796,76087,1,275.5725,GBP
2010-01-15 00:00:00,2010-01-20 00:00:00,796,77429,1,275.5725,USD
2010-01-15 00:00:00,2010-01-20 00:00:00,796,78717,1,275.5725,USD
2010-01-15 00:00:00,2010-01-20 00:00:00,796,79027,1,275.5725,GBP
2010-01-15 00:00:00,2010-01-20 00:00:00,796,84074,1,275.5725,USD
2010-01-15 00:00:00,2010-01-20 00:00:00,796,85308,1,275.5725,USD
2010-01-15 00:00:00,2010-01-20 00:00:00,796,90025,1,275.5725,USD
2010-01-15 00:00:00,2010-01-20 00:00:00,796,91321,1,275.5725,GBP
2010-01-15 00:00:00,2010-01-20 00:00:00,796,91401,1,275.5725,GBP
2010-01-15 00:00:00,2010-01-20 00:00:00,796,92507,1,275.5725,GBP
2010-01-15 00:00:00,2010-01-20 00:00:00,796,92562,1,275.5725,GBP
2010-01-15 00:00:00,2010-01-20 00:00:00,796,93274,1,275.5725,GBP
2010-01-15 00:00:00,2010-01-20 00:00:00,796,93308,1,275.5725,GBP
2010-01-15 00:00:00,2010-01-20 00:00:00,796,94533,1,275.5725,GBP
2010-01-15 00:00:00,2010-01-20 00:00:00,796,94571,1,275.5725,GBP
2010-01-15 00:00:00,2010-01-20 00:00:00,796,94947,1,275.5725,GBP
2010-01-15 00:00:00,2010-01-20 00:00:00,796,95062,1,275.5725,GBP
2010-01-15 00:00:00,2010-01-20 00:00:00,796,97116,1,272.9475,USD
2010-01-15 00:00:00,2010-01-20 00:00:00,797,01364,1,301.8225,GBP
2010-01-15 00:00:00,2010-01-20 00:00:00,797,02767,1,301.8225,GBP
2010-01-15 00:00:00,2010-01-20 00:00:00,797,08753,2,603.645,GBP
2010-01-15 00:00:00,2010-01-20 00:00:00,797,32583,1,301.8225,USD
2010-01-15 00:00:00,2010-01-20 00:00:00,797,33624,1,301.8225,GBP
2010-01-15 00:00:00,2010-01-20 00:00:00,797,41332,1,301.8225,USD
2010-01-15 00:00:00,2010-01-20 00:00:00,797,67211,1,301.8225,USD
2010-01-15 00:00:00,2010-01-20 00:00:00,797,70774,1,301.8225,USD
2010-01-15 00:00:00,2010-01-20 00:00:00,797,73064,1,301.8225,USD
2010-01-15 00:00:00,2010-01-20 00:00:00,797,75149,1,301.8225,GBP
2010-01-15 00:00:00,2010-01-20 00:00:00,797,84017,1,301.8225,GBP
2010-01-15 00:00:00,2010-01-20 00:00:00,797,84093,1,301.8225,USD
2010-01-15 00:00:00,2010-01-20 00:00:00,797,84121,1,301.8225,GBP
2010-01-15 00:00:00,2010-01-20 00:00:00,797,84774,1,301.8225,GBP
2010-01-15 00:00:00,2010-01-20 00:00:00,797,86426,1,301.8225,GBP
2010-01-15 00:00:00,2010-01-20 00:00:00,797,90746,1,301.8225,USD
2010-01-15 00:00:00,2010-01-20 00:00:00,797,91325,1,301.8225,GBP
2010-01-15 00:00:00,2010-01-20 00:00:00,797,91505,1,301.8225,GBP
2010-01-15 00:00:00,2010-01-20 00:00:00,797,91710,1,301.8225,USD
2010-01-15 00:00:00,2010-01-20 00:00:00,797,92029,1,301.8225,GBP
2010-01-15 00:00:00,2010-01-20 00:00:00,797,92629,1,301.8225,USD
2010-01-15 00:00:00,2010-01-20 00:00:00,797,92683,1,301.8225,GBP
2010-01-15 00:00:00,2010-01-20 00:00:00,797,93555,3,905.4675,GBP
2010-01-15 00:00:00,2010-01-20 00:00:00,797,95959,1,301.8225,USD
2010-01-15 00:00:00,2010-01-20 00:00:00,797,97123,1,301.8225,USD
2010-01-15 00:00:00,2010-01-20 00:00:00,802,93245,1,162.6975,USD
2010-01-15 00:00:00,2010-01-20 00:00:00,823,75154,1,619.4475,USD
2010-01-15 00:00:00,2010-01-20 00:00:00,833,33615,1,803.1975,USD
2010-01-15 00:00:00,2010-01-20 00:00:00,833,78216,1,792.6975,USD
2010-01-15 00:00:00,2010-01-20 00:00:00,833,90640,1,803.1975,USD
2010-01-15 00:00:00,2010-01-20 00:00:00,837,76531,1,813.6975,USD
2010-01-15 00:00:00,2010-01-20 00:00:00,838,29483,1,929.1975,GBP
2010-01-15 00:00:00,2010-01-20 00:00:00,838,29526,1,934.4475,USD
2010-01-15 00:00:00,2010-01-20 00:00:00,838,32713,1,929.1975,GBP
2010-01-15 00:00:00,2010-01-20 00:00:00,838,33584,1,944.9475,GBP
2010-01-15 00:00:00,2010-01-20 00:00:00,838,33701,1,944.9475,USD
2010-01-15 00:00:00,2010-01-20 00:00:00,838,70584,1,944.9475,GBP
2010-01-15 00:00:00,2010-01-20 00:00:00,838,70739,1,944.9475,USD
2010-01-15 00:00:00,2010-01-20 00:00:00,838,72834,1,934.4475,GBP
2010-01-15 00:00:00,2010-01-20 00:00:00,838,78250,1,944.9475,USD
2010-01-15 00:00:00,2010-01-20 00:00:00,838,79504,1,934.4475,GBP
2010-01-15 00:00:00,2010-01-20 00:00:00,838,89121,1,934.4475,USD
2010-01-15 00:00:00,2010-01-20 00:00:00,842,07024,1,750.6975,GBP
2010-01-15 00:00:00,2010-01-20 00:00:00,847,33129,1,603.6975,USD
2010-01-15 00:00:00,2010-01-20 00:00:00,847,46071,1,603.6975,USD
2010-01-15 00:00:00,2010-01-20 00:00:00,852,01752,1,745.4475,GBP
2010-01-15 00:00:00,2010-01-20 00:00:00,852,32712,1,745.4475,GBP
2010-01-15 00:00:00,2010-01-20 00:00:00,852,32935,1,745.4475,GBP
2010-01-15 00:00:00,2010-01-20 00:00:00,852,33983,1,745.4475,USD
2010-01-15 00:00:00,2010-01-20 00:00:00,852,85234,1,771.6975,USD
2010-01-15 00:00:00,2010-01-20 00:00:00,853,76016,1,456.6975,GBP
2010-01-15 00:00:00,2010-01-20 00:00:00,862,29053,1,304.4475,USD
2010-01-15 00:00:00,2010-01-20 00:00:00,862,85210,1,209.9475,USD
2010-01-15 00:00:00,2010-01-20 00:00:00,863,29621,1,299.1975,USD
2010-01-15 00:00:00,2010-01-20 00:00:00,863,33173,1,304.4475,GBP
2010-01-15 00:00:00,2010-01-20 00:00:00,901,33028,1,409.4475,USD
2010-01-15 00:00:00,2010-01-20 00:00:00,901,33177,1,409.4475,USD
2010-01-15 00:00:00,2010-01-20 00:00:00,901,87124,1,409.4475,USD
2010-01-15 00:00:00,2010-01-20 00:00:00,901,90275,1,409.4475,USD
2010-01-15 00:00:00,2010-01-20 00:00:00,901,92704,1,409.4475,USD
2010-01-15 00:00:00,2010-01-20 00:00:00,901,97408,1,409.4475,USD
2010-01-15 00:00:00,2010-01-20 00:00:00,910,29621,1,414.6975,USD
2010-01-15 00:00:00,2010-01-20 00:00:00,910,77083,1,414.6975,USD
2010-01-15 00:00:00,2010-01-20 00:00:00,910,97303,1,414.6975,USD
2010-01-15 00:00:00,2010-01-20 00:00:00,914,32127,1,603.6975,GBP
2010-01-15 00:00:00,2010-01-20 00:00:00,914,33073,1,603.6975,USD
2010-01-15 00:00:00,2010-01-20 00:00:00,914,89118,1,603.6975,GBP
2010-01-15 00:00:00,2010-01-20 00:00:00,921,66604,1,524.9475,GBP
2010-01-15 00:00:00,2010-01-20 00:00:00,921,70548,1,524.9475,GBP
2010-01-15 00:00:00,2010-01-20 00:00:00,921,72702,1,524.9475,GBP
2010-01-15 00:00:00,2010-01-20 00:00:00,921,97701,1,524.9475,USD
2010-01-15 00:00:00,2010-01-20 00:00:00,922,32228,1,472.4475,USD
2010-01-15 00:00:00,2010-01-20 00:00:00,922,33071,2,944.895,USD
2010-01-15 00:00:00,2010-01-20 00:00:00,922,85044,1,472.4475,GBP
2010-01-15 00:00:00,2010-01-20 00:00:00,922,94070,1,472.4475,GBP
2010-01-15 00:00:00,2010-01-20 00:00:00,922,94558,1,472.4475,GBP
2010-01-15 00:00:00,2010-01-20 00:00:00,932,85546,1,430.4475,USD
2010-01-15 00:00:00,2010-01-20 00:00:00,936,07208,2,997.395,GBP
2010-01-15 00:00:00,2010-01-20 00:00:00,936,34233,1,498.6975,GBP
2010-01-15 00:00:00,2010-01-20 00:00:00,936,85283,1,498.6975,USD
2010-01-15 00:00:00,2010-01-20 00:00:00,940,32131,1,671.9475,USD
2010-01-15 00:00:00,2010-01-20 00:00:00,940,33160,1,671.9475,GBP
2010-01-15 00:00:00,2010-01-20 00:00:00,940,33417,1,671.9475,USD
2010-01-15 00:00:00,2010-01-20 00:00:00,940,33912,1,671.9475,USD
2010-01-15 00:00:00,2010-01-20 00:00:00,940,92019,1,671.9475,USD
2010-01-15 00:00:00,2010-01-20 00:00:00,940,94538,1,687.6975,USD
2010-01-15 00:00:00,2010-01-20 00:00:00,962,32533,1,524.9475,USD
2010-01-15 00:00:00,2010-01-20 00:00:00,962,33013,1,524.9475,USD
2010-01-15 00:00:00,2010-01-20 00:00:00,962,33076,1,524.9475,GBP
2010-01-15 00:00:00,2010-01-20 00:00:00,962,33133,1,524.9475,USD
2010-01-15 00:00:00,2010-01-20 00:00:00,962,33317,1,524.9475,GBP
2010-01-15 00:00:00,2010-01-20 00:00:00,962,34285,1,524.9475,USD
2010-01-15 00:00:00,2010-01-20 00:00:00,962,51529,1,524.9475,USD
2010-01-15 00:00:00,2010-01-20 00:00:00,962,77371,1,524.9475,GBP
2010-01-15 00:00:00,2010-01-20 00:00:00,964,33283,1,356.9475,GBP
2010-01-15 00:00:00,2010-01-20 00:00:00,964,36567,1,356.9475,USD
2010-01-15 00:00:00,2010-01-20 00:00:00,964,38118,1,346.4475,USD
2010-01-15 00:00:00,2010-01-20 00:00:00,964,40258,1,346.4475,GBP
2010-01-15 00:00:00,2010-01-20 00:00:00,964,70458,1,356.9475,USD
2010-01-15 00:00:00,2010-01-20 00:00:00,964,77063,1,356.9475,GBP
2010-01-15 00:00:00,2010-01-20 00:00:00,979,63017,1,409.4475,USD
2010-01-15 00:00:00,2010-01-20 00:00:00,979,72543,1,409.4475,USD
2010-01-15 00:00:00,2010-01-20 00:00:00,979,90277,1,409.4475,GBP
2010-01-15 00:00:00,2010-01-20 00:00:00,981,32211,1,157.4475,GBP
2010-01-15 00:00:00,2010-01-20 00:00:00,981,33409,1,157.4475,GBP
2010-01-15 00:00:00,2010-01-20 00:00:00,981,33433,1,157.4475,GBP
2010-01-15 00:00:00,2010-01-20 00:00:00,981,33901,1,167.9475,GBP
2010-01-15 00:00:00,2010-01-20 00:00:00,981,36830,1,157.4475,USD
2010-01-15 00:00:00,2010-01-20 00:00:00,981,76034,1,157.4475,GBP
2010-01-15 00:00:00,2010-01-20 00:00:00,981,78023,1,157.4475,GBP
2010-01-15 00:00:00,2010-01-20 00:00:00,981,93003,1,157.4475,GBP
2010-01-15 00:00:00,2010-01-20 00:00:00,981,93150,1,157.4475,USD
2010-01-15 00:00:00,2010-01-20 00:00:00,989,08610,1,467.1975,GBP
2010-01-15 00:00:00,2010-01-20 00:00:00,989,33155,1,451.4475,USD
2010-01-15 00:00:00,2010-01-20 00:00:00,989,41749,1,451.4475,GBP
2010-01-15 00:00:00,2010-01-20 00:00:00,989,41749,1,451.4475,USD
2010-01-15 00:00:00,2010-01-20 00:00:00,989,73127,1,467.1975,GBP
2010-01-15 00:00:00,2010-01-20 00:00:00,989,85233,1,467.1975,GBP
2010-01-15 00:00:00,2010-01-20 00:00:00,990,32433,1,524.9475,GBP
2010-01-15 00:00:00,2010-01-20 00:00:00,990,41230,1,530.1975,GBP
2010-01-15 00:00:00,2010-01-20 00:00:00,990,70535,1,503.9475,USD
2010-01-15 00:00:00,2010-01-20 00:00:00,990,78373,1,503.9475,GBP
2010-01-15 00:00:00,2010-01-20 00:00:00,992,25669,1,278.1975,GBP
2010-01-15 00:00:00,2010-01-20 00:00:00,992,29440,1,278.1975,GBP
2010-01-15 00:00:00,2010-01-20 00:00:00,992,29715,1,288.6975,USD
2010-01-15 00:00:00,2010-01-20 00:00:00,992,33185,1,314.9475,USD
2010-01-15 00:00:00,2010-01-20 00:00:00,992,38313,1,278.1975,GBP
2010-01-15 00:00:00,2010-01-20 00:00:00,992,70377,1,288.6975,GBP
2010-01-15 00:00:00,2010-01-20 00:00:00,992,77396,1,278.1975,USD
2010-01-15 00:00:00,2010-01-20 00:00:00,992,77521,1,278.1975,USD
2010-01-15 00:00:00,2010-01-20 00:00:00,992,85282,1,288.6975,GBP
2010-01-15 00:00:00,2010-01-20 00:00:00,992,90077,1,314.9475,USD
2010-01-15 00:00:00,2010-01-20 00:00:00,1003,34442,1,86.5725,USD
2010-01-15 00:00:00,2010-01-20 00:00:00,1003,46135,1,86.5725,GBP
2010-01-15 00:00:00,2010-01-20 00:00:00,1003,93270,1,83.9475,USD
2010-01-15 00:00:00,2010-01-20 00:00:00,1005,33463,1,107.5725,GBP
2010-01-15 00:00:00,2010-01-20 00:00:00,1005,70506,1,107.5725,GBP
2010-01-15 00:00:00,2010-01-20 00:00:00,1005,72206,1,107.5725,USD
2010-01-15 00:00:00,2010-01-20 00:00:00,1005,77573,1,107.5725,GBP
2010-01-15 00:00:00,2010-01-20 00:00:00,1005,78217,1,107.5725,GBP
2010-01-15 00:00:00,2010-01-20 00:00:00,1005,89118,1,107.5725,USD
2010-01-15 00:00:00,2010-01-20 00:00:00,1005,92651,2,215.145,GBP
2010-01-15 00:00:00,2010-01-20 00:00:00,1005,92780,1,107.5725,USD
2010-01-15 00:00:00,2010-01-20 00:00:00,1005,95603,1,107.5725,GBP
2010-01-15 00:00:00,2010-01-20 00:00:00,1008,32958,1,236.1975,GBP
2010-01-15 00:00:00,2010-01-20 00:00:00,1008,34996,1,236.1975,USD
2010-01-15 00:00:00,2010-01-20 00:00:00,1008,85260,1,236.1975,USD
2010-01-15 00:00:00,2010-01-20 00:00:00,1008,94002,1,236.1975,USD
2010-01-15 00:00:00,2010-01-20 00:00:00,1014,40216,1,86.5725,GBP
2010-01-15 00:00:00,2010-01-20 00:00:00,1014,40219,1,86.5725,GBP
2010-01-15 00:00:00,2010-01-20 00:00:00,1014,54874,1,86.5725,GBP
2010-01-15 00:00:00,2010-01-20 00:00:00,1014,77639,1,86.5725,USD
2010-01-15 00:00:00,2010-01-20 00:00:00,1045,85333,1,207.3225,GBP
2010-01-15 00:00:00,2010-01-20 00:00:00,1045,90630,1,207.3225,USD
2010-01-15 00:00:00,2010-01-20 00:00:00,1045,91750,1,207.3225,USD
2010-01-15 00:00:00,2010-01-20 00:00:00,1045,95494,1,207.3225,USD
2010-01-15 00:00:00,2010-01-20 00:00:00,1046,20706,1,99.6975,USD
2010-01-15 00:00:00,2010-01-20 00:00:00,1046,29403,1,99.6975,GBP
2010-01-15 00:00:00,2010-01-20 00:00:00,1046,32054,1,99.6975,GBP
2010-01-15 00:00:00,2010-01-20 00:00:00,1046,37412,1,99.6975,USD
2010-01-15 00:00:00,2010-01-20 00:00:00,1046,68004,1,99.6975,GBP
2010-01-15 00:00:00,2010-01-20 00:00:00,1046,71220,1,99.6975,USD
2010-01-15 00:00:00,2010-01-20 00:00:00,1046,76548,1,99.6975,USD
2010-01-15 00:00:00,2010-01-20 00:00:00,1046,84404,1,99.6975,GBP
2010-01-15 00:00:00,2010-01-20 00:00:00,1046,97603,2,199.395,GBP
2010-01-15 00:00:00,2010-01-20 00:00:00,1053,20832,1,251.9475,GBP
2010-01-15 00:00:00,2010-01-20 00:00:00,1053,32401,1,251.9475,USD
2010-01-15 00:00:00,2010-01-20 00:00:00,1053,32926,1,251.9475,USD
2010-01-15 00:00:00,2010-01-20 00:00:00,1053,72103,1,251.9475,USD
2010-01-15 00:00:00,2010-01-20 00:00:00,1053,92067,1,251.9475,GBP
2010-01-15 00:00:00,2010-01-20 00:00:00,1053,94539,1,251.9475,GBP
2010-01-15 00:00:00,2010-01-20 00:00:00,1053,97013,1,251.9475,USD
2010-01-15 00:00:00,2010-01-20 00:00:00,1064,92028,1,233.5725,USD
2010-01-15 00:00:00,2010-01-20 00:00:00,1064,93455,1,241.4475,USD
2010-01-15 00:00:00,2010-01-20 00:00:00,1065,01054,1,296.5725,USD
2010-01-15 00:00:00,2010-01-20 00:00:00,1065,08901,1,296.5725,USD
2010-01-15 00:00:00,2010-01-20 00:00:00,1065,21030,1,296.5725,GBP
2010-01-15 00:00:00,2010-01-20 00:00:00,1065,21207,1,296.5725,USD
2010-01-15 00:00:00,2010-01-20 00:00:00,1065,32826,1,296.5725,USD
2010-01-15 00:00:00,2010-01-20 00:00:00,1065,35214,1,296.5725,USD
2010-01-15 00:00:00,2010-01-20 00:00:00,1065,35758,1,296.5725,USD
2010-01-15 00:00:00,2010-01-20 00:00:00,1065,46342,1,296.5725,USD
2010-01-15 00:00:00,2010-01-20 00:00:00,1065,46516,1,296.5725,GBP
2010-01-15 00:00:00,2010-01-20 00:00:00,1065,46628,1,296.5725,USD
2010-01-15 00:00:00,2010-01-20 00:00:00,1065,50049,1,296.5725,GBP
2010-01-15 00:00:00,2010-01-20 00:00:00,1065,54552,1,296.5725,GBP
2010-01-15 00:00:00,2010-01-20 00:00:00,1065,59601,1,296.5725,USD
2010-01-15 00:00:00,2010-01-20 00:00:00,1065,64081,1,296.5725,USD
2010-01-15 00:00:00,2010-01-20 00:00:00,1065,70458,1,296.5725,GBP
2010-01-15 00:00:00,2010-01-20 00:00:00,1065,73130,1,296.5725,GBP
2010-01-15 00:00:00,2010-01-20 00:00:00,1065,74105,1,296.5725,USD
2010-01-15 00:00:00,2010-01-20 00:00:00,1065,75206,1,275.5725,GBP
2010-01-15 00:00:00,2010-01-20 00:00:00,1065,75701,1,296.5725,GBP
2010-01-15 00:00:00,2010-01-20 00:00:00,1065,76137,1,296.5725,GBP
2010-01-15 00:00:00,2010-01-20 00:00:00,1065,77703,1,296.5725,USD
2010-01-15 00:00:00,2010-01-20 00:00:00,1065,82001,1,296.5725,GBP
2010-01-15 00:00:00,2010-01-20 00:00:00,1065,84057,1,296.5725,GBP
2010-01-15 00:00:00,2010-01-20 00:00:00,1065,84094,1,296.5725,USD
2010-01-15 00:00:00,2010-01-20 00:00:00,1065,85044,1,296.5725,USD
2010-01-15 00:00:00,2010-01-20 00:00:00,1065,85255,1,296.5725,USD
2010-01-15 00:00:00,2010-01-20 00:00:00,1065,85262,1,296.5725,GBP
2010-01-15 00:00:00,2010-01-20 00:00:00,1065,86022,1,296.5725,USD
2010-01-15 00:00:00,2010-01-20 00:00:00,1065,86040,1,296.5725,USD
2010-01-15 00:00:00,2010-01-20 00:00:00,1065,89110,2,593.145,USD
2010-01-15 00:00:00,2010-01-20 00:00:00,1065,89128,1,296.5725,USD
2010-01-15 00:00:00,2010-01-20 00:00:00,1065,89509,2,593.145,USD
2010-01-15 00:00:00,2010-01-20 00:00:00,1065,91042,1,296.5725,GBP
2010-01-15 00:00:00,2010-01-20 00:00:00,1065,92220,2,593.145,USD
2010-01-15 00:00:00,2010-01-20 00:00:00,1065,92346,1,296.5725,USD
2010-01-15 00:00:00,2010-01-20 00:00:00,1065,92501,1,296.5725,USD
2010-01-15 00:00:00,2010-01-20 00:00:00,1065,92688,1,296.5725,USD
2010-01-15 00:00:00,2010-01-20 00:00:00,1065,93906,1,296.5725,USD
2010-01-15 00:00:00,2010-01-20 00:00:00,1065,95315,1,296.5725,USD
2010-01-15 00:00:00,2010-01-20 00:00:00,1065,97116,2,593.145,GBP
2010-01-15 00:00:00,2010-01-20 00:00:00,1065,97404,1,296.5725,GBP
2010-01-15 00:00:00,2010-01-20 00:00:00,1065,97487,1,296.5725,GBP
2010-01-15 00:00:00,2010-01-20 00:00:00,1065,97801,1,296.5725,GBP
2010-01-15 00:00:00,2010-01-20 00:00:00,1066,01054,1,296.5725,GBP
2010-01-15 00:00:00,2010-01-20 00:00:00,1066,08360,1,296.5725,GBP
2010-01-15 00:00:00,2010-01-20 00:00:00,1066,08805,1,296.5725,GBP
2010-01-15 00:00:00,2010-01-20 00:00:00,1066,32835,1,296.5725,GBP
2010-01-15 00:00:00,2010-01-20 00:00:00,1066,34472,1,296.5725,GBP
2010-01-15 00:00:00,2010-01-20 00:00:00,1066,35115,1,296.5725,GBP
2010-01-15 00:00:00,2010-01-20 00:00:00,1066,35758,1,296.5725,GBP
2010-01-15 00:00:00,2010-01-20 00:00:00,1066,37110,1,296.5725,GBP
2010-01-15 00:00:00,2010-01-20 00:00:00,1066,37604,1,296.5725,GBP
2010-01-15 00:00:00,2010-01-20 00:00:00,1066,38583,1,296.5725,USD
2010-01-15 00:00:00,2010-01-20 00:00:00,1066,42345,1,296.5725,GBP
2010-01-15 00:00:00,2010-01-20 00:00:00,1066,50051,1,296.5725,GBP
2010-01-15 00:00:00,2010-01-20 00:00:00,1066,52003,1,296.5725,GBP
2010-01-15 00:00:00,2010-01-20 00:00:00,1066,54476,1,296.5725,GBP
2010-01-15 00:00:00,2010-01-20 00:00:00,1066,55920,1,296.5725,GBP
2010-01-15 00:00:00,2010-01-20 00:00:00,1066,64081,1,296.5725,GBP
2010-01-15 00:00:00,2010-01-20 00:00:00,1066,73130,1,296.5725,GBP
2010-01-15 00:00:00,2010-01-20 00:00:00,1066,74105,1,296.5725,GBP
2010-01-15 00:00:00,2010-01-20 00:00:00,1066,75052,1,296.5725,GBP
2010-01-15 00:00:00,2010-01-20 00:00:00,1066,75240,1,296.5725,GBP
2010-01-15 00:00:00,2010-01-20 00:00:00,1066,75555,1,296.5725,GBP
2010-01-15 00:00:00,2010-01-20 00:00:00,1066,77083,1,296.5725,GBP
2010-01-15 00:00:00,2010-01-20 00:00:00,1066,78701,1,296.5725,GBP
2010-01-15 00:00:00,2010-01-20 00:00:00,1066,79925,1,296.5725,GBP
2010-01-15 00:00:00,2010-01-20 00:00:00,1066,84062,1,296.5725,USD
2010-01-15 00:00:00,2010-01-20 00:00:00,1066,84642,1,296.5725,GBP
2010-01-15 00:00:00,2010-01-20 00:00:00,1066,85920,1,296.5725,GBP
2010-01-15 00:00:00,2010-01-20 00:00:00,1066,89301,1,296.5725,GBP
2010-01-15 00:00:00,2010-01-20 00:00:00,1066,91709,1,296.5725,USD
2010-01-15 00:00:00,2010-01-20 00:00:00,1066,92028,1,296.5725,USD
2010-01-15 00:00:00,2010-01-20 00:00:00,1066,92311,1,296.5725,GBP
2010-01-15 00:00:00,2010-01-20 00:00:00,1066,92377,1,296.5725,GBP
2010-01-15 00:00:00,2010-01-20 00:00:00,1066,92501,1,296.5725,USD
2010-01-15 00:00:00,2010-01-20 00:00:00,1066,92886,1,296.5725,USD
2010-01-15 00:00:00,2010-01-20 00:00:00,1066,97442,1,296.5725,GBP
2010-01-15 00:00:00,2010-01-20 00:00:00,1073,76054,1,209.9475,GBP
2010-01-15 00:00:00,2010-01-20 00:00:00,1074,76054,1,209.9475,USD
2010-01-15 00:00:00,2010-01-20 00:00:00,1079,21227,1,262.4475,GBP
2010-01-15 00:00:00,2010-01-20 00:00:00,1079,34215,1,262.4475,GBP
2010-01-15 00:00:00,2010-01-20 00:00:00,1079,84065,1,262.4475,GBP
2010-01-15 00:00:00,2010-01-20 00:00:00,1079,95963,1,262.4475,GBP
2010-01-15 00:00:00,2010-01-20 00:00:00,1080,33470,1,262.4475,GBP
2010-01-15 00:00:00,2010-01-20 00:00:00,1080,34215,1,262.4475,USD
2010-01-15 00:00:00,2010-01-20 00:00:00,1080,85215,1,262.4475,USD
2010-01-15 00:00:00,2010-01-20 00:00:00,1080,91401,1,262.4475,GBP
2010-01-15 00:00:00,2010-01-20 00:00:00,1081,08234,1,225.6975,GBP
2010-01-15 00:00:00,2010-01-20 00:00:00,1081,32746,1,225.6975,GBP
2010-01-15 00:00:00,2010-01-20 00:00:00,1081,33813,1,225.6975,USD
2010-01-15 00:00:00,2010-01-20 00:00:00,1081,34609,1,225.6975,USD
2010-01-15 00:00:00,2010-01-20 00:00:00,1081,39402,1,225.6975,GBP
2010-01-15 00:00:00,2010-01-20 00:00:00,1081,42303,1,225.6975,USD
2010-01-15 00:00:00,2010-01-20 00:00:00,1081,65337,1,225.6975,GBP
2010-01-15 00:00:00,2010-01-20 00:00:00,1081,74427,1,225.6975,GBP
2010-01-15 00:00:00,2010-01-20 00:00:00,1081,95926,1,225.6975,GBP
2010-01-15 00:00:00,2010-01-20 00:00:00,1082,33166,1,225.6975,USD
2010-01-15 00:00:00,2010-01-20 00:00:00,1082,97108,1,225.6975,GBP
2010-01-15 00:00:00,2010-01-20 00:00:00,1091,95076,1,169.5225,GBP
2010-01-15 00:00:00,2010-01-20 00:00:00,1105,21030,1,246.6975,GBP
2010-01-15 00:00:00,2010-01-20 00:00:00,1105,37331,1,246.6975,GBP
2010-01-15 00:00:00,2010-01-20 00:00:00,1105,39476,1,246.6975,GBP
2010-01-15 00:00:00,2010-01-20 00:00:00,1105,47807,1,493.395,USD
2010-01-15 00:00:00,2010-01-20 00:00:00,1105,73048,1,246.6975,GBP
2010-01-15 00:00:00,2010-01-20 00:00:00,1105,73065,1,246.6975,USD
2010-01-15 00:00:00,2010-01-20 00:00:00,1105,73507,1,246.6975,USD
2010-01-15 00:00:00,2010-01-20 00:00:00,1105,75090,1,246.6975,GBP
2010-01-15 00:00:00,2010-01-20 00:00:00,1105,75119,1,246.6975,GBP
2010-01-15 00:00:00,2010-01-20 00:00:00,1105,83236,1,246.6975,GBP
2010-01-15 00:00:00,2010-01-20 00:00:00,1105,90808,1,246.6975,USD
2010-01-15 00:00:00,2010-01-20 00:00:00,1106,47807,1,246.6975,USD
2010-01-15 00:00:00,2010-01-20 00:00:00,1106,63123,1,246.6975,USD
2010-01-15 00:00:00,2010-01-20 00:00:00,1106,73507,1,246.6975,USD
2010-01-15 00:00:00,2010-01-20 00:00:00,1106,90242,1,246.6975,USD
2010-01-15 00:00:00,2010-01-20 00:00:00,1109,32174,1,209.9475,GBP
2010-01-15 00:00:00,2010-01-20 00:00:00,1109,37886,1,209.9475,GBP
2010-01-15 00:00:00,2010-01-20 00:00:00,1109,95436,1,209.9475,GBP
2010-01-15 00:00:00,2010-01-20 00:00:00,1109,97442,1,209.9475,GBP
2010-01-15 00:00:00,2010-01-20 00:00:00,1110,01077,1,209.9475,USD
2010-01-15 00:00:00,2010-01-20 00:00:00,1110,02332,1,209.9475,GBP
2010-01-15 00:00:00,2010-01-20 00:00:00,1110,29617,1,209.9475,GBP
2010-01-15 00:00:00,2010-01-20 00:00:00,1110,33156,1,209.9475,GBP
2010-01-15 00:00:00,2010-01-20 00:00:00,1110,35242,1,209.9475,GBP
2010-01-15 00:00:00,2010-01-20 00:00:00,1110,36117,1,209.9475,GBP
2010-01-15 00:00:00,2010-01-20 00:00:00,1110,74965,1,209.9475,GBP
2010-01-15 00:00:00,2010-01-20 00:00:00,1110,89429,1,209.9475,USD
2010-01-15 00:00:00,2010-01-20 00:00:00,1110,95762,1,209.9475,GBP
2010-01-15 00:00:00,2010-01-20 00:00:00,1111,06078,1,116.4975,USD
2010-01-15 00:00:00,2010-01-20 00:00:00,1111,36535,1,116.4975,GBP
2010-01-15 00:00:00,2010-01-20 00:00:00,1111,46016,1,116.4975,GBP
2010-01-15 00:00:00,2010-01-20 00:00:00,1111,71104,1,116.4975,GBP
2010-01-15 00:00:00,2010-01-20 00:00:00,1111,75647,1,116.4975,GBP
2010-01-15 00:00:00,2010-01-20 00:00:00,1111,76446,1,116.4975,GBP
2010-01-15 00:00:00,2010-01-20 00:00:00,1111,77536,2,232.995,GBP
2010-01-15 00:00:00,2010-01-20 00:00:00,1111,77573,1,116.4975,USD
2010-01-15 00:00:00,2010-01-20 00:00:00,1111,90047,1,116.4975,GBP
2010-01-15 00:00:00,2010-01-20 00:00:00,1111,92243,1,116.4975,GBP
2010-01-15 00:00:00,2010-01-20 00:00:00,1111,92311,1,116.4975,GBP
2010-01-15 00:00:00,2010-01-20 00:00:00,1111,92708,1,116.4975,GBP
2010-01-15 00:00:00,2010-01-20 00:00:00,1111,93240,1,116.4975,GBP
2010-01-15 00:00:00,2010-01-20 00:00:00,1111,94544,1,116.4975,GBP
2010-01-15 00:00:00,2010-01-20 00:00:00,1112,29640,1,116.4975,GBP
2010-01-15 00:00:00,2010-01-20 00:00:00,1112,32244,1,116.4975,GBP
2010-01-15 00:00:00,2010-01-20 00:00:00,1112,32924,1,116.4975,GBP
2010-01-15 00:00:00,2010-01-20 00:00:00,1112,37421,1,116.4975,USD
2010-01-15 00:00:00,2010-01-20 00:00:00,1112,46738,1,116.4975,GBP
2010-01-15 00:00:00,2010-01-20 00:00:00,1112,58622,1,116.4975,USD
2010-01-15 00:00:00,2010-01-20 00:00:00,1112,77536,2,232.995,USD
2010-01-15 00:00:00,2010-01-20 00:00:00,1112,79605,1,116.4975,USD
2010-01-15 00:00:00,2010-01-20 00:00:00,1112,87002,1,116.4975,USD
2010-01-15 00:00:00,2010-01-20 00:00:00,1112,87105,1,116.4975,USD
2010-01-15 00:00:00,2010-01-20 00:00:00,1112,87124,1,116.4975,GBP
2010-01-15 00:00:00,2010-01-20 00:00:00,1112,90045,1,116.4975,GBP
2010-01-15 00:00:00,2010-01-20 00:00:00,1112,92123,1,116.4975,GBP
2010-01-15 00:00:00,2010-01-20 00:00:00,1112,93501,1,116.4975,GBP
2010-01-15 00:00:00,2010-01-20 00:00:00,1112,95122,1,116.4975,USD
2010-01-15 00:00:00,2010-01-20 00:00:00,1112,95425,1,116.4975,USD
2010-01-15 00:00:00,2010-01-20 00:00:00,1116,02809,1,251.9475,USD
2010-01-15 00:00:00,2010-01-20 00:00:00,1116,21157,1,251.9475,USD
2010-01-15 00:00:00,2010-01-20 00:00:00,1116,21207,1,251.9475,USD
2010-01-15 00:00:00,2010-01-20 00:00:00,1116,36532,1,251.9475,GBP
2010-01-15 00:00:00,2010-01-20 00:00:00,1116,56549,1,251.9475,USD
2010-01-15 00:00:00,2010-01-20 00:00:00,1116,73096,1,251.9475,GBP
2010-01-15 00:00:00,2010-01-20 00:00:00,1116,74464,1,251.9475,USD
2010-01-15 00:00:00,2010-01-20 00:00:00,1116,75065,1,251.9475,GBP
2010-01-15 00:00:00,2010-01-20 00:00:00,1116,76137,1,251.9475,GBP
2010-01-15 00:00:00,2010-01-20 00:00:00,1116,76513,1,251.9475,GBP
2010-01-15 00:00:00,2010-01-20 00:00:00,1116,84604,1,251.9475,USD
2010-01-15 00:00:00,2010-01-20 00:00:00,1116,85027,2,503.895,USD
2010-01-15 00:00:00,2010-01-20 00:00:00,1116,90272,1,251.9475,GBP
2010-01-15 00:00:00,2010-01-20 00:00:00,1116,90280,1,251.9475,GBP
2010-01-15 00:00:00,2010-01-20 00:00:00,1116,92683,1,251.9475,GBP
2010-01-15 00:00:00,2010-01-20 00:00:00,1116,92887,1,251.9475,USD
2010-01-15 00:00:00,2010-01-20 00:00:00,1120,08070,1,173.1975,USD
2010-01-15 00:00:00,2010-01-20 00:00:00,1120,20602,1,173.1975,USD
2010-01-15 00:00:00,2010-01-20 00:00:00,1120,21037,1,346.395,GBP
2010-01-15 00:00:00,2010-01-20 00:00:00,1120,21037,1,346.395,USD
2010-01-15 00:00:00,2010-01-20 00:00:00,1120,21220,1,173.1975,USD
2010-01-15 00:00:00,2010-01-20 00:00:00,1120,63019,1,173.1975,GBP
2010-01-15 00:00:00,2010-01-20 00:00:00,1120,77536,1,173.1975,GBP
2010-01-15 00:00:00,2010-01-20 00:00:00,1120,84340,1,173.1975,GBP
2010-01-15 00:00:00,2010-01-20 00:00:00,1120,85203,1,173.1975,GBP
2010-01-15 00:00:00,2010-01-20 00:00:00,1120,90504,1,173.1975,GBP
2010-01-15 00:00:00,2010-01-20 00:00:00,1120,91042,1,173.1975,USD
2010-01-15 00:00:00,2010-01-20 00:00:00,1120,92407,1,173.1975,GBP
2010-01-15 00:00:00,2010-01-20 00:00:00,1120,96097,1,173.1975,GBP
2010-01-15 00:00:00,2010-01-20 00:00:00,1122,32953,1,157.4475,USD
2010-01-15 00:00:00,2010-01-20 00:00:00,1122,33172,1,157.4475,USD
2010-01-15 00:00:00,2010-01-20 00:00:00,1122,36579,1,157.4475,GBP
2010-01-15 00:00:00,2010-01-20 00:00:00,1122,39046,1,157.4475,USD
2010-01-15 00:00:00,2010-01-20 00:00:00,1122,39402,1,157.4475,GBP
2010-01-15 00:00:00,2010-01-20 00:00:00,1122,76051,1,157.4475,GBP
2010-01-15 00:00:00,2010-01-20 00:00:00,1122,85219,1,157.4475,USD
2010-01-15 00:00:00,2010-01-20 00:00:00,1122,87505,1,157.4475,USD
2010-01-15 00:00:00,2010-01-20 00:00:00,1131,21122,1,419.9475,GBP
2010-01-15 00:00:00,2010-01-20 00:00:00,1131,32750,1,419.9475,GBP
2010-01-15 00:00:00,2010-01-20 00:00:00,1131,32826,1,419.9475,GBP
2010-01-15 00:00:00,2010-01-20 00:00:00,1131,34996,1,419.9475,GBP
2010-01-15 00:00:00,2010-01-20 00:00:00,1131,92020,1,419.9475,USD
2010-01-15 00:00:00,2010-01-20 00:00:00,1131,95667,1,419.9475,GBP
2010-01-15 00:00:00,2010-01-20 00:00:00,1132,32606,1,629.9475,USD
2010-01-15 00:00:00,2010-01-20 00:00:00,1132,72921,1,629.9475,USD
2010-01-15 00:00:00,2010-01-20 00:00:00,1132,76006,1,629.9475,USD
2010-01-15 00:00:00,2010-01-20 00:00:00,1132,76084,1,629.9475,USD
2010-01-15 00:00:00,2010-01-20 00:00:00,1132,77018,1,629.9475,USD
2010-01-15 00:00:00,2010-01-20 00:00:00,1132,84067,1,629.9475,GBP
2010-01-15 00:00:00,2010-01-20 00:00:00,1132,85301,1,629.9475,USD
2010-01-15 00:00:00,2010-01-20 00:00:00,1132,90022,1,629.9475,USD
2010-01-15 00:00:00,2010-01-20 00:00:00,1132,91784,1,629.9475,GBP
2010-01-15 00:00:00,2010-01-20 00:00:00,1132,97470,1,629.9475,USD
2010-01-15 00:00:00,2010-01-20 00:00:00,1133,70592,1,629.9475,GBP
2010-01-15 00:00:00,2010-01-20 00:00:00,1150,92220,1,392.7,GBP
2010-01-15 00:00:00,2010-01-20 00:00:00,1150,92501,3,1178.1,GBP
2010-01-15 00:00:00,2010-01-20 00:00:00,1157,07090,1,377.9475,GBP
2010-01-15 00:00:00,2010-01-20 00:00:00,1157,32301,1,377.9475,USD
2010-01-15 00:00:00,2010-01-20 00:00:00,1157,32817,1,377.9475,GBP
2010-01-15 00:00:00,2010-01-20 00:00:00,1157,33165,1,377.9475,USD
2010-01-15 00:00:00,2010-01-20 00:00:00,1157,33311,1,377.9475,USD
2010-01-15 00:00:00,2010-01-20 00:00:00,1157,33764,1,377.9475,USD
2010-01-15 00:00:00,2010-01-20 00:00:00,1157,37917,1,377.9475,GBP
2010-01-15 00:00:00,2010-01-20 00:00:00,1157,41183,1,377.9475,USD
2010-01-15 00:00:00,2010-01-20 00:00:00,1157,63021,1,377.9475,USD
2010-01-15 00:00:00,2010-01-20 00:00:00,1157,75065,1,377.9475,USD
2010-01-15 00:00:00,2010-01-20 00:00:00,1157,79108,1,377.9475,USD
2010-01-15 00:00:00,2010-01-20 00:00:00,1166,92584,1,524.9475,USD
2010-01-15 00:00:00,2010-01-20 00:00:00,1168,33126,1,367.4475,USD
2010-01-15 00:00:00,2010-01-20 00:00:00,1168,70058,1,367.4475,USD
2010-01-15 00:00:00,2010-01-20 00:00:00,1173,07111,1,524.9475,GBP
2010-01-15 00:00:00,2010-01-20 00:00:00,1173,21122,1,524.9475,GBP
2010-01-15 00:00:00,2010-01-20 00:00:00,1173,25045,1,524.9475,USD
2010-01-15 00:00:00,2010-01-20 00:00:00,1173,29420,1,524.9475,GBP
2010-01-15 00:00:00,2010-01-20 00:00:00,1173,33483,1,524.9475,USD
2010-01-15 00:00:00,2010-01-20 00:00:00,1173,37128,1,524.9475,USD
2010-01-15 00:00:00,2010-01-20 00:00:00,1173,37343,1,524.9475,USD
2010-01-15 00:00:00,2010-01-20 00:00:00,1173,47601,1,524.9475,USD
2010-01-15 00:00:00,2010-01-20 00:00:00,1173,88201,1,524.9475,GBP
2010-01-15 00:00:00,2010-01-20 00:00:00,1173,94089,1,524.9475,GBP
2010-01-15 00:00:00,2010-01-20 00:00:00,1173,94928,1,524.9475,GBP
2010-01-15 00:00:00,2010-01-20 00:00:00,1182,08087,1,157.4475,USD
2010-01-15 00:00:00,2010-01-20 00:00:00,1182,33055,1,157.4475,USD
2010-01-15 00:00:00,2010-01-20 00:00:00,1182,34953,1,157.4475,GBP
2010-01-15 00:00:00,2010-01-20 00:00:00,1182,37167,1,157.4475,GBP
2010-01-15 00:00:00,2010-01-20 00:00:00,1182,37315,1,157.4475,USD
2010-01-15 00:00:00,2010-01-20 00:00:00,1182,70434,1,157.4475,GBP
2010-01-15 00:00:00,2010-01-20 00:00:00,1182,92708,1,157.4475,USD
2010-01-15 00:00:00,2010-01-20 00:00:00,1182,94268,1,157.4475,USD
2010-01-15 00:00:00,2010-01-20 00:00:00,1182,95138,1,157.4475,USD
2010-01-15 00:00:00,2010-01-20 00:00:00,1185,33157,1,419.9475,GBP
2010-01-15 00:00:00,2010-01-20 00:00:00,1185,73503,1,419.9475,GBP
2010-01-15 00:00:00,2010-01-20 00:00:00,1185,75287,1,419.9475,USD
2010-01-15 00:00:00,2010-01-20 00:00:00,1185,76013,1,419.9475,GBP
2010-01-15 00:00:00,2010-01-20 00:00:00,1185,91351,1,419.9475,GBP
2010-01-15 00:00:00,2010-01-20 00:00:00,1185,92672,1,419.9475,USD
2010-01-15 00:00:00,2010-01-20 00:00:00,1185,95746,1,419.9475,USD
2010-01-15 00:00:00,2010-01-20 00:00:00,1188,21046,1,472.4475,USD
2010-01-15 00:00:00,2010-01-20 00:00:00,1188,77303,2,944.895,USD
2010-01-15 00:00:00,2010-01-20 00:00:00,1188,93230,1,472.4475,USD
2010-01-15 00:00:00,2010-01-20 00:00:00,1191,91351,1,257.1975,USD
2010-01-15 00:00:00,2010-01-20 00:00:00,1203,21012,1,314.9475,USD
2010-01-15 00:00:00,2010-01-20 00:00:00,1203,75647,1,314.9475,USD
2010-01-15 00:00:00,2010-01-20 00:00:00,1204,40160,1,419.9475,GBP
2010-01-15 00:00:00,2010-01-20 00:00:00,1205,34984,1,409.4475,USD
2010-01-15 00:00:00,2010-01-20 00:00:00,1215,02351,1,356.9475,GBP
2010-01-15 00:00:00,2010-01-20 00:00:00,1215,33062,1,356.9475,GBP
2010-01-15 00:00:00,2010-01-20 00:00:00,1215,33133,1,356.9475,GBP
2010-01-15 00:00:00,2010-01-20 00:00:00,1215,66217,1,356.9475,GBP
2010-01-15 00:00:00,2010-01-20 00:00:00,1215,77590,1,356.9475,GBP
2010-01-15 00:00:00,2010-01-20 00:00:00,1225,77019,1,236.1975,GBP
2010-01-15 00:00:00,2010-01-20 00:00:00,1227,34470,1,314.9475,GBP
2010-01-15 00:00:00,2010-01-20 00:00:00,1227,90295,1,330.6975,USD
2010-01-15 00:00:00,2010-01-20 00:00:00,1227,93901,1,351.6975,GBP
2010-01-15 00:00:00,2010-01-20 00:00:00,1227,95631,1,314.9475,USD
2010-01-15 00:00:00,2010-01-20 00:00:00,1229,95116,1,236.1975,USD
2010-01-15 00:00:00,2010-01-20 00:00:00,1230,32746,1,524.9475,USD
2010-01-15 00:00:00,2010-01-20 00:00:00,1230,33765,1,524.9475,GBP
2010-01-15 00:00:00,2010-01-20 00:00:00,1230,52353,1,519.6975,GBP
2010-01-15 00:00:00,2010-01-20 00:00:00,1230,77359,1,519.6975,GBP
2010-01-15 00:00:00,2010-01-20 00:00:00,1230,77510,1,524.9475,USD
2010-01-15 00:00:00,2010-01-20 00:00:00,1230,79705,1,519.6975,USD
2010-01-15 00:00:00,2010-01-20 00:00:00,1230,92067,1,519.6975,GBP
2010-01-15 00:00:00,2010-01-20 00:00:00,1230,93950,1,519.6975,GBP
2010-01-15 00:00:00,2010-01-20 00:00:00,1230,94585,1,519.6975,USD
2010-01-15 00:00:00,2010-01-20 00:00:00,1233,95943,1,330.645,USD
2010-01-15 00:00:00,2010-01-20 00:00:00,1298,25271,1,346.395,GBP
2010-01-15 00:00:00,2010-01-20 00:00:00,1298,85248,1,346.395,GBP
2010-01-15 00:00:00,2010-01-20 00:00:00,1298,92373,1,346.395,USD
2010-01-15 00:00:00,2010-01-20 00:00:00,1298,95938,1,346.395,GBP
2010-01-15 00:00:00,2010-01-20 00:00:00,1317,08270,1,307.02,USD
2010-01-15 00:00:00,2010-01-20 00:00:00,1317,33166,1,307.02,USD
2010-01-15 00:00:00,2010-01-20 00:00:00,1318,08311,2,614.04,GBP
2010-01-15 00:00:00,2010-01-20 00:00:00,1318,26101,1,307.02,USD
2010-01-15 00:00:00,2010-01-20 00:00:00,1318,63367,1,307.02,USD
2010-01-15 00:00:00,2010-01-20 00:00:00,1318,94404,1,307.02,GBP
2010-01-15 00:00:00,2010-01-20 00:00:00,1329,08232,1,92.82,GBP
2010-01-15 00:00:00,2010-01-20 00:00:00,1329,25312,1,91.77,GBP
2010-01-15 00:00:00,2010-01-20 00:00:00,1329,32193,1,92.82,USD
2010-01-15 00:00:00,2010-01-20 00:00:00,1329,50129,2,556.92,GBP
2010-01-15 00:00:00,2010-01-20 00:00:00,1329,50129,2,371.28,USD
2010-01-15 00:00:00,2010-01-20 00:00:00,1329,78660,1,92.82,USD
2010-01-15 00:00:00,2010-01-20 00:00:00,1329,79373,1,92.82,GBP
2010-01-15 00:00:00,2010-01-20 00:00:00,1329,85310,1,92.82,GBP
2010-01-15 00:00:00,2010-01-20 00:00:00,1329,89030,1,92.82,GBP
2010-01-15 00:00:00,2010-01-20 00:00:00,1329,89301,1,92.82,GBP
2010-01-15 00:00:00,2010-01-20 00:00:00,1330,32193,1,92.82,GBP
2010-01-15 00:00:00,2010-01-20 00:00:00,1330,50120,1,92.82,USD
2010-01-15 00:00:00,2010-01-20 00:00:00,1330,50129,2,371.28,USD
2010-01-15 00:00:00,2010-01-20 00:00:00,1330,64014,1,92.82,USD
2010-01-15 00:00:00,2010-01-20 00:00:00,1330,78660,1,92.82,USD
2010-01-15 00:00:00,2010-01-20 00:00:00,1330,90077,1,92.82,GBP
2010-01-15 00:00:00,2010-01-20 00:00:00,1330,92592,2,185.64,USD
2010-01-15 00:00:00,2010-01-20 00:00:00,1330,92646,1,92.82,GBP
2010-01-15 00:00:00,2010-01-20 00:00:00,1345,21160,1,304.395,GBP
2010-01-15 00:00:00,2010-01-20 00:00:00,1345,25801,1,304.395,GBP
2010-01-15 00:00:00,2010-01-20 00:00:00,1346,25801,1,304.395,GBP
2010-01-15 00:00:00,2010-01-20 00:00:00,1346,92808,1,304.395,USD
2010-01-15 00:00:00,2010-01-20 00:00:00,1347,75154,1,299.145,GBP
2010-01-15 00:00:00,2010-01-20 00:00:00,1347,90501,1,299.145,GBP
2010-01-15 00:00:00,2010-01-20 00:00:00,1348,25812,1,299.145,GBP
2010-01-15 00:00:00,2010-01-20 00:00:00,1348,47041,1,299.145,USD
2010-01-15 00:00:00,2010-01-20 00:00:00,1348,92557,1,299.145,USD
2010-01-15 00:00:00,2010-01-20 00:00:00,1351,76006,1,309.645,GBP
2010-01-15 00:00:00,2010-01-20 00:00:00,1351,89021,1,309.645,USD
2010-01-15 00:00:00,2010-01-20 00:00:00,1351,94024,1,309.645,USD
2010-01-15 00:00:00,2010-01-20 00:00:00,1352,76006,1,309.645,GBP
2010-01-15 00:00:00,2010-01-20 00:00:00,1352,84108,1,309.645,GBP
2010-01-15 00:00:00,2010-01-20 00:00:00,1352,95129,1,309.645,GBP
2010-01-15 00:00:00,2010-01-20 00:00:00,1352,97405,1,309.645,GBP
2010-01-15 00:00:00,2010-01-20 00:00:00,1379,92867,1,314.895,GBP
2010-01-15 00:00:00,2010-01-20 00:00:00,1380,94566,1,314.895,GBP
2010-01-15 00:00:00,2010-01-20 00:00:00,1425,33166,1,286.02,GBP
2010-01-15 00:00:00,2010-01-20 00:00:00,1425,72947,1,286.02,GBP
2010-01-15 00:00:00,2010-01-20 00:00:00,1426,29620,1,286.02,USD
2010-01-15 00:00:00,2010-01-20 00:00:00,1426,33166,1,286.02,GBP
2010-01-15 00:00:00,2010-01-20 00:00:00,1426,83713,1,286.02,GBP
2010-01-15 00:00:00,2010-01-20 00:00:00,1429,41831,1,283.395,GBP
2010-01-15 00:00:00,2010-01-20 00:00:00,1429,93257,1,283.395,USD
2010-01-15 00:00:00,2010-01-20 00:00:00,1429,95350,1,283.395,GBP
2010-01-15 00:00:00,2010-01-20 00:00:00,1430,41831,1,283.395,GBP
2010-01-15 00:00:00,2010-01-20 00:00:00,1435,72762,1,312.27,GBP
2010-01-15 00:00:00,2010-01-20 00:00:00,1435,76247,1,312.27,GBP
2010-01-15 00:00:00,2010-01-20 00:00:00,1435,85204,1,312.27,GBP
2010-01-15 00:00:00,2010-01-20 00:00:00,1435,85224,1,312.27,USD
2010-01-15 00:00:00,2010-01-20 00:00:00,1435,92307,1,312.27,GBP
2010-01-15 00:00:00,2010-01-20 00:00:00,1435,95050,1,312.27,USD
2010-01-15 00:00:00,2010-01-20 00:00:00,1436,01603,1,312.27,GBP
2010-01-15 00:00:00,2010-01-20 00:00:00,1436,37876,1,312.27,GBP
2010-01-15 00:00:00,2010-01-20 00:00:00,1436,73089,1,312.27,USD
2010-01-15 00:00:00,2010-01-20 00:00:00,1436,89511,1,312.27,GBP
2010-01-15 00:00:00,2010-01-20 00:00:00,1436,92009,1,312.27,USD
2010-01-15 00:00:00,2010-01-20 00:00:00,1436,95050,1,312.27,USD
2010-01-15 00:00:00,2010-01-20 00:00:00,1449,33160,1,118.02,USD
2010-01-15 00:00:00,2010-01-20 00:00:00,1449,34761,1,118.02,USD
2010-01-15 00:00:00,2010-01-20 00:00:00,1449,91709,1,118.02,GBP
2010-01-15 00:00:00,2010-01-20 00:00:00,1449,91761,2,236.04,USD
2010-01-15 00:00:00,2010-01-20 00:00:00,1449,92243,1,118.02,GBP
2010-01-15 00:00:00,2010-01-20 00:00:00,1450,02053,1,118.02,USD
2010-01-15 00:00:00,2010-01-20 00:00:00,1450,29680,1,118.02,GBP
2010-01-15 00:00:00,2010-01-20 00:00:00,1450,32708,1,118.02,GBP
2010-01-15 00:00:00,2010-01-20 00:00:00,1450,33178,1,118.02,GBP
2010-01-15 00:00:00,2010-01-20 00:00:00,1477,08051,1,317.52,USD
2010-01-15 00:00:00,2010-01-20 00:00:00,1489,75115,1,262.395,USD
2010-01-15 00:00:00,2010-01-20 00:00:00,1489,97756,1,262.395,GBP
2010-01-15 00:00:00,2010-01-20 00:00:00,1517,25716,1,141.645,USD
2010-01-15 00:00:00,2010-01-20 00:00:00,1517,33467,1,141.645,USD
2010-01-15 00:00:00,2010-01-20 00:00:00,1517,38018,1,141.645,USD
2010-01-15 00:00:00,2010-01-20 00:00:00,1517,63304,1,141.645,USD
2010-01-15 00:00:00,2010-01-20 00:00:00,1517,84117,1,141.645,GBP
2010-01-15 00:00:00,2010-01-20 00:00:00,1517,89120,1,141.645,GBP
2010-01-15 00:00:00,2010-01-20 00:00:00,1518,06925,1,141.645,GBP
2010-01-15 00:00:00,2010-01-20 00:00:00,1518,08753,1,141.645,GBP
2010-01-15 00:00:00,2010-01-20 00:00:00,1518,33411,3,424.935,GBP
2010-01-15 00:00:00,2010-01-20 00:00:00,1518,38483,1,141.645,USD
2010-01-15 00:00:00,2010-01-20 00:00:00,1518,79235,1,141.645,GBP
2010-01-15 00:00:00,2010-01-20 00:00:00,1518,89104,1,141.645,USD
2010-01-15 00:00:00,2010-01-20 00:00:00,1518,95023,1,141.645,GBP
2010-01-15 00:00:00,2010-01-20 00:00:00,1535,32703,1,309.645,USD
2010-01-15 00:00:00,2010-01-20 00:00:00,1536,32703,1,309.645,USD
2010-01-15 00:00:00,2010-01-20 00:00:00,1554,95354,1,330.645,USD
2010-01-15 00:00:00,2010-01-20 00:00:00,1641,78681,1,70.77,USD
2010-01-15 00:00:00,2010-01-20 00:00:00,1641,79424,1,70.77,GBP
2010-01-15 00:00:00,2010-01-20 00:00:00,1641,91761,1,70.77,GBP
2010-01-15 00:00:00,2010-01-20 00:00:00,1641,92507,1,70.77,USD
2010-01-15 00:00:00,2010-01-20 00:00:00,1641,92562,1,70.77,GBP
2010-01-15 00:00:00,2010-01-20 00:00:00,1641,92592,1,70.77,GBP
2010-01-15 00:00:00,2010-01-20 00:00:00,1641,92612,1,70.77,GBP
2010-01-15 00:00:00,2010-01-20 00:00:00,1641,92866,1,70.77,GBP
2010-01-15 00:00:00,2010-01-20 00:00:00,1641,93308,1,70.77,GBP
2010-01-15 00:00:00,2010-01-20 00:00:00,1641,93446,2,141.54,GBP
2010-01-15 00:00:00,2010-01-20 00:00:00,1894,26101,1,682.2375,GBP
2010-01-15 00:00:00,2010-01-20 00:00:00,1894,29445,1,682.2375,USD
2010-01-15 00:00:00,2010-01-20 00:00:00,1894,37027,1,682.2375,GBP
2010-01-15 00:00:00,2010-01-20 00:00:00,1894,54143,1,682.2375,GBP
2010-01-15 00:00:00,2010-01-20 00:00:00,1894,55088,1,682.2375,USD
2010-01-15 00:00:00,2010-01-20 00:00:00,1894,56001,1,682.2375,USD
2010-01-15 00:00:00,2010-01-20 00:00:00,1894,63129,1,682.2375,USD
2010-01-15 00:00:00,2010-01-20 00:00:00,1894,65251,1,682.2375,USD
2010-01-15 00:00:00,2010-01-20 00:00:00,1894,78660,1,682.2375,USD
2010-01-15 00:00:00,2010-01-20 00:00:00,1894,79107,1,682.2375,USD
2010-01-15 00:00:00,2010-01-20 00:00:00,1894,79902,1,682.2375,USD
2010-01-15 00:00:00,2010-01-20 00:00:00,1894,84121,1,682.2375,GBP
2010-01-15 00:00:00,2010-01-20 00:00:00,1894,87301,1,682.2375,USD
2010-01-15 00:00:00,2010-01-20 00:00:00,1909,91354,1,199.4475,GBP
2010-01-15 00:00:00,2010-01-20 00:00:00,1911,26201,1,241.4475,USD
2010-01-15 00:00:00,2010-01-20 00:00:00,1911,29418,1,244.0725,GBP
2010-01-15 00:00:00,2010-01-20 00:00:00,1930,35456,1,283.4475,USD
2010-01-15 00:00:00,2010-01-20 00:00:00,1930,42103,1,283.4475,USD
2010-01-15 00:00:00,2010-01-20 00:00:00,1948,01420,1,296.5725,USD
2010-01-15 00:00:00,2010-01-20 00:00:00,1948,01431,1,296.5725,GBP
2010-01-15 00:00:00,2010-01-20 00:00:00,1948,08050,2,593.145,GBP
2010-01-15 00:00:00,2010-01-20 00:00:00,1948,21221,1,296.5725,GBP
2010-01-15 00:00:00,2010-01-20 00:00:00,1948,32780,4,1181.04,USD
2010-01-15 00:00:00,2010-01-20 00:00:00,1948,34232,1,296.5725,GBP
2010-01-15 00:00:00,2010-01-20 00:00:00,1948,34786,2,593.145,GBP
2010-01-15 00:00:00,2010-01-20 00:00:00,1948,38024,2,593.145,GBP
2010-01-15 00:00:00,2010-01-20 00:00:00,1948,42071,1,296.5725,USD
2010-01-15 00:00:00,2010-01-20 00:00:00,1948,46254,1,296.5725,USD
2010-01-15 00:00:00,2010-01-20 00:00:00,1948,46763,1,296.5725,GBP
2010-01-15 00:00:00,2010-01-20 00:00:00,1948,47802,1,296.5725,GBP
2010-01-15 00:00:00,2010-01-20 00:00:00,1948,47918,1,1482.8625,GBP
2010-01-15 00:00:00,2010-01-20 00:00:00,1948,47918,1,296.5725,USD
2010-01-15 00:00:00,2010-01-20 00:00:00,1948,52353,1,296.5725,GBP
2010-01-15 00:00:00,2010-01-20 00:00:00,1948,52722,1,296.5725,GBP
2010-01-15 00:00:00,2010-01-20 00:00:00,1948,52804,1,296.5725,GBP
2010-01-15 00:00:00,2010-01-20 00:00:00,1948,59730,1,296.5725,USD
2010-01-15 00:00:00,2010-01-20 00:00:00,1948,64015,1,296.5725,USD
2010-01-15 00:00:00,2010-01-20 00:00:00,1948,82601,1,296.5725,GBP
2010-01-15 00:00:00,2010-01-20 00:00:00,1948,82834,1,296.5725,USD
2010-01-15 00:00:00,2010-01-20 00:00:00,1948,83616,1,296.5725,USD
2010-01-15 00:00:00,2010-01-20 00:00:00,1948,83706,1,296.5725,USD
2010-01-15 00:00:00,2010-01-20 00:00:00,1948,84601,5,1482.8625,USD
2010-01-15 00:00:00,2010-01-20 00:00:00,1948,91350,2,593.145,USD
2010-01-15 00:00:00,2010-01-20 00:00:00,1948,92591,1,296.5725,USD
2010-01-15 00:00:00,2010-01-20 00:00:00,1948,93065,5,1482.8625,USD
2010-01-15 00:00:00,2010-01-20 00:00:00,1948,93308,1,296.5725,GBP
2010-01-15 00:00:00,2010-01-20 00:00:00,1948,94521,1,296.5725,USD
2010-01-15 00:00:00,2010-01-20 00:00:00,1948,94536,1,296.5725,GBP
2010-01-15 00:00:00,2010-01-20 00:00:00,1948,97756,1,296.5725,USD
2010-01-15 00:00:00,2010-01-20 00:00:00,1949,01095,1,296.5725,GBP
2010-01-15 00:00:00,2010-01-20 00:00:00,1949,02748,1,296.5725,GBP
2010-01-15 00:00:00,2010-01-20 00:00:00,1949,21702,1,296.5725,GBP
2010-01-15 00:00:00,2010-01-20 00:00:00,1949,33134,2,593.145,USD
2010-01-15 00:00:00,2010-01-20 00:00:00,1949,34232,1,296.5725,USD
2010-01-15 00:00:00,2010-01-20 00:00:00,1949,37388,1,296.5725,GBP
2010-01-15 00:00:00,2010-01-20 00:00:00,1949,37660,4,1186.29,USD
2010-01-15 00:00:00,2010-01-20 00:00:00,1949,37664,1,296.5725,USD
2010-01-15 00:00:00,2010-01-20 00:00:00,1949,46763,1,296.5725,GBP
2010-01-15 00:00:00,2010-01-20 00:00:00,1949,47802,1,296.5725,GBP
2010-01-15 00:00:00,2010-01-20 00:00:00,1949,47918,1,593.145,GBP
2010-01-15 00:00:00,2010-01-20 00:00:00,1949,47918,1,296.5725,USD
2010-01-15 00:00:00,2010-01-20 00:00:00,1949,50021,1,296.5725,GBP
2010-01-15 00:00:00,2010-01-20 00:00:00,1949,50049,1,296.5725,USD
2010-01-15 00:00:00,2010-01-20 00:00:00,1949,52353,1,296.5725,GBP
2010-01-15 00:00:00,2010-01-20 00:00:00,1949,52353,1,296.5725,USD
2010-01-15 00:00:00,2010-01-20 00:00:00,1949,53188,1,296.5725,GBP
2010-01-15 00:00:00,2010-01-20 00:00:00,1949,53820,1,296.5725,GBP
2010-01-15 00:00:00,2010-01-20 00:00:00,1949,55304,1,296.5725,USD
2010-01-15 00:00:00,2010-01-20 00:00:00,1949,57055,1,296.5725,USD
2010-01-15 00:00:00,2010-01-20 00:00:00,1949,66202,1,296.5725,GBP
2010-01-15 00:00:00,2010-01-20 00:00:00,1949,73013,1,296.5725,GBP
2010-01-15 00:00:00,2010-01-20 00:00:00,1949,77044,1,296.5725,GBP
2010-01-15 00:00:00,2010-01-20 00:00:00,1949,79902,1,296.5725,GBP
2010-01-15 00:00:00,2010-01-20 00:00:00,1949,82601,1,296.5725,USD
2010-01-15 00:00:00,2010-01-20 00:00:00,1949,84663,1,296.5725,USD
2010-01-15 00:00:00,2010-01-20 00:00:00,1949,89103,2,593.145,USD
2010-01-15 00:00:00,2010-01-20 00:00:00,1949,92129,2,593.145,GBP
2010-01-15 00:00:00,2010-01-20 00:00:00,1949,93117,1,296.5725,GBP
2010-01-15 00:00:00,2010-01-20 00:00:00,1949,93306,1,296.5725,GBP
2010-01-15 00:00:00,2010-01-20 00:00:00,1949,97031,1,296.5725,GBP
2010-01-15 00:00:00,2010-01-20 00:00:00,1956,21701,1,153.7725,USD
2010-01-15 00:00:00,2010-01-20 00:00:00,1956,26726,1,147.9975,GBP
2010-01-15 00:00:00,2010-01-20 00:00:00,1956,52353,1,153.7725,GBP
2010-01-15 00:00:00,2010-01-20 00:00:00,1956,55378,1,153.7725,GBP
2010-01-15 00:00:00,2010-01-20 00:00:00,1956,66414,1,153.7725,GBP
2010-01-15 00:00:00,2010-01-20 00:00:00,1956,75043,1,153.7725,USD
2010-01-15 00:00:00,2010-01-20 00:00:00,1956,75941,1,147.9975,GBP
2010-01-15 00:00:00,2010-01-20 00:00:00,1956,90621,2,307.545,GBP
2010-01-15 00:00:00,2010-01-20 00:00:00,1956,91406,1,153.7725,GBP
2010-01-15 00:00:00,2010-01-20 00:00:00,1956,92571,1,153.7725,USD
2010-01-15 00:00:00,2010-01-20 00:00:00,1956,95638,1,153.7725,USD
2010-01-15 00:00:00,2010-01-20 00:00:00,1957,08638,2,307.545,GBP
2010-01-15 00:00:00,2010-01-20 00:00:00,1957,21085,2,307.545,USD
2010-01-15 00:00:00,2010-01-20 00:00:00,1957,26726,1,147.9975,GBP
2010-01-15 00:00:00,2010-01-20 00:00:00,1957,52353,1,153.7725,GBP
2010-01-15 00:00:00,2010-01-20 00:00:00,1957,52619,1,153.7725,GBP
2010-01-15 00:00:00,2010-01-20 00:00:00,1957,75941,1,147.9975,USD
2010-01-15 00:00:00,2010-01-20 00:00:00,1957,84041,5,768.8625,GBP
2010-01-15 00:00:00,2010-01-20 00:00:00,1957,90621,2,307.545,USD
2010-01-15 00:00:00,2010-01-20 00:00:00,1957,92504,1,153.7725,USD
2010-01-15 00:00:00,2010-01-20 00:00:00,1957,93065,3,461.3175,USD
2010-01-15 00:00:00,2010-01-20 00:00:00,1957,97124,2,307.545,GBP
2010-01-15 00:00:00,2010-01-20 00:00:00,1957,99701,3,461.3175,GBP
2010-01-15 00:00:00,2010-01-20 00:00:00,1960,21771,1,97.0725,GBP
2010-01-15 00:00:00,2010-01-20 00:00:00,1960,32771,2,194.145,GBP
2010-01-15 00:00:00,2010-01-20 00:00:00,1960,38401,1,97.0725,GBP
2010-01-15 00:00:00,2010-01-20 00:00:00,1960,41774,1,97.0725,GBP
2010-01-15 00:00:00,2010-01-20 00:00:00,1960,47802,1,97.0725,GBP
2010-01-15 00:00:00,2010-01-20 00:00:00,1960,51039,1,97.0725,USD
2010-01-15 00:00:00,2010-01-20 00:00:00,1960,77573,1,97.0725,USD
2010-01-15 00:00:00,2010-01-20 00:00:00,1960,92886,1,97.0725,GBP
2010-01-15 00:00:00,2010-01-20 00:00:00,1961,07675,1,97.0725,USD
2010-01-15 00:00:00,2010-01-20 00:00:00,1961,21835,1,97.0725,GBP
2010-01-15 00:00:00,2010-01-20 00:00:00,1961,37762,1,97.0725,GBP
2010-01-15 00:00:00,2010-01-20 00:00:00,1961,72921,1,97.0725,USD
2010-01-15 00:00:00,2010-01-20 00:00:00,1961,74070,1,97.0725,GBP
2010-01-15 00:00:00,2010-01-20 00:00:00,1961,76302,1,97.0725,USD
2010-01-15 00:00:00,2010-01-20 00:00:00,1961,77346,1,97.0725,USD
2010-01-15 00:00:00,2010-01-20 00:00:00,1961,85541,1,97.0725,USD
2010-01-15 00:00:00,2010-01-20 00:00:00,1961,95694,1,97.0725,USD
2010-01-15 00:00:00,2010-01-20 00:00:00,1968,32927,1,236.1975,USD
2010-01-15 00:00:00,2010-01-20 00:00:00,1968,33331,1,238.8225,USD
2010-01-15 00:00:00,2010-01-20 00:00:00,1968,84066,1,236.1975,USD
2010-01-15 00:00:00,2010-01-20 00:00:00,1968,85365,1,236.1975,USD
2010-01-15 00:00:00,2010-01-20 00:00:00,1968,91942,1,238.8225,USD
2010-01-15 00:00:00,2010-01-20 00:00:00,1968,95959,1,238.8225,GBP
2010-01-15 00:00:00,2010-01-20 00:00:00,1969,96007,1,238.8225,USD
2010-01-15 00:00:00,2010-01-20 00:00:00,1974,08723,1,52.4475,GBP
2010-01-15 00:00:00,2010-01-20 00:00:00,1974,29710,1,52.4475,GBP
2010-01-15 00:00:00,2010-01-20 00:00:00,1974,35115,1,52.4475,USD
2010-01-15 00:00:00,2010-01-20 00:00:00,1974,47167,1,104.895,GBP
2010-01-15 00:00:00,2010-01-20 00:00:00,1974,70037,1,52.4475,USD
2010-01-15 00:00:00,2010-01-20 00:00:00,1974,83443,1,52.4475,USD
2010-01-15 00:00:00,2010-01-20 00:00:00,1974,91911,1,52.4475,USD
2010-01-15 00:00:00,2010-01-20 00:00:00,1974,92277,1,52.4475,USD
2010-01-15 00:00:00,2010-01-20 00:00:00,1974,95991,1,52.4475,USD
2010-01-15 00:00:00,2010-01-20 00:00:00,1974,97132,1,52.4475,USD
2010-01-15 00:00:00,2010-01-20 00:00:00,1975,02769,1,52.4475,USD
2010-01-15 00:00:00,2010-01-20 00:00:00,1975,08530,1,52.4475,USD
2010-01-15 00:00:00,2010-01-20 00:00:00,1975,21771,1,52.4475,GBP
2010-01-15 00:00:00,2010-01-20 00:00:00,1975,21835,1,52.4475,USD
2010-01-15 00:00:00,2010-01-20 00:00:00,1975,29138,1,52.4475,USD
2010-01-15 00:00:00,2010-01-20 00:00:00,1975,29170,1,52.4475,GBP
2010-01-15 00:00:00,2010-01-20 00:00:00,1975,33982,1,52.4475,USD
2010-01-15 00:00:00,2010-01-20 00:00:00,1975,35115,1,52.4475,USD
2010-01-15 00:00:00,2010-01-20 00:00:00,1975,36203,1,52.4475,USD
2010-01-15 00:00:00,2010-01-20 00:00:00,1975,47167,1,104.895,GBP
2010-01-15 00:00:00,2010-01-20 00:00:00,1975,63664,1,52.4475,USD
2010-01-15 00:00:00,2010-01-20 00:00:00,1975,66733,1,52.4475,USD
2010-01-15 00:00:00,2010-01-20 00:00:00,1975,70037,1,52.4475,USD
2010-01-15 00:00:00,2010-01-20 00:00:00,1975,95648,2,104.895,USD
2010-01-15 00:00:00,2010-01-20 00:00:00,1975,95827,1,52.4475,GBP
2010-01-15 00:00:00,2010-01-20 00:00:00,1975,97603,1,52.4475,USD
2010-01-15 00:00:00,2010-01-20 00:00:00,1990,25847,1,257.1975,USD
2010-01-15 00:00:00,2010-01-20 00:00:00,1990,29154,1,257.1975,USD
2010-01-15 00:00:00,2010-01-20 00:00:00,1990,29353,1,257.1975,USD
2010-01-15 00:00:00,2010-01-20 00:00:00,1990,32507,1,257.1975,USD
2010-01-15 00:00:00,2010-01-20 00:00:00,1990,32822,2,514.395,GBP
2010-01-15 00:00:00,2010-01-20 00:00:00,1990,34786,2,514.395,GBP
2010-01-15 00:00:00,2010-01-20 00:00:00,1990,35215,1,257.1975,GBP
2010-01-15 00:00:00,2010-01-20 00:00:00,1990,35553,1,257.1975,USD
2010-01-15 00:00:00,2010-01-20 00:00:00,1990,42301,1,257.1975,USD
2010-01-15 00:00:00,2010-01-20 00:00:00,1990,47918,1,514.395,GBP
2010-01-15 00:00:00,2010-01-20 00:00:00,1990,53820,1,257.1975,USD
2010-01-15 00:00:00,2010-01-20 00:00:00,1990,56725,2,514.395,USD
2010-01-15 00:00:00,2010-01-20 00:00:00,1990,57046,1,257.1975,GBP
2010-01-15 00:00:00,2010-01-20 00:00:00,1990,59715,1,257.1975,USD
2010-01-15 00:00:00,2010-01-20 00:00:00,1990,64151,1,257.1975,USD
2010-01-15 00:00:00,2010-01-20 00:00:00,1990,73026,1,257.1975,GBP
2010-01-15 00:00:00,2010-01-20 00:00:00,1990,91406,1,257.1975,USD
2010-01-15 00:00:00,2010-01-20 00:00:00,1990,91977,2,514.395,GBP
2010-01-15 00:00:00,2010-01-20 00:00:00,1990,92553,1,257.1975,USD
2010-01-15 00:00:00,2010-01-20 00:00:00,1990,92587,2,514.395,USD
2010-01-15 00:00:00,2010-01-20 00:00:00,1990,92627,7,1800.3825,USD
2010-01-15 00:00:00,2010-01-20 00:00:00,1990,93933,3,771.5925,GBP
2010-01-15 00:00:00,2010-01-20 00:00:00,1990,95338,1,257.1975,GBP
2010-01-15 00:00:00,2010-01-20 00:00:00,1990,95355,1,257.1975,USD
2010-01-15 00:00:00,2010-01-20 00:00:00,1990,95608,1,257.1975,USD
2010-01-15 00:00:00,2010-01-20 00:00:00,1990,97223,1,257.1975,USD
2010-01-15 00:00:00,2010-01-20 00:00:00,1990,97701,1,257.1975,USD
2010-01-15 00:00:00,2010-01-20 00:00:00,1990,99501,2,514.395,USD
2010-01-15 00:00:00,2010-01-20 00:00:00,1990,99504,1,257.1975,USD
2010-01-15 00:00:00,2010-01-20 00:00:00,1990,99567,1,257.1975,USD
2010-01-15 00:00:00,2010-01-20 00:00:00,1990,99701,2,514.395,USD
2010-01-15 00:00:00,2010-01-20 00:00:00,2005,95355,1,299.1975,USD
2010-01-15 00:00:00,2010-01-20 00:00:00,2012,08109,1,377.9475,USD
2010-01-15 00:00:00,2010-01-20 00:00:00,2012,70128,1,377.9475,GBP
2010-01-15 00:00:00,2010-01-20 00:00:00,2012,90301,1,377.9475,GBP
2010-01-15 00:00:00,2010-01-20 00:00:00,2032,21740,1,215.1975,GBP
2010-01-15 00:00:00,2010-01-20 00:00:00,2032,89119,1,220.4475,GBP
2010-01-15 00:00:00,2010-01-20 00:00:00,2032,94549,1,223.0725,GBP
2010-01-15 00:00:00,2010-01-20 00:00:00,2047,19943,1,377.9475,USD
2010-01-15 00:00:00,2010-01-20 00:00:00,2047,34746,1,377.9475,GBP
2010-01-15 00:00:00,2010-01-20 00:00:00,2047,46540,1,377.9475,GBP
2010-01-15 00:00:00,2010-01-20 00:00:00,2050,89131,1,498.6975,GBP
2010-01-15 00:00:00,2010-01-20 00:00:00,2050,95125,1,498.6975,GBP
2010-01-15 00:00:00,2010-01-20 00:00:00,2056,07753,1,325.4475,USD
2010-01-15 00:00:00,2010-01-20 00:00:00,2056,29687,1,325.4475,GBP
2010-01-15 00:00:00,2010-01-20 00:00:00,2056,35211,1,325.4475,GBP
2010-01-15 00:00:00,2010-01-20 00:00:00,2056,70818,1,320.1975,GBP
2010-01-15 00:00:00,2010-01-20 00:00:00,2056,71107,1,325.4475,GBP
2010-01-15 00:00:00,2010-01-20 00:00:00,2056,77598,1,325.4475,GBP
2010-01-15 00:00:00,2010-01-20 00:00:00,2056,83201,1,325.4475,GBP
2010-01-15 00:00:00,2010-01-20 00:00:00,2056,92410,1,325.4475,USD
2010-01-15 00:00:00,2010-01-20 00:00:00,2057,07432,1,472.4475,USD
2010-01-15 00:00:00,2010-01-20 00:00:00,2057,95630,1,472.4475,USD
2010-01-15 00:00:00,2010-01-20 00:00:00,2062,32927,1,551.1975,USD
2010-01-15 00:00:00,2010-01-20 00:00:00,2062,85022,1,551.1975,USD
2010-01-15 00:00:00,2010-01-20 00:00:00,2062,85233,1,545.9475,USD
2010-01-15 00:00:00,2010-01-20 00:00:00,2064,33410,1,488.1975,USD
2010-01-15 00:00:00,2010-01-20 00:00:00,2064,33605,1,488.1975,USD
2010-01-15 00:00:00,2010-01-20 00:00:00,2064,33613,1,488.1975,USD
2010-01-15 00:00:00,2010-01-20 00:00:00,2064,33707,1,488.1975,USD
2010-01-15 00:00:00,2010-01-20 00:00:00,2064,76131,1,488.1975,GBP
2010-01-15 00:00:00,2010-01-20 00:00:00,2064,78559,1,488.1975,USD
2010-01-15 00:00:00,2010-01-20 00:00:00,2064,85213,1,488.1975,USD
2010-01-15 00:00:00,2010-01-20 00:00:00,2064,85308,1,488.1975,GBP
2010-01-15 00:00:00,2010-01-20 00:00:00,2064,91604,1,488.1975,USD
2010-01-15 00:00:00,2010-01-20 00:00:00,2064,92117,1,488.1975,USD
2010-01-15 00:00:00,2010-01-20 00:00:00,2070,02702,1,519.6975,USD
2010-01-15 00:00:00,2010-01-20 00:00:00,2070,32703,2,1039.395,USD
2010-01-15 00:00:00,2010-01-20 00:00:00,2070,41056,1,519.6975,GBP
2010-01-15 00:00:00,2010-01-20 00:00:00,2070,42303,1,519.6975,USD
2010-01-15 00:00:00,2010-01-20 00:00:00,2070,76117,1,519.6975,USD
2010-01-15 00:00:00,2010-01-20 00:00:00,2070,83704,1,519.6975,USD
2010-01-15 00:00:00,2010-01-20 00:00:00,2070,85607,1,519.6975,USD
2010-01-15 00:00:00,2010-01-20 00:00:00,2070,89030,1,519.6975,USD
2010-01-15 00:00:00,2010-01-20 00:00:00,2070,93063,1,519.6975,USD
2010-01-15 00:00:00,2010-01-20 00:00:00,2070,95687,1,519.6975,USD
2010-01-15 00:00:00,2010-01-20 00:00:00,2070,96080,1,519.6975,USD
2010-01-15 00:00:00,2010-01-20 00:00:00,2070,97327,1,519.6975,GBP
2010-01-15 00:00:00,2010-01-20 00:00:00,2074,33604,1,328.0725,GBP
2010-01-15 00:00:00,2010-01-20 00:00:00,2074,34953,1,328.0725,USD
2010-01-15 00:00:00,2010-01-20 00:00:00,2074,77040,1,328.0725,GBP
2010-01-15 00:00:00,2010-01-20 00:00:00,2074,78640,1,328.0725,USD
2010-01-15 00:00:00,2010-01-20 00:00:00,2081,32439,1,220.4475,GBP
2010-01-15 00:00:00,2010-01-20 00:00:00,2081,33777,1,220.4475,GBP
2010-01-15 00:00:00,2010-01-20 00:00:00,2081,37067,1,220.4475,GBP
2010-01-15 00:00:00,2010-01-20 00:00:00,2081,72068,1,220.4475,USD
2010-01-15 00:00:00,2010-01-20 00:00:00,2081,91942,1,220.4475,GBP
2010-01-15 00:00:00,2010-01-20 00:00:00,2081,92314,1,220.4475,GBP
2010-01-15 00:00:00,2010-01-20 00:00:00,2083,32164,1,309.6975,GBP
2010-01-15 00:00:00,2010-01-20 00:00:00,2083,33177,1,309.6975,GBP
2010-01-15 00:00:00,2010-01-20 00:00:00,2083,76201,1,309.6975,USD
2010-01-15 00:00:00,2010-01-20 00:00:00,2083,91401,1,309.6975,GBP
2010-01-15 00:00:00,2010-01-20 00:00:00,2083,94536,1,309.6975,GBP
2010-01-15 00:00:00,2010-01-20 00:00:00,2091,29847,1,152.1975,GBP
2010-01-15 00:00:00,2010-01-20 00:00:00,2091,32114,1,152.1975,GBP
2010-01-15 00:00:00,2010-01-20 00:00:00,2091,91786,1,152.1975,USD
2010-01-15 00:00:00,2010-01-20 00:00:00,2094,35117,1,433.0725,USD
2010-01-15 00:00:00,2010-01-20 00:00:00,2094,46804,1,433.0725,GBP
2010-01-15 00:00:00,2010-01-20 00:00:00,2094,52306,1,433.0725,GBP
2010-01-15 00:00:00,2010-01-20 00:00:00,2094,54495,1,433.0725,GBP
2010-01-15 00:00:00,2010-01-20 00:00:00,2094,65201,1,433.0725,USD
2010-01-15 00:00:00,2010-01-20 00:00:00,2094,92201,1,433.0725,USD
2010-01-15 00:00:00,2010-01-20 00:00:00,2113,33486,1,472.2375,GBP
2010-01-15 00:00:00,2010-01-20 00:00:00,2121,38111,1,629.7375,GBP
2010-01-15 00:00:00,2010-01-20 00:00:00,2128,33607,1,398.7375,USD
2010-01-15 00:00:00,2010-01-20 00:00:00,2130,07030,1,472.2375,USD
2010-01-15 00:00:00,2010-01-20 00:00:00,2130,85712,1,472.2375,GBP
2010-01-15 00:00:00,2010-01-20 00:00:00,2130,89106,1,472.2375,GBP
2010-01-15 00:00:00,2010-01-20 00:00:00,2135,90290,1,524.7375,GBP
2010-01-15 00:00:00,2010-01-20 00:00:00,2161,32119,1,571.9875,GBP
2010-01-15 00:00:00,2010-01-20 00:00:00,2167,32119,1,577.2375,GBP
2010-01-15 00:00:00,2010-01-20 00:00:00,2169,77057,1,535.2375,GBP
2010-01-15 00:00:00,2010-01-20 00:00:00,2188,87417,1,233.5725,GBP
2010-01-15 00:00:00,2010-01-20 00:00:00,2192,33470,1,202.0725,USD
2010-01-15 00:00:00,2010-01-20 00:00:00,2192,55305,1,202.0725,USD
2010-01-15 00:00:00,2010-01-20 00:00:00,2204,85746,1,173.1975,GBP
2010-01-15 00:00:00,2010-01-20 00:00:00,2205,85746,1,173.1975,GBP
2010-01-15 00:00:00,2010-01-20 00:00:00,2205,90803,1,173.1975,USD
2010-01-15 00:00:00,2010-01-20 00:00:00,2205,91765,1,173.1975,GBP
2010-01-15 00:00:00,2010-01-20 00:00:00,2205,95020,1,173.1975,GBP
2010-01-15 00:00:00,2010-01-20 00:00:00,2210,21163,1,107.5725,GBP
2010-01-15 00:00:00,2010-01-20 00:00:00,2210,32424,1,107.5725,USD
2010-01-15 00:00:00,2010-01-20 00:00:00,2210,32967,1,107.5725,USD
2010-01-15 00:00:00,2010-01-20 00:00:00,2210,33569,1,107.5725,GBP
2010-01-15 00:00:00,2010-01-20 00:00:00,2210,39360,1,107.5725,USD
2010-01-15 00:00:00,2010-01-20 00:00:00,2210,71852,1,107.5725,USD
2010-01-15 00:00:00,2010-01-20 00:00:00,2210,75154,1,107.5725,GBP
2010-01-15 00:00:00,2010-01-20 00:00:00,2210,77061,1,107.5725,USD
2010-01-15 00:00:00,2010-01-20 00:00:00,2210,78589,1,107.5725,USD
2010-01-15 00:00:00,2010-01-20 00:00:00,2210,79360,1,107.5725,USD
2010-01-15 00:00:00,2010-01-20 00:00:00,2210,89015,1,107.5725,USD
2010-01-15 00:00:00,2010-01-20 00:00:00,2210,89108,1,107.5725,USD
2010-01-15 00:00:00,2010-01-20 00:00:00,2211,21114,2,215.145,GBP
2010-01-15 00:00:00,2010-01-20 00:00:00,2211,21163,1,107.5725,GBP
2010-01-15 00:00:00,2010-01-20 00:00:00,2211,21921,1,107.5725,GBP
2010-01-15 00:00:00,2010-01-20 00:00:00,2211,32424,1,107.5725,USD
2010-01-15 00:00:00,2010-01-20 00:00:00,2211,35549,1,107.5725,USD
2010-01-15 00:00:00,2010-01-20 00:00:00,2211,39360,1,107.5725,GBP
2010-01-15 00:00:00,2010-01-20 00:00:00,2211,39665,1,107.5725,GBP
2010-01-15 00:00:00,2010-01-20 00:00:00,2211,70058,1,107.5725,USD
2010-01-15 00:00:00,2010-01-20 00:00:00,2211,73071,1,107.5725,GBP
2010-01-15 00:00:00,2010-01-20 00:00:00,2211,74854,1,107.5725,USD
2010-01-15 00:00:00,2010-01-20 00:00:00,2211,77389,1,107.5725,GBP
2010-01-15 00:00:00,2010-01-20 00:00:00,2211,77657,1,107.5725,USD
2010-01-15 00:00:00,2010-01-20 00:00:00,2211,82414,1,107.5725,GBP
2010-01-15 00:00:00,2010-01-20 00:00:00,2211,89108,1,107.5725,USD
2010-01-15 00:00:00,2010-01-20 00:00:00,2211,89130,1,107.5725,USD
2010-01-15 00:00:00,2010-01-20 00:00:00,2211,95043,1,107.5725,USD
2010-01-15 00:00:00,2010-01-20 00:00:00,2211,97068,1,107.5725,USD
2010-01-15 00:00:00,2010-01-20 00:00:00,2234,01562,1,65.5725,USD
2010-01-15 00:00:00,2010-01-20 00:00:00,2234,02360,1,65.5725,USD
2010-01-15 00:00:00,2010-01-20 00:00:00,2234,07936,1,65.5725,USD
2010-01-15 00:00:00,2010-01-20 00:00:00,2234,21032,1,65.5725,USD
2010-01-15 00:00:00,2010-01-20 00:00:00,2234,21122,1,65.5725,USD
2010-01-15 00:00:00,2010-01-20 00:00:00,2234,21213,3,196.7175,GBP
2010-01-15 00:00:00,2010-01-20 00:00:00,2234,21217,1,65.5725,USD
2010-01-15 00:00:00,2010-01-20 00:00:00,2234,25025,1,65.5725,USD
2010-01-15 00:00:00,2010-01-20 00:00:00,2234,29445,1,65.5725,GBP
2010-01-15 00:00:00,2010-01-20 00:00:00,2234,29671,1,65.5725,USD
2010-01-15 00:00:00,2010-01-20 00:00:00,2234,33030,1,65.5725,USD
2010-01-15 00:00:00,2010-01-20 00:00:00,2234,33324,1,65.5725,USD
2010-01-15 00:00:00,2010-01-20 00:00:00,2234,34982,1,65.5725,USD
2010-01-15 00:00:00,2010-01-20 00:00:00,2234,35580,1,65.5725,USD
2010-01-15 00:00:00,2010-01-20 00:00:00,2234,36618,1,65.5725,USD
2010-01-15 00:00:00,2010-01-20 00:00:00,2234,37865,1,65.5725,GBP
2010-01-15 00:00:00,2010-01-20 00:00:00,2234,42717,1,65.5725,USD
2010-01-15 00:00:00,2010-01-20 00:00:00,2234,47346,1,65.5725,USD
2010-01-15 00:00:00,2010-01-20 00:00:00,2234,55744,1,65.5725,USD
2010-01-15 00:00:00,2010-01-20 00:00:00,2234,66218,1,65.5725,USD
2010-01-15 00:00:00,2010-01-20 00:00:00,2234,66503,1,65.5725,USD
2010-01-15 00:00:00,2010-01-20 00:00:00,2234,66554,2,131.145,USD
2010-01-15 00:00:00,2010-01-20 00:00:00,2234,67106,1,65.5725,USD
2010-01-15 00:00:00,2010-01-20 00:00:00,2234,70706,1,65.5725,USD
2010-01-15 00:00:00,2010-01-20 00:00:00,2234,72206,1,65.5725,USD
2010-01-15 00:00:00,2010-01-20 00:00:00,2234,73010,1,65.5725,USD
2010-01-15 00:00:00,2010-01-20 00:00:00,2234,73052,1,65.5725,USD
2010-01-15 00:00:00,2010-01-20 00:00:00,2234,75149,1,65.5725,USD
2010-01-15 00:00:00,2010-01-20 00:00:00,2234,75650,1,65.5725,GBP
2010-01-15 00:00:00,2010-01-20 00:00:00,2234,75754,1,65.5725,USD
2010-01-15 00:00:00,2010-01-20 00:00:00,2234,75757,3,196.7175,USD
2010-01-15 00:00:00,2010-01-20 00:00:00,2234,75789,1,65.5725,USD
2010-01-15 00:00:00,2010-01-20 00:00:00,2234,75835,1,65.5725,USD
2010-01-15 00:00:00,2010-01-20 00:00:00,2234,77365,1,65.5725,GBP
2010-01-15 00:00:00,2010-01-20 00:00:00,2234,77480,1,65.5725,USD
2010-01-15 00:00:00,2010-01-20 00:00:00,2234,77573,1,65.5725,GBP
2010-01-15 00:00:00,2010-01-20 00:00:00,2234,78734,1,65.5725,USD
2010-01-15 00:00:00,2010-01-20 00:00:00,2234,85024,1,65.5725,USD
2010-01-15 00:00:00,2010-01-20 00:00:00,2234,87109,1,65.5725,GBP
2010-01-15 00:00:00,2010-01-20 00:00:00,2234,90266,1,65.5725,USD
2010-01-15 00:00:00,2010-01-20 00:00:00,2234,92392,1,65.5725,GBP
2010-01-15 00:00:00,2010-01-20 00:00:00,2234,92802,1,65.5725,USD
2010-01-15 00:00:00,2010-01-20 00:00:00,2234,93420,1,65.5725,USD
2010-01-15 00:00:00,2010-01-20 00:00:00,2234,94124,2,131.145,USD
2010-01-15 00:00:00,2010-01-20 00:00:00,2234,95926,1,65.5725,USD
2010-01-15 00:00:00,2010-01-20 00:00:00,2235,02360,1,65.5725,USD
2010-01-15 00:00:00,2010-01-20 00:00:00,2235,02382,2,131.145,USD
2010-01-15 00:00:00,2010-01-20 00:00:00,2235,07470,1,65.5725,GBP
2010-01-15 00:00:00,2010-01-20 00:00:00,2235,07866,2,131.145,GBP
2010-01-15 00:00:00,2010-01-20 00:00:00,2235,08807,1,65.5725,USD
2010-01-15 00:00:00,2010-01-20 00:00:00,2235,08854,1,65.5725,GBP
2010-01-15 00:00:00,2010-01-20 00:00:00,2235,20855,1,65.5725,USD
2010-01-15 00:00:00,2010-01-20 00:00:00,2235,21009,1,65.5725,USD
2010-01-15 00:00:00,2010-01-20 00:00:00,2235,21032,1,65.5725,GBP
2010-01-15 00:00:00,2010-01-20 00:00:00,2235,29325,1,65.5725,USD
2010-01-15 00:00:00,2010-01-20 00:00:00,2235,29406,1,65.5725,GBP
2010-01-15 00:00:00,2010-01-20 00:00:00,2235,29445,1,65.5725,GBP
2010-01-15 00:00:00,2010-01-20 00:00:00,2235,29627,1,65.5725,GBP
2010-01-15 00:00:00,2010-01-20 00:00:00,2235,32024,3,196.7175,USD
2010-01-15 00:00:00,2010-01-20 00:00:00,2235,32428,2,131.145,GBP
2010-01-15 00:00:00,2010-01-20 00:00:00,2235,32542,1,65.5725,USD
2010-01-15 00:00:00,2010-01-20 00:00:00,2235,32696,1,65.5725,GBP
2010-01-15 00:00:00,2010-01-20 00:00:00,2235,33030,1,65.5725,GBP
2010-01-15 00:00:00,2010-01-20 00:00:00,2235,33054,1,65.5725,GBP
2010-01-15 00:00:00,2010-01-20 00:00:00,2235,33136,1,65.5725,GBP
2010-01-15 00:00:00,2010-01-20 00:00:00,2235,33157,1,65.5725,GBP
2010-01-15 00:00:00,2010-01-20 00:00:00,2235,33322,1,65.5725,USD
2010-01-15 00:00:00,2010-01-20 00:00:00,2235,34286,1,65.5725,GBP
2010-01-15 00:00:00,2010-01-20 00:00:00,2235,37167,1,65.5725,GBP
2010-01-15 00:00:00,2010-01-20 00:00:00,2235,37865,1,65.5725,USD
2010-01-15 00:00:00,2010-01-20 00:00:00,2235,37876,1,65.5725,GBP
2010-01-15 00:00:00,2010-01-20 00:00:00,2235,39503,1,65.5725,GBP
2010-01-15 00:00:00,2010-01-20 00:00:00,2235,42129,1,65.5725,GBP
2010-01-15 00:00:00,2010-01-20 00:00:00,2235,46845,1,65.5725,GBP
2010-01-15 00:00:00,2010-01-20 00:00:00,2235,64152,1,65.5725,GBP
2010-01-15 00:00:00,2010-01-20 00:00:00,2235,64804,1,65.5725,GBP
2010-01-15 00:00:00,2010-01-20 00:00:00,2235,67005,1,65.5725,GBP
2010-01-15 00:00:00,2010-01-20 00:00:00,2235,67212,1,65.5725,USD
2010-01-15 00:00:00,2010-01-20 00:00:00,2235,71832,1,65.5725,GBP
2010-01-15 00:00:00,2010-01-20 00:00:00,2235,75052,1,65.5725,USD
2010-01-15 00:00:00,2010-01-20 00:00:00,2235,75149,1,65.5725,GBP
2010-01-15 00:00:00,2010-01-20 00:00:00,2235,75154,1,65.5725,GBP
2010-01-15 00:00:00,2010-01-20 00:00:00,2235,75757,3,196.7175,GBP
2010-01-15 00:00:00,2010-01-20 00:00:00,2235,76001,1,65.5725,USD
2010-01-15 00:00:00,2010-01-20 00:00:00,2235,76051,1,65.5725,GBP
2010-01-15 00:00:00,2010-01-20 00:00:00,2235,76443,1,65.5725,USD
2010-01-15 00:00:00,2010-01-20 00:00:00,2235,77345,1,65.5725,USD
2010-01-15 00:00:00,2010-01-20 00:00:00,2235,77365,1,65.5725,GBP
2010-01-15 00:00:00,2010-01-20 00:00:00,2235,77662,1,65.5725,GBP
2010-01-15 00:00:00,2010-01-20 00:00:00,2235,78745,1,65.5725,GBP
2010-01-15 00:00:00,2010-01-20 00:00:00,2235,83316,1,65.5725,USD
2010-01-15 00:00:00,2010-01-20 00:00:00,2235,84341,1,65.5725,USD
2010-01-15 00:00:00,2010-01-20 00:00:00,2235,86302,1,65.5725,USD
2010-01-15 00:00:00,2010-01-20 00:00:00,2235,87109,1,65.5725,USD
2010-01-15 00:00:00,2010-01-20 00:00:00,2235,88231,1,65.5725,USD
2010-01-15 00:00:00,2010-01-20 00:00:00,2235,88310,1,65.5725,GBP
2010-01-15 00:00:00,2010-01-20 00:00:00,2235,91302,1,65.5725,USD
2010-01-15 00:00:00,2010-01-20 00:00:00,2235,91311,2,131.145,USD
2010-01-15 00:00:00,2010-01-20 00:00:00,2235,91750,1,65.5725,GBP
2010-01-15 00:00:00,2010-01-20 00:00:00,2235,92065,1,65.5725,GBP
2010-01-15 00:00:00,2010-01-20 00:00:00,2235,92239,2,131.145,GBP
2010-01-15 00:00:00,2010-01-20 00:00:00,2235,92335,1,65.5725,USD
2010-01-15 00:00:00,2010-01-20 00:00:00,2235,92376,3,196.7175,GBP
2010-01-15 00:00:00,2010-01-20 00:00:00,2235,92399,5,327.8625,USD
2010-01-15 00:00:00,2010-01-20 00:00:00,2235,92629,2,131.145,GBP
2010-01-15 00:00:00,2010-01-20 00:00:00,2235,92683,1,65.5725,USD
2010-01-15 00:00:00,2010-01-20 00:00:00,2235,93551,1,65.5725,GBP
2010-01-15 00:00:00,2010-01-20 00:00:00,2235,94535,1,65.5725,GBP
2010-01-15 00:00:00,2010-01-20 00:00:00,2235,95926,1,65.5725,USD
2010-01-15 00:00:00,2010-01-20 00:00:00,2235,95966,1,65.5725,GBP
2010-01-15 00:00:00,2010-01-20 00:00:00,2235,97068,1,65.5725,USD
2010-01-15 00:00:00,2010-01-20 00:00:00,2246,71419,1,131.1975,GBP
2010-01-15 00:00:00,2010-01-20 00:00:00,2247,32533,1,131.1975,USD
2010-01-15 00:00:00,2010-01-20 00:00:00,2247,33028,1,131.1975,GBP
2010-01-15 00:00:00,2010-01-20 00:00:00,2247,76017,1,131.1975,GBP
2010-01-15 00:00:00,2010-01-20 00:00:00,2247,95494,1,131.1975,GBP
2010-01-15 00:00:00,2010-01-20 00:00:00,2254,01066,1,57.6975,USD
2010-01-15 00:00:00,2010-01-20 00:00:00,2254,08802,1,57.6975,GBP
2010-01-15 00:00:00,2010-01-20 00:00:00,2254,19702,2,115.395,USD
2010-01-15 00:00:00,2010-01-20 00:00:00,2254,19963,1,57.6975,GBP
2010-01-15 00:00:00,2010-01-20 00:00:00,2254,21075,1,57.6975,USD
2010-01-15 00:00:00,2010-01-20 00:00:00,2254,21704,1,57.6975,GBP
2010-01-15 00:00:00,2010-01-20 00:00:00,2254,29651,2,115.395,GBP
2010-01-15 00:00:00,2010-01-20 00:00:00,2254,33024,1,57.6975,GBP
2010-01-15 00:00:00,2010-01-20 00:00:00,2254,34653,1,57.6975,GBP
2010-01-15 00:00:00,2010-01-20 00:00:00,2254,34711,1,57.6975,GBP
2010-01-15 00:00:00,2010-01-20 00:00:00,2254,37129,1,57.6975,USD
2010-01-15 00:00:00,2010-01-20 00:00:00,2254,37216,1,57.6975,GBP
2010-01-15 00:00:00,2010-01-20 00:00:00,2254,37772,1,57.6975,GBP
2010-01-15 00:00:00,2010-01-20 00:00:00,2254,40769,1,57.6975,USD
2010-01-15 00:00:00,2010-01-20 00:00:00,2254,46151,1,57.6975,GBP
2010-01-15 00:00:00,2010-01-20 00:00:00,2254,53719,1,57.6975,GBP
2010-01-15 00:00:00,2010-01-20 00:00:00,2254,55109,1,57.6975,USD
2010-01-15 00:00:00,2010-01-20 00:00:00,2254,55947,1,57.6975,GBP
2010-01-15 00:00:00,2010-01-20 00:00:00,2254,70518,1,57.6975,GBP
2010-01-15 00:00:00,2010-01-20 00:00:00,2254,72046,1,57.6975,USD
2010-01-15 00:00:00,2010-01-20 00:00:00,2254,75125,1,57.6975,GBP
2010-01-15 00:00:00,2010-01-20 00:00:00,2254,75653,1,57.6975,USD
2010-01-15 00:00:00,2010-01-20 00:00:00,2254,77089,1,57.6975,GBP
2010-01-15 00:00:00,2010-01-20 00:00:00,2254,77581,1,57.6975,GBP
2010-01-15 00:00:00,2010-01-20 00:00:00,2254,79360,1,57.6975,USD
2010-01-15 00:00:00,2010-01-20 00:00:00,2254,84120,1,57.6975,GBP
2010-01-15 00:00:00,2010-01-20 00:00:00,2254,84501,1,57.6975,USD
2010-01-15 00:00:00,2010-01-20 00:00:00,2254,85027,1,57.6975,GBP
2010-01-15 00:00:00,2010-01-20 00:00:00,2254,85308,1,57.6975,USD
2010-01-15 00:00:00,2010-01-20 00:00:00,2254,86314,1,57.6975,USD
2010-01-15 00:00:00,2010-01-20 00:00:00,2254,89015,1,57.6975,USD
2010-01-15 00:00:00,2010-01-20 00:00:00,2254,89031,1,57.6975,USD
2010-01-15 00:00:00,2010-01-20 00:00:00,2254,90062,1,57.6975,USD
2010-01-15 00:00:00,2010-01-20 00:00:00,2254,91361,1,57.6975,USD
2010-01-15 00:00:00,2010-01-20 00:00:00,2254,91790,1,57.6975,USD
2010-01-15 00:00:00,2010-01-20 00:00:00,2254,92069,1,57.6975,GBP
2010-01-15 00:00:00,2010-01-20 00:00:00,2254,92071,1,57.6975,USD
2010-01-15 00:00:00,2010-01-20 00:00:00,2254,92376,1,57.6975,USD
2010-01-15 00:00:00,2010-01-20 00:00:00,2254,92653,1,57.6975,USD
2010-01-15 00:00:00,2010-01-20 00:00:00,2254,93063,2,115.395,USD
2010-01-15 00:00:00,2010-01-20 00:00:00,2254,93926,2,115.395,GBP
2010-01-15 00:00:00,2010-01-20 00:00:00,2254,94528,1,57.6975,GBP
2010-01-15 00:00:00,2010-01-20 00:00:00,2254,95124,1,57.6975,USD
2010-01-15 00:00:00,2010-01-20 00:00:00,2254,95382,1,57.6975,GBP
2010-01-15 00:00:00,2010-01-20 00:00:00,2254,95422,1,57.6975,USD
2010-01-15 00:00:00,2010-01-20 00:00:00,2254,95678,1,57.6975,GBP
2010-01-15 00:00:00,2010-01-20 00:00:00,2254,97058,1,57.6975,USD
2010-01-15 00:00:00,2010-01-20 00:00:00,2254,97405,1,57.6975,USD
2010-01-15 00:00:00,2010-01-20 00:00:00,2255,01066,1,57.6975,USD
2010-01-15 00:00:00,2010-01-20 00:00:00,2255,02360,1,57.6975,GBP
2010-01-15 00:00:00,2010-01-20 00:00:00,2255,08724,2,115.395,USD
2010-01-15 00:00:00,2010-01-20 00:00:00,2255,19963,1,57.6975,USD
2010-01-15 00:00:00,2010-01-20 00:00:00,2255,21044,1,57.6975,GBP
2010-01-15 00:00:00,2010-01-20 00:00:00,2255,21075,1,57.6975,USD
2010-01-15 00:00:00,2010-01-20 00:00:00,2255,21163,1,57.6975,USD
2010-01-15 00:00:00,2010-01-20 00:00:00,2255,29690,1,57.6975,GBP
2010-01-15 00:00:00,2010-01-20 00:00:00,2255,32063,1,57.6975,USD
2010-01-15 00:00:00,2010-01-20 00:00:00,2255,32655,1,57.6975,GBP
2010-01-15 00:00:00,2010-01-20 00:00:00,2255,36034,1,57.6975,USD
2010-01-15 00:00:00,2010-01-20 00:00:00,2255,37129,1,57.6975,GBP
2010-01-15 00:00:00,2010-01-20 00:00:00,2255,37772,1,57.6975,GBP
2010-01-15 00:00:00,2010-01-20 00:00:00,2255,39452,1,57.6975,USD
2010-01-15 00:00:00,2010-01-20 00:00:00,2255,46040,1,57.6975,GBP
2010-01-15 00:00:00,2010-01-20 00:00:00,2255,46763,1,57.6975,GBP
2010-01-15 00:00:00,2010-01-20 00:00:00,2255,50022,1,57.6975,GBP
2010-01-15 00:00:00,2010-01-20 00:00:00,2255,53719,1,57.6975,GBP
2010-01-15 00:00:00,2010-01-20 00:00:00,2255,55109,1,57.6975,GBP
2010-01-15 00:00:00,2010-01-20 00:00:00,2255,58623,1,57.6975,GBP
2010-01-15 00:00:00,2010-01-20 00:00:00,2255,58649,1,57.6975,USD
2010-01-15 00:00:00,2010-01-20 00:00:00,2255,63640,1,57.6975,GBP
2010-01-15 00:00:00,2010-01-20 00:00:00,2255,70404,1,57.6975,USD
2010-01-15 00:00:00,2010-01-20 00:00:00,2255,70563,1,57.6975,GBP
2010-01-15 00:00:00,2010-01-20 00:00:00,2255,73029,1,57.6975,USD
2010-01-15 00:00:00,2010-01-20 00:00:00,2255,76012,1,57.6975,GBP
2010-01-15 00:00:00,2010-01-20 00:00:00,2255,77327,3,173.0925,USD
2010-01-15 00:00:00,2010-01-20 00:00:00,2255,77355,2,115.395,USD
2010-01-15 00:00:00,2010-01-20 00:00:00,2255,77530,1,57.6975,GBP
2010-01-15 00:00:00,2010-01-20 00:00:00,2255,79360,1,57.6975,USD
2010-01-15 00:00:00,2010-01-20 00:00:00,2255,82401,1,57.6975,USD
2010-01-15 00:00:00,2010-01-20 00:00:00,2255,83856,1,57.6975,USD
2010-01-15 00:00:00,2010-01-20 00:00:00,2255,84601,1,57.6975,GBP
2010-01-15 00:00:00,2010-01-20 00:00:00,2255,85024,3,173.0925,GBP
2010-01-15 00:00:00,2010-01-20 00:00:00,2255,85259,1,57.6975,GBP
2010-01-15 00:00:00,2010-01-20 00:00:00,2255,85308,1,57.6975,USD
2010-01-15 00:00:00,2010-01-20 00:00:00,2255,85737,1,57.6975,GBP
2010-01-15 00:00:00,2010-01-20 00:00:00,2255,91701,2,115.395,GBP
2010-01-15 00:00:00,2010-01-20 00:00:00,2255,91706,2,115.395,GBP
2010-01-15 00:00:00,2010-01-20 00:00:00,2255,91790,1,57.6975,USD
2010-01-15 00:00:00,2010-01-20 00:00:00,2255,93063,2,115.395,USD
2010-01-15 00:00:00,2010-01-20 00:00:00,2255,93103,1,57.6975,USD
2010-01-15 00:00:00,2010-01-20 00:00:00,2255,93907,1,57.6975,GBP
2010-01-15 00:00:00,2010-01-20 00:00:00,2255,94528,1,57.6975,USD
2010-01-15 00:00:00,2010-01-20 00:00:00,2255,94566,1,57.6975,GBP
2010-01-15 00:00:00,2010-01-20 00:00:00,2255,95122,1,57.6975,GBP
2010-01-15 00:00:00,2010-01-20 00:00:00,2255,95388,1,57.6975,USD
2010-01-15 00:00:00,2010-01-20 00:00:00,2255,95401,1,57.6975,GBP
2010-01-15 00:00:00,2010-01-20 00:00:00,2255,95422,1,57.6975,USD
2010-01-15 00:00:00,2010-01-20 00:00:00,2255,95926,1,57.6975,GBP
2010-01-15 00:00:00,2010-01-20 00:00:00,2255,99504,1,57.6975,GBP
2010-01-15 00:00:00,2010-01-20 00:00:00,2268,19805,1,309.6975,USD
2010-01-15 00:00:00,2010-01-20 00:00:00,2268,36507,1,309.6975,GBP
2010-01-15 00:00:00,2010-01-20 00:00:00,2277,02892,1,251.9475,USD
2010-01-15 00:00:00,2010-01-20 00:00:00,2277,06076,1,251.9475,USD
2010-01-15 00:00:00,2010-01-20 00:00:00,2277,06360,1,251.9475,GBP
2010-01-15 00:00:00,2010-01-20 00:00:00,2277,07206,1,251.9475,USD
2010-01-15 00:00:00,2010-01-20 00:00:00,2277,21047,1,251.9475,USD
2010-01-15 00:00:00,2010-01-20 00:00:00,2277,29732,1,251.9475,GBP
2010-01-15 00:00:00,2010-01-20 00:00:00,2277,33811,1,251.9475,GBP
2010-01-15 00:00:00,2010-01-20 00:00:00,2277,33928,1,251.9475,GBP
2010-01-15 00:00:00,2010-01-20 00:00:00,2277,36312,1,251.9475,USD
2010-01-15 00:00:00,2010-01-20 00:00:00,2277,46151,1,251.9475,USD
2010-01-15 00:00:00,2010-01-20 00:00:00,2277,63131,1,251.9475,GBP
2010-01-15 00:00:00,2010-01-20 00:00:00,2277,66086,1,251.9475,GBP
2010-01-15 00:00:00,2010-01-20 00:00:00,2277,72012,1,251.9475,GBP
2010-01-15 00:00:00,2010-01-20 00:00:00,2277,73042,1,251.9475,USD
2010-01-15 00:00:00,2010-01-20 00:00:00,2277,77706,1,251.9475,GBP
2010-01-15 00:00:00,2010-01-20 00:00:00,2277,78660,1,251.9475,USD
2010-01-15 00:00:00,2010-01-20 00:00:00,2277,82070,1,251.9475,USD
2010-01-15 00:00:00,2010-01-20 00:00:00,2277,82717,1,251.9475,GBP
2010-01-15 00:00:00,2010-01-20 00:00:00,2277,85027,2,503.895,GBP
2010-01-15 00:00:00,2010-01-20 00:00:00,2277,85260,1,251.9475,USD
2010-01-15 00:00:00,2010-01-20 00:00:00,2277,85304,1,251.9475,USD
2010-01-15 00:00:00,2010-01-20 00:00:00,2277,87008,1,251.9475,USD
2010-01-15 00:00:00,2010-01-20 00:00:00,2277,88220,1,251.9475,USD
2010-01-15 00:00:00,2010-01-20 00:00:00,2277,91910,1,251.9475,USD
2010-01-15 00:00:00,2010-01-20 00:00:00,2277,92020,1,251.9475,GBP
2010-01-15 00:00:00,2010-01-20 00:00:00,2277,92106,1,251.9475,USD
2010-01-15 00:00:00,2010-01-20 00:00:00,2277,92220,1,251.9475,USD
2010-01-15 00:00:00,2010-01-20 00:00:00,2277,92399,1,251.9475,GBP
2010-01-15 00:00:00,2010-01-20 00:00:00,2277,92708,1,251.9475,USD
2010-01-15 00:00:00,2010-01-20 00:00:00,2277,93440,1,251.9475,GBP
2010-01-15 00:00:00,2010-01-20 00:00:00,2277,93560,1,251.9475,USD
2010-01-15 00:00:00,2010-01-20 00:00:00,2277,95695,1,251.9475,GBP
2010-01-15 00:00:00,2010-01-20 00:00:00,2279,02638,1,165.3225,USD
2010-01-15 00:00:00,2010-01-20 00:00:00,2279,07882,1,165.3225,USD
2010-01-15 00:00:00,2010-01-20 00:00:00,2279,40031,1,165.3225,GBP
2010-01-15 00:00:00,2010-01-20 00:00:00,2279,75232,1,165.3225,USD
2010-01-15 00:00:00,2010-01-20 00:00:00,2279,83823,1,165.3225,GBP
2010-01-15 00:00:00,2010-01-20 00:00:00,2279,85268,1,165.3225,GBP
2010-01-15 00:00:00,2010-01-20 00:00:00,2279,90023,1,165.3225,USD
2010-01-15 00:00:00,2010-01-20 00:00:00,2279,91737,1,165.3225,USD
2010-01-15 00:00:00,2010-01-20 00:00:00,2279,93662,1,165.3225,GBP
2010-01-15 00:00:00,2010-01-20 00:00:00,2279,94533,1,165.3225,GBP
2010-01-15 00:00:00,2010-01-20 00:00:00,2279,95776,1,165.3225,GBP
2010-01-15 00:00:00,2010-01-20 00:00:00,2282,06241,1,304.4475,GBP
2010-01-15 00:00:00,2010-01-20 00:00:00,2282,07082,1,304.4475,GBP
2010-01-15 00:00:00,2010-01-20 00:00:00,2282,07832,1,304.4475,GBP
2010-01-15 00:00:00,2010-01-20 00:00:00,2282,08080,1,304.4475,GBP
2010-01-15 00:00:00,2010-01-20 00:00:00,2282,21722,1,304.4475,USD
2010-01-15 00:00:00,2010-01-20 00:00:00,2282,21742,1,304.4475,USD
2010-01-15 00:00:00,2010-01-20 00:00:00,2282,29642,1,304.4475,GBP
2010-01-15 00:00:00,2010-01-20 00:00:00,2282,32257,1,304.4475,GBP
2010-01-15 00:00:00,2010-01-20 00:00:00,2282,34983,1,304.4475,GBP
2010-01-15 00:00:00,2010-01-20 00:00:00,2282,37807,1,304.4475,GBP
2010-01-15 00:00:00,2010-01-20 00:00:00,2282,42327,1,304.4475,GBP
2010-01-15 00:00:00,2010-01-20 00:00:00,2282,53121,1,608.895,GBP
2010-01-15 00:00:00,2010-01-20 00:00:00,2282,53916,1,304.4475,GBP
2010-01-15 00:00:00,2010-01-20 00:00:00,2282,59801,1,304.4475,USD
2010-01-15 00:00:00,2010-01-20 00:00:00,2282,67206,1,304.4475,GBP
2010-01-15 00:00:00,2010-01-20 00:00:00,2282,67492,1,304.4475,GBP
2010-01-15 00:00:00,2010-01-20 00:00:00,2282,68106,1,304.4475,USD
2010-01-15 00:00:00,2010-01-20 00:00:00,2282,70446,1,304.4475,GBP
2010-01-15 00:00:00,2010-01-20 00:00:00,2282,75080,1,304.4475,GBP
2010-01-15 00:00:00,2010-01-20 00:00:00,2282,79108,1,304.4475,USD
2010-01-15 00:00:00,2010-01-20 00:00:00,2282,79201,1,304.4475,GBP
2010-01-15 00:00:00,2010-01-20 00:00:00,2282,83709,2,608.895,GBP
2010-01-15 00:00:00,2010-01-20 00:00:00,2282,83814,1,304.4475,GBP
2010-01-15 00:00:00,2010-01-20 00:00:00,2282,84004,1,304.4475,GBP
2010-01-15 00:00:00,2010-01-20 00:00:00,2282,84084,1,304.4475,USD
2010-01-15 00:00:00,2010-01-20 00:00:00,2282,84414,1,304.4475,USD
2010-01-15 00:00:00,2010-01-20 00:00:00,2282,85260,2,608.895,USD
2010-01-15 00:00:00,2010-01-20 00:00:00,2282,85375,1,304.4475,USD
2010-01-15 00:00:00,2010-01-20 00:00:00,2282,85540,1,304.4475,GBP
2010-01-15 00:00:00,2010-01-20 00:00:00,2282,85704,1,304.4475,GBP
2010-01-15 00:00:00,2010-01-20 00:00:00,2282,89015,3,913.3425,GBP
2010-01-15 00:00:00,2010-01-20 00:00:00,2282,89110,1,304.4475,GBP
2010-01-15 00:00:00,2010-01-20 00:00:00,2282,90604,1,304.4475,GBP
2010-01-15 00:00:00,2010-01-20 00:00:00,2282,90680,1,304.4475,USD
2010-01-15 00:00:00,2010-01-20 00:00:00,2282,91367,1,304.4475,GBP
2010-01-15 00:00:00,2010-01-20 00:00:00,2282,91504,1,304.4475,GBP
2010-01-15 00:00:00,2010-01-20 00:00:00,2282,91752,1,304.4475,GBP
2010-01-15 00:00:00,2010-01-20 00:00:00,2282,91765,1,304.4475,USD
2010-01-15 00:00:00,2010-01-20 00:00:00,2282,91911,2,608.895,USD
2010-01-15 00:00:00,2010-01-20 00:00:00,2282,92308,1,304.4475,GBP
2010-01-15 00:00:00,2010-01-20 00:00:00,2282,92377,1,304.4475,GBP
2010-01-15 00:00:00,2010-01-20 00:00:00,2282,92646,1,304.4475,GBP
2010-01-15 00:00:00,2010-01-20 00:00:00,2282,92807,2,608.895,USD
2010-01-15 00:00:00,2010-01-20 00:00:00,2282,92869,1,304.4475,GBP
2010-01-15 00:00:00,2010-01-20 00:00:00,2282,93215,2,608.895,USD
2010-01-15 00:00:00,2010-01-20 00:00:00,2282,93514,1,304.4475,USD
2010-01-15 00:00:00,2010-01-20 00:00:00,2282,94558,2,608.895,GBP
2010-01-15 00:00:00,2010-01-20 00:00:00,2282,95020,1,304.4475,GBP
2010-01-15 00:00:00,2010-01-20 00:00:00,2282,95051,1,304.4475,GBP
2010-01-15 00:00:00,2010-01-20 00:00:00,2282,95062,2,608.895,USD
2010-01-15 00:00:00,2010-01-20 00:00:00,2282,95376,1,304.4475,GBP
2010-01-15 00:00:00,2010-01-20 00:00:00,2282,95633,1,304.4475,GBP
2010-01-15 00:00:00,2010-01-20 00:00:00,2282,95661,1,304.4475,USD
2010-01-15 00:00:00,2010-01-20 00:00:00,2282,95693,1,304.4475,GBP
2010-01-15 00:00:00,2010-01-20 00:00:00,2282,95945,1,304.4475,GBP
2010-01-15 00:00:00,2010-01-20 00:00:00,2284,01001,1,293.9475,USD
2010-01-15 00:00:00,2010-01-20 00:00:00,2284,01201,1,293.9475,GBP
2010-01-15 00:00:00,2010-01-20 00:00:00,2284,02916,1,293.9475,USD
2010-01-15 00:00:00,2010-01-20 00:00:00,2284,07432,1,293.9475,USD
2010-01-15 00:00:00,2010-01-20 00:00:00,2284,08210,1,293.9475,USD
2010-01-15 00:00:00,2010-01-20 00:00:00,2284,20814,1,293.9475,USD
2010-01-15 00:00:00,2010-01-20 00:00:00,2284,26753,1,293.9475,USD
2010-01-15 00:00:00,2010-01-20 00:00:00,2284,33071,1,293.9475,USD
2010-01-15 00:00:00,2010-01-20 00:00:00,2284,33317,1,293.9475,USD
2010-01-15 00:00:00,2010-01-20 00:00:00,2284,33594,1,293.9475,USD
2010-01-15 00:00:00,2010-01-20 00:00:00,2284,33912,2,587.895,GBP
2010-01-15 00:00:00,2010-01-20 00:00:00,2284,34235,1,293.9475,GBP
2010-01-15 00:00:00,2010-01-20 00:00:00,2284,34786,1,293.9475,USD
2010-01-15 00:00:00,2010-01-20 00:00:00,2284,40216,1,293.9475,GBP
2010-01-15 00:00:00,2010-01-20 00:00:00,2284,50321,1,293.9475,USD
2010-01-15 00:00:00,2010-01-20 00:00:00,2284,68503,1,293.9475,USD
2010-01-15 00:00:00,2010-01-20 00:00:00,2284,70446,1,293.9475,GBP
2010-01-15 00:00:00,2010-01-20 00:00:00,2284,76065,1,293.9475,GBP
2010-01-15 00:00:00,2010-01-20 00:00:00,2284,76234,1,293.9475,USD
2010-01-15 00:00:00,2010-01-20 00:00:00,2284,77065,1,293.9475,USD
2010-01-15 00:00:00,2010-01-20 00:00:00,2284,78240,1,293.9475,USD
2010-01-15 00:00:00,2010-01-20 00:00:00,2284,79201,1,293.9475,USD
2010-01-15 00:00:00,2010-01-20 00:00:00,2284,82717,1,293.9475,USD
2010-01-15 00:00:00,2010-01-20 00:00:00,2284,83202,1,293.9475,GBP
2010-01-15 00:00:00,2010-01-20 00:00:00,2284,83642,1,293.9475,GBP
2010-01-15 00:00:00,2010-01-20 00:00:00,2284,84053,1,293.9475,USD
2010-01-15 00:00:00,2010-01-20 00:00:00,2284,84664,1,293.9475,USD
2010-01-15 00:00:00,2010-01-20 00:00:00,2284,85024,3,881.8425,USD
2010-01-15 00:00:00,2010-01-20 00:00:00,2284,85748,1,293.9475,USD
2010-01-15 00:00:00,2010-01-20 00:00:00,2284,89015,1,293.9475,USD
2010-01-15 00:00:00,2010-01-20 00:00:00,2284,89431,1,293.9475,USD
2010-01-15 00:00:00,2010-01-20 00:00:00,2284,90247,1,293.9475,USD
2010-01-15 00:00:00,2010-01-20 00:00:00,2284,90605,1,293.9475,USD
2010-01-15 00:00:00,2010-01-20 00:00:00,2284,90706,1,293.9475,GBP
2010-01-15 00:00:00,2010-01-20 00:00:00,2284,91729,1,293.9475,GBP
2010-01-15 00:00:00,2010-01-20 00:00:00,2284,91786,2,587.895,USD
2010-01-15 00:00:00,2010-01-20 00:00:00,2284,91935,1,293.9475,USD
2010-01-15 00:00:00,2010-01-20 00:00:00,2284,92065,1,293.9475,USD
2010-01-15 00:00:00,2010-01-20 00:00:00,2284,92308,1,293.9475,GBP
2010-01-15 00:00:00,2010-01-20 00:00:00,2284,92805,1,293.9475,GBP
2010-01-15 00:00:00,2010-01-20 00:00:00,2284,93446,1,293.9475,USD
2010-01-15 00:00:00,2010-01-20 00:00:00,2284,94550,2,587.895,USD
2010-01-15 00:00:00,2010-01-20 00:00:00,2284,94590,1,293.9475,GBP
2010-01-15 00:00:00,2010-01-20 00:00:00,2284,95503,1,293.9475,GBP
2010-01-15 00:00:00,2010-01-20 00:00:00,2284,95560,1,293.9475,USD
2010-01-15 00:00:00,2010-01-20 00:00:00,2284,95631,2,587.895,GBP
2010-01-15 00:00:00,2010-01-20 00:00:00,2284,95928,1,293.9475,GBP
2010-01-15 00:00:00,2010-01-20 00:00:00,2284,95945,1,293.9475,GBP
2010-01-15 00:00:00,2010-01-20 00:00:00,2284,97526,1,293.9475,USD
2010-01-15 00:00:00,2010-01-20 00:00:00,2287,32119,1,839.9475,GBP
2010-01-15 00:00:00,2010-01-20 00:00:00,2287,32720,1,839.9475,GBP
2010-01-15 00:00:00,2010-01-20 00:00:00,2287,77459,1,839.9475,GBP
2010-01-15 00:00:00,2010-01-20 00:00:00,2287,90501,1,839.9475,GBP
2010-01-15 00:00:00,2010-01-20 00:00:00,2287,92618,1,839.9475,GBP
2010-01-15 00:00:00,2010-01-20 00:00:00,2290,65803,1,787.4475,GBP
2010-01-15 00:00:00,2010-01-20 00:00:00,2290,83605,1,787.4475,GBP
2010-01-15 00:00:00,2010-01-20 00:00:00,2307,32754,1,278.1975,USD
2010-01-15 00:00:00,2010-01-20 00:00:00,2331,02056,1,535.4475,GBP
2010-01-15 00:00:00,2010-01-20 00:00:00,2331,07020,1,535.4475,GBP
2010-01-15 00:00:00,2010-01-20 00:00:00,2331,07201,1,535.4475,USD
2010-01-15 00:00:00,2010-01-20 00:00:00,2331,07666,1,535.4475,USD
2010-01-15 00:00:00,2010-01-20 00:00:00,2331,08053,1,535.4475,GBP
2010-01-15 00:00:00,2010-01-20 00:00:00,2331,29404,1,535.4475,USD
2010-01-15 00:00:00,2010-01-20 00:00:00,2331,32712,1,535.4475,USD
2010-01-15 00:00:00,2010-01-20 00:00:00,2331,36830,1,535.4475,USD
2010-01-15 00:00:00,2010-01-20 00:00:00,2331,40504,1,535.4475,GBP
2010-01-15 00:00:00,2010-01-20 00:00:00,2331,53546,1,535.4475,GBP
2010-01-15 00:00:00,2010-01-20 00:00:00,2331,66216,1,535.4475,USD
2010-01-15 00:00:00,2010-01-20 00:00:00,2331,70037,1,535.4475,USD
2010-01-15 00:00:00,2010-01-20 00:00:00,2331,73131,1,535.4475,GBP
2010-01-15 00:00:00,2010-01-20 00:00:00,2331,78759,1,535.4475,USD
2010-01-15 00:00:00,2010-01-20 00:00:00,2331,85050,2,1070.895,GBP
2010-01-15 00:00:00,2010-01-20 00:00:00,2331,85716,1,535.4475,GBP
2010-01-15 00:00:00,2010-01-20 00:00:00,2331,85750,1,535.4475,GBP
2010-01-15 00:00:00,2010-01-20 00:00:00,2331,87112,1,535.4475,GBP
2010-01-15 00:00:00,2010-01-20 00:00:00,2331,87123,1,535.4475,USD
2010-01-15 00:00:00,2010-01-20 00:00:00,2331,91711,1,535.4475,GBP
2010-01-15 00:00:00,2010-01-20 00:00:00,2331,94533,1,535.4475,USD
2010-01-15 00:00:00,2010-01-20 00:00:00,2331,95821,1,535.4475,GBP
2010-01-15 00:00:00,2010-01-20 00:00:00,2331,97113,1,535.4475,USD
2010-01-15 00:00:00,2010-01-20 00:00:00,2351,29404,1,314.9475,USD
2010-01-15 00:00:00,2010-01-20 00:00:00,2351,33063,1,314.9475,GBP
2010-01-15 00:00:00,2010-01-20 00:00:00,2351,92262,1,341.1975,USD
2010-01-15 00:00:00,2010-01-20 00:00:00,2352,39560,1,388.4475,USD
2010-01-15 00:00:00,2010-01-20 00:00:00,2352,40505,1,388.4475,GBP
2010-01-15 00:00:00,2010-01-20 00:00:00,2352,67701,1,367.4475,GBP
2010-01-15 00:00:00,2010-01-20 00:00:00,2352,74021,1,367.4475,GBP
2010-01-15 00:00:00,2010-01-20 00:00:00,2352,76028,1,388.4475,GBP
2010-01-15 00:00:00,2010-01-20 00:00:00,2352,85044,1,388.4475,GBP
2010-01-15 00:00:00,2010-01-20 00:00:00,2352,88005,1,388.4475,USD
2010-01-15 00:00:00,2010-01-20 00:00:00,2352,88242,1,367.4475,USD
2010-01-15 00:00:00,2010-01-20 00:00:00,2352,94110,1,367.4475,GBP
2010-01-15 00:00:00,2010-01-20 00:00:00,2352,94550,1,388.4475,GBP
2010-01-15 00:00:00,2010-01-20 00:00:00,2357,95136,1,278.1975,USD
2010-01-15 00:00:00,2010-01-20 00:00:00,2362,90034,1,776.9475,GBP
2010-01-15 00:00:00,2010-01-20 00:00:00,2370,73170,1,719.1975,GBP
2010-01-15 00:00:00,2010-01-20 00:00:00,2370,75670,1,708.6975,USD
2010-01-15 00:00:00,2010-01-20 00:00:00,2370,85037,1,719.1975,GBP
2010-01-15 00:00:00,2010-01-20 00:00:00,2370,97229,1,719.1975,GBP
2010-01-15 00:00:00,2010-01-20 00:00:00,2371,50616,1,551.1975,GBP
2010-01-15 00:00:00,2010-01-20 00:00:00,2371,74011,1,551.1975,USD
2010-01-15 00:00:00,2010-01-20 00:00:00,2371,76014,1,551.1975,USD
2010-01-15 00:00:00,2010-01-20 00:00:00,2371,91935,1,551.1975,GBP
2010-01-15 00:00:00,2010-01-20 00:00:00,2372,08091,1,398.9475,GBP
2010-01-15 00:00:00,2010-01-20 00:00:00,2372,33317,1,398.9475,GBP
2010-01-15 00:00:00,2010-01-20 00:00:00,2372,71953,1,398.9475,GBP
2010-01-15 00:00:00,2010-01-20 00:00:00,2372,76131,1,398.9475,GBP
2010-01-15 00:00:00,2010-01-20 00:00:00,2372,92505,1,409.4475,GBP
2010-01-15 00:00:00,2010-01-20 00:00:00,2373,32130,1,551.1975,GBP
2010-01-15 00:00:00,2010-01-20 00:00:00,2373,32130,1,2755.9875,USD
2010-01-15 00:00:00,2010-01-20 00:00:00,2373,32796,1,551.1975,USD
2010-01-15 00:00:00,2010-01-20 00:00:00,2373,68137,1,551.1975,USD
2010-01-15 00:00:00,2010-01-20 00:00:00,2373,79424,1,551.1975,USD
2010-01-15 00:00:00,2010-01-20 00:00:00,2373,85742,1,551.1975,GBP
2010-01-15 00:00:00,2010-01-20 00:00:00,2373,91302,1,551.1975,GBP
2010-01-15 00:00:00,2010-01-20 00:00:00,2374,33412,1,629.9475,USD
2010-01-15 00:00:00,2010-01-20 00:00:00,2379,36526,1,173.1975,GBP
2010-01-15 00:00:00,2010-01-20 00:00:00,2379,47429,1,173.1975,GBP
2010-01-15 00:00:00,2010-01-20 00:00:00,2379,76262,1,173.1975,USD
2010-01-15 00:00:00,2010-01-20 00:00:00,2379,76574,1,173.1975,GBP
2010-01-15 00:00:00,2010-01-20 00:00:00,2379,85306,1,204.6975,USD
2010-01-15 00:00:00,2010-01-20 00:00:00,2380,76655,1,309.6975,GBP
2010-01-15 00:00:00,2010-01-20 00:00:00,2380,77429,1,309.6975,GBP
2010-01-15 00:00:00,2010-01-20 00:00:00,2388,02817,1,309.6975,GBP
2010-01-15 00:00:00,2010-01-20 00:00:00,2388,32526,1,309.6975,GBP
2010-01-15 00:00:00,2010-01-20 00:00:00,2388,33196,1,309.6975,USD
2010-01-15 00:00:00,2010-01-20 00:00:00,2388,33305,1,309.6975,GBP
2010-01-15 00:00:00,2010-01-20 00:00:00,2388,37748,1,309.6975,USD
2010-01-15 00:00:00,2010-01-20 00:00:00,2388,38134,1,309.6975,USD
2010-01-15 00:00:00,2010-01-20 00:00:00,2388,47421,1,309.6975,USD
2010-01-15 00:00:00,2010-01-20 00:00:00,2388,69001,1,309.6975,GBP
2010-01-15 00:00:00,2010-01-20 00:00:00,2388,70070,1,309.6975,USD
2010-01-15 00:00:00,2010-01-20 00:00:00,2388,73701,1,309.6975,USD
2010-01-15 00:00:00,2010-01-20 00:00:00,2388,77707,1,309.6975,USD
2010-01-15 00:00:00,2010-01-20 00:00:00,2388,78242,1,309.6975,GBP
2010-01-15 00:00:00,2010-01-20 00:00:00,2388,85544,1,309.6975,USD
2010-01-15 00:00:00,2010-01-20 00:00:00,2388,86401,1,309.6975,USD
2010-01-15 00:00:00,2010-01-20 00:00:00,2388,89134,1,309.6975,GBP
2010-01-15 00:00:00,2010-01-20 00:00:00,2388,92025,1,309.6975,USD
2010-01-15 00:00:00,2010-01-20 00:00:00,2388,92126,1,309.6975,USD
2010-01-15 00:00:00,2010-01-20 00:00:00,2388,92570,1,309.6975,USD
2010-01-15 00:00:00,2010-01-20 00:00:00,2388,95973,1,309.6975,USD
2010-01-15 00:00:00,2010-01-20 00:00:00,2401,33014,1,162.6975,USD
2010-01-15 00:00:00,2010-01-20 00:00:00,2401,86336,2,325.395,GBP
2010-01-15 00:00:00,2010-01-20 00:00:00,2401,90064,1,146.9475,USD
2010-01-15 00:00:00,2010-01-20 00:00:00,2401,99507,1,162.6975,GBP
2010-01-15 00:00:00,2010-01-20 00:00:00,2406,33180,1,89.1975,USD
2010-01-15 00:00:00,2010-01-20 00:00:00,2406,70422,1,86.5725,GBP
2010-01-15 00:00:00,2010-01-20 00:00:00,2406,77663,1,86.5725,USD
2010-01-15 00:00:00,2010-01-20 00:00:00,2407,33991,1,73.4475,GBP
2010-01-15 00:00:00,2010-01-20 00:00:00,2407,46901,1,73.4475,GBP
2010-01-15 00:00:00,2010-01-20 00:00:00,2407,53081,1,73.4475,USD
2010-01-15 00:00:00,2010-01-20 00:00:00,2407,53083,1,73.4475,GBP
2010-01-15 00:00:00,2010-01-20 00:00:00,2407,66215,1,73.4475,USD
2010-01-15 00:00:00,2010-01-20 00:00:00,2410,33908,1,99.6975,USD
2010-01-15 00:00:00,2010-01-21 00:00:00,25,70119,1,792.75,USD
2010-01-15 00:00:00,2010-01-21 00:00:00,25,84092,1,792.75,USD
2010-01-15 00:00:00,2010-01-21 00:00:00,25,87505,1,792.75,USD
2010-01-15 00:00:00,2010-01-21 00:00:00,25,88311,1,792.75,GBP
2010-01-15 00:00:00,2010-01-21 00:00:00,32,77401,1,711.375,USD
2010-01-15 00:00:00,2010-01-21 00:00:00,36,20007,1,414.75,USD
2010-01-15 00:00:00,2010-01-21 00:00:00,88,85737,1,839.475,GBP
2010-01-15 00:00:00,2010-01-21 00:00:00,120,63376,1,829.5,USD
2010-01-15 00:00:00,2010-01-21 00:00:00,139,97633,1,546,GBP
2010-01-15 00:00:00,2010-01-21 00:00:00,184,94041,1,729.75,USD
2010-01-15 00:00:00,2010-01-21 00:00:00,184,94133,1,729.75,GBP
2010-01-15 00:00:00,2010-01-21 00:00:00,184,95842,1,729.75,GBP
2010-01-15 00:00:00,2010-01-21 00:00:00,187,92651,1,819,GBP
2010-01-15 00:00:00,2010-01-21 00:00:00,193,91361,1,681.975,USD
2010-01-15 00:00:00,2010-01-21 00:00:00,195,07901,1,750.225,GBP
2010-01-15 00:00:00,2010-01-21 00:00:00,195,40047,1,750.225,USD
2010-01-15 00:00:00,2010-01-21 00:00:00,195,46032,1,750.225,USD
2010-01-15 00:00:00,2010-01-21 00:00:00,195,46260,1,750.225,GBP
2010-01-15 00:00:00,2010-01-21 00:00:00,195,77024,1,750.225,USD
2010-01-15 00:00:00,2010-01-21 00:00:00,195,95610,1,750.225,GBP
2010-01-15 00:00:00,2010-01-21 00:00:00,195,97701,1,750.225,GBP
2010-01-15 00:00:00,2010-01-21 00:00:00,228,08009,1,655.9875,USD
2010-01-15 00:00:00,2010-01-21 00:00:00,234,07652,1,403.9875,USD
2010-01-15 00:00:00,2010-01-21 00:00:00,288,53188,1,865.9875,USD
2010-01-15 00:00:00,2010-01-21 00:00:00,320,34236,3,4094.2125,USD
2010-01-15 00:00:00,2010-01-21 00:00:00,326,77006,1,708.4875,GBP
2010-01-15 00:00:00,2010-01-21 00:00:00,355,46256,1,435.4875,USD
2010-01-15 00:00:00,2010-01-21 00:00:00,396,01524,1,857.0625,USD
2010-01-15 00:00:00,2010-01-21 00:00:00,396,02857,1,857.0625,USD
2010-01-15 00:00:00,2010-01-21 00:00:00,396,06256,1,857.0625,GBP
2010-01-15 00:00:00,2010-01-21 00:00:00,396,06488,1,857.0625,USD
2010-01-15 00:00:00,2010-01-21 00:00:00,396,06902,1,857.0625,USD
2010-01-15 00:00:00,2010-01-21 00:00:00,396,07031,1,857.0625,USD
2010-01-15 00:00:00,2010-01-21 00:00:00,396,08724,1,857.0625,USD
2010-01-15 00:00:00,2010-01-21 00:00:00,396,08859,1,857.0625,GBP
2010-01-15 00:00:00,2010-01-21 00:00:00,396,08876,1,857.0625,GBP
2010-01-15 00:00:00,2010-01-21 00:00:00,396,08904,1,857.0625,GBP
2010-01-15 00:00:00,2010-01-21 00:00:00,396,19713,1,857.0625,USD
2010-01-15 00:00:00,2010-01-21 00:00:00,396,20603,1,857.0625,USD
2010-01-15 00:00:00,2010-01-21 00:00:00,396,21783,1,857.0625,GBP
2010-01-15 00:00:00,2010-01-21 00:00:00,396,26554,1,857.0625,USD
2010-01-15 00:00:00,2010-01-21 00:00:00,396,29609,2,1714.125,GBP
2010-01-15 00:00:00,2010-01-21 00:00:00,396,32068,1,857.0625,USD
2010-01-15 00:00:00,2010-01-21 00:00:00,396,32779,1,857.0625,GBP
2010-01-15 00:00:00,2010-01-21 00:00:00,396,35956,1,857.0625,USD
2010-01-15 00:00:00,2010-01-21 00:00:00,396,37205,1,857.0625,GBP
2010-01-15 00:00:00,2010-01-21 00:00:00,396,40347,1,857.0625,USD
2010-01-15 00:00:00,2010-01-21 00:00:00,396,46996,1,857.0625,GBP
2010-01-15 00:00:00,2010-01-21 00:00:00,396,50642,1,857.0625,USD
2010-01-15 00:00:00,2010-01-21 00:00:00,396,50702,1,857.0625,GBP
2010-01-15 00:00:00,2010-01-21 00:00:00,396,53177,1,857.0625,GBP
2010-01-15 00:00:00,2010-01-21 00:00:00,396,53511,1,857.0625,USD
2010-01-15 00:00:00,2010-01-21 00:00:00,396,54220,1,857.0625,USD
2010-01-15 00:00:00,2010-01-21 00:00:00,396,54302,1,857.0625,GBP
2010-01-15 00:00:00,2010-01-21 00:00:00,396,54701,1,857.0625,USD
2010-01-15 00:00:00,2010-01-21 00:00:00,396,56007,1,857.0625,USD
2010-01-15 00:00:00,2010-01-21 00:00:00,396,56464,1,857.0625,USD
2010-01-15 00:00:00,2010-01-21 00:00:00,396,63303,1,857.0625,GBP
2010-01-15 00:00:00,2010-01-21 00:00:00,396,65605,1,857.0625,GBP
2010-01-15 00:00:00,2010-01-21 00:00:00,396,67951,1,857.0625,USD
2010-01-15 00:00:00,2010-01-21 00:00:00,396,68502,1,857.0625,GBP
2010-01-15 00:00:00,2010-01-21 00:00:00,396,71111,1,857.0625,GBP
2010-01-15 00:00:00,2010-01-21 00:00:00,396,71913,1,857.0625,USD
2010-01-15 00:00:00,2010-01-21 00:00:00,396,73018,1,857.0625,USD
2010-01-15 00:00:00,2010-01-21 00:00:00,396,73052,1,857.0625,USD
2010-01-15 00:00:00,2010-01-21 00:00:00,396,75766,1,857.0625,GBP
2010-01-15 00:00:00,2010-01-21 00:00:00,396,76513,1,857.0625,USD
2010-01-15 00:00:00,2010-01-21 00:00:00,396,77024,1,857.0625,GBP
2010-01-15 00:00:00,2010-01-21 00:00:00,396,77379,1,857.0625,USD
2010-01-15 00:00:00,2010-01-21 00:00:00,396,78741,1,857.0625,USD
2010-01-15 00:00:00,2010-01-21 00:00:00,396,84058,1,857.0625,GBP
2010-01-15 00:00:00,2010-01-21 00:00:00,396,85737,1,857.0625,USD
2010-01-15 00:00:00,2010-01-21 00:00:00,396,87110,1,857.0625,GBP
2010-01-15 00:00:00,2010-01-21 00:00:00,396,88101,1,857.0625,USD
2010-01-15 00:00:00,2010-01-21 00:00:00,396,89509,1,857.0625,GBP
2010-01-15 00:00:00,2010-01-21 00:00:00,396,89511,1,857.0625,GBP
2010-01-15 00:00:00,2010-01-21 00:00:00,396,91916,1,857.0625,GBP
2010-01-15 00:00:00,2010-01-21 00:00:00,396,92130,1,857.0625,USD
2010-01-15 00:00:00,2010-01-21 00:00:00,396,92606,1,857.0625,GBP
2010-01-15 00:00:00,2010-01-21 00:00:00,396,93023,1,857.0625,USD
2010-01-15 00:00:00,2010-01-21 00:00:00,396,94063,1,857.0625,GBP
2010-01-15 00:00:00,2010-01-21 00:00:00,396,94509,1,857.0625,USD
2010-01-15 00:00:00,2010-01-21 00:00:00,396,95060,1,857.0625,USD
2010-01-15 00:00:00,2010-01-21 00:00:00,396,95695,2,1714.125,GBP
2010-01-15 00:00:00,2010-01-21 00:00:00,396,97504,1,857.0625,GBP
2010-01-15 00:00:00,2010-01-21 00:00:00,396,97868,1,857.0625,USD
2010-01-15 00:00:00,2010-01-21 00:00:00,400,08075,1,683.8125,USD
2010-01-15 00:00:00,2010-01-21 00:00:00,400,52730,1,683.8125,USD
2010-01-15 00:00:00,2010-01-21 00:00:00,400,55378,1,683.8125,GBP
2010-01-15 00:00:00,2010-01-21 00:00:00,400,63080,1,683.8125,GBP
2010-01-15 00:00:00,2010-01-21 00:00:00,400,70001,1,683.8125,GBP
2010-01-15 00:00:00,2010-01-21 00:00:00,400,72802,1,683.8125,GBP
2010-01-15 00:00:00,2010-01-21 00:00:00,400,75060,1,683.8125,GBP
2010-01-15 00:00:00,2010-01-21 00:00:00,400,76103,1,683.8125,GBP
2010-01-15 00:00:00,2010-01-21 00:00:00,400,84093,1,683.8125,GBP
2010-01-15 00:00:00,2010-01-21 00:00:00,400,87418,1,683.8125,GBP
2010-01-15 00:00:00,2010-01-21 00:00:00,400,92646,1,697.725,GBP
2010-01-15 00:00:00,2010-01-21 00:00:00,400,93010,1,697.725,GBP
2010-01-15 00:00:00,2010-01-21 00:00:00,400,93060,1,697.725,GBP
2010-01-15 00:00:00,2010-01-21 00:00:00,415,77301,1,495.8625,USD
2010-01-15 00:00:00,2010-01-21 00:00:00,433,02188,1,804.3,GBP
2010-01-15 00:00:00,2010-01-21 00:00:00,433,08721,1,804.3,GBP
2010-01-15 00:00:00,2010-01-21 00:00:00,433,29483,1,804.3,USD
2010-01-15 00:00:00,2010-01-21 00:00:00,433,33865,1,804.3,GBP
2010-01-15 00:00:00,2010-01-21 00:00:00,433,37075,1,804.3,GBP
2010-01-15 00:00:00,2010-01-21 00:00:00,433,57702,1,804.3,GBP
2010-01-15 00:00:00,2010-01-21 00:00:00,433,65441,1,804.3,USD
2010-01-15 00:00:00,2010-01-21 00:00:00,433,77025,1,804.3,GBP
2010-01-15 00:00:00,2010-01-21 00:00:00,433,91307,1,804.3,USD
2010-01-15 00:00:00,2010-01-21 00:00:00,433,92311,1,804.3,USD
2010-01-15 00:00:00,2010-01-21 00:00:00,443,01033,1,790.9125,GBP
2010-01-15 00:00:00,2010-01-21 00:00:00,443,01541,1,790.9125,GBP
2010-01-15 00:00:00,2010-01-21 00:00:00,443,06068,1,790.9125,GBP
2010-01-15 00:00:00,2010-01-21 00:00:00,443,20833,1,790.9125,USD
2010-01-15 00:00:00,2010-01-21 00:00:00,443,21122,1,790.9125,GBP
2010-01-15 00:00:00,2010-01-21 00:00:00,443,32068,1,790.9125,USD
2010-01-15 00:00:00,2010-01-21 00:00:00,443,32174,1,790.9125,USD
2010-01-15 00:00:00,2010-01-21 00:00:00,443,32644,1,790.9125,GBP
2010-01-15 00:00:00,2010-01-21 00:00:00,443,36113,1,790.9125,GBP
2010-01-15 00:00:00,2010-01-21 00:00:00,443,36201,1,790.9125,GBP
2010-01-15 00:00:00,2010-01-21 00:00:00,443,38652,1,790.9125,USD
2010-01-15 00:00:00,2010-01-21 00:00:00,443,40213,1,790.9125,GBP
2010-01-15 00:00:00,2010-01-21 00:00:00,443,46226,1,790.9125,GBP
2010-01-15 00:00:00,2010-01-21 00:00:00,443,46721,1,790.9125,GBP
2010-01-15 00:00:00,2010-01-21 00:00:00,443,47201,1,790.9125,GBP
2010-01-15 00:00:00,2010-01-21 00:00:00,443,50158,1,790.9125,GBP
2010-01-15 00:00:00,2010-01-21 00:00:00,443,54467,1,790.9125,USD
2010-01-15 00:00:00,2010-01-21 00:00:00,443,70380,1,790.9125,GBP
2010-01-15 00:00:00,2010-01-21 00:00:00,443,70458,1,790.9125,GBP
2010-01-15 00:00:00,2010-01-21 00:00:00,443,75374,1,790.9125,GBP
2010-01-15 00:00:00,2010-01-21 00:00:00,443,77346,1,790.9125,USD
2010-01-15 00:00:00,2010-01-21 00:00:00,443,78727,1,790.9125,GBP
2010-01-15 00:00:00,2010-01-21 00:00:00,443,95134,1,804.825,GBP
2010-01-15 00:00:00,2010-01-21 00:00:00,443,97007,1,804.825,GBP
2010-01-15 00:00:00,2010-01-21 00:00:00,455,33884,1,883.3125,GBP
2010-01-15 00:00:00,2010-01-21 00:00:00,464,77378,1,566.2125,USD
2010-01-15 00:00:00,2010-01-21 00:00:00,475,06026,1,970.2,USD
2010-01-15 00:00:00,2010-01-21 00:00:00,475,08302,1,970.2,USD
2010-01-15 00:00:00,2010-01-21 00:00:00,475,21050,1,970.2,GBP
2010-01-15 00:00:00,2010-01-21 00:00:00,475,21117,1,970.2,USD
2010-01-15 00:00:00,2010-01-21 00:00:00,475,25661,1,970.2,GBP
2010-01-15 00:00:00,2010-01-21 00:00:00,475,32809,1,970.2,USD
2010-01-15 00:00:00,2010-01-21 00:00:00,475,37421,1,970.2,GBP
2010-01-15 00:00:00,2010-01-21 00:00:00,475,38879,1,970.2,USD
2010-01-15 00:00:00,2010-01-21 00:00:00,475,46051,1,970.2,GBP
2010-01-15 00:00:00,2010-01-21 00:00:00,475,46247,1,970.2,GBP
2010-01-15 00:00:00,2010-01-21 00:00:00,475,47150,1,970.2,USD
2010-01-15 00:00:00,2010-01-21 00:00:00,475,52753,1,970.2,USD
2010-01-15 00:00:00,2010-01-21 00:00:00,475,53126,1,970.2,GBP
2010-01-15 00:00:00,2010-01-21 00:00:00,475,53219,1,970.2,USD
2010-01-15 00:00:00,2010-01-21 00:00:00,475,53809,1,5821.2,GBP
2010-01-15 00:00:00,2010-01-21 00:00:00,475,53809,1,4851,USD
2010-01-15 00:00:00,2010-01-21 00:00:00,475,54487,1,970.2,GBP
2010-01-15 00:00:00,2010-01-21 00:00:00,475,56073,1,970.2,GBP
2010-01-15 00:00:00,2010-01-21 00:00:00,475,63026,1,970.2,USD
2010-01-15 00:00:00,2010-01-21 00:00:00,475,75225,1,970.2,USD
2010-01-15 00:00:00,2010-01-21 00:00:00,475,75711,1,970.2,USD
2010-01-15 00:00:00,2010-01-21 00:00:00,475,77566,1,970.2,GBP
2010-01-15 00:00:00,2010-01-21 00:00:00,475,84084,1,970.2,USD
2010-01-15 00:00:00,2010-01-21 00:00:00,475,87122,1,970.2,USD
2010-01-15 00:00:00,2010-01-21 00:00:00,475,93631,1,975.45,GBP
2010-01-15 00:00:00,2010-01-21 00:00:00,485,42103,1,807.1875,GBP
2010-01-15 00:00:00,2010-01-21 00:00:00,485,46902,1,807.1875,USD
2010-01-15 00:00:00,2010-01-21 00:00:00,487,32789,1,842.625,GBP
2010-01-15 00:00:00,2010-01-21 00:00:00,488,32824,1,970.2,USD
2010-01-15 00:00:00,2010-01-21 00:00:00,488,46237,1,970.2,GBP
2010-01-15 00:00:00,2010-01-21 00:00:00,491,07401,1,815.325,GBP
2010-01-15 00:00:00,2010-01-21 00:00:00,491,08812,1,815.325,USD
2010-01-15 00:00:00,2010-01-21 00:00:00,491,20735,1,815.325,USD
2010-01-15 00:00:00,2010-01-21 00:00:00,491,21128,1,815.325,USD
2010-01-15 00:00:00,2010-01-21 00:00:00,491,29113,1,815.325,GBP
2010-01-15 00:00:00,2010-01-21 00:00:00,491,29330,1,815.325,USD
2010-01-15 00:00:00,2010-01-21 00:00:00,491,29349,1,815.325,USD
2010-01-15 00:00:00,2010-01-21 00:00:00,491,29574,1,815.325,USD
2010-01-15 00:00:00,2010-01-21 00:00:00,491,32224,1,815.325,GBP
2010-01-15 00:00:00,2010-01-21 00:00:00,491,32779,1,815.325,USD
2010-01-15 00:00:00,2010-01-21 00:00:00,491,33068,1,815.325,USD
2010-01-15 00:00:00,2010-01-21 00:00:00,491,33410,1,815.325,GBP
2010-01-15 00:00:00,2010-01-21 00:00:00,491,33458,1,815.325,GBP
2010-01-15 00:00:00,2010-01-21 00:00:00,491,33880,1,801.9375,GBP
2010-01-15 00:00:00,2010-01-21 00:00:00,491,35405,1,815.325,USD
2010-01-15 00:00:00,2010-01-21 00:00:00,491,35640,1,815.325,USD
2010-01-15 00:00:00,2010-01-21 00:00:00,491,38070,1,815.325,GBP
2010-01-15 00:00:00,2010-01-21 00:00:00,491,38401,2,1630.65,USD
2010-01-15 00:00:00,2010-01-21 00:00:00,491,38901,1,815.325,USD
2010-01-15 00:00:00,2010-01-21 00:00:00,491,39073,1,815.325,USD
2010-01-15 00:00:00,2010-01-21 00:00:00,491,39531,1,815.325,GBP
2010-01-15 00:00:00,2010-01-21 00:00:00,491,40228,1,815.325,GBP
2010-01-15 00:00:00,2010-01-21 00:00:00,491,41844,1,4076.625,GBP
2010-01-15 00:00:00,2010-01-21 00:00:00,491,41844,1,4076.625,USD
2010-01-15 00:00:00,2010-01-21 00:00:00,491,42303,1,815.325,USD
2010-01-15 00:00:00,2010-01-21 00:00:00,491,46514,1,1630.65,GBP
2010-01-15 00:00:00,2010-01-21 00:00:00,491,46514,1,4076.625,USD
2010-01-15 00:00:00,2010-01-21 00:00:00,491,46574,1,815.325,USD
2010-01-15 00:00:00,2010-01-21 00:00:00,491,47712,1,815.325,GBP
2010-01-15 00:00:00,2010-01-21 00:00:00,491,53046,1,815.325,GBP
2010-01-15 00:00:00,2010-01-21 00:00:00,491,53177,1,815.325,GBP
2010-01-15 00:00:00,2010-01-21 00:00:00,491,53177,1,815.325,USD
2010-01-15 00:00:00,2010-01-21 00:00:00,491,54401,1,815.325,GBP
2010-01-15 00:00:00,2010-01-21 00:00:00,491,55749,1,815.325,USD
2010-01-15 00:00:00,2010-01-21 00:00:00,491,57702,1,815.325,USD
2010-01-15 00:00:00,2010-01-21 00:00:00,491,63366,1,815.325,USD
2010-01-15 00:00:00,2010-01-21 00:00:00,491,64118,1,815.325,GBP
2010-01-15 00:00:00,2010-01-21 00:00:00,491,66441,1,815.325,GBP
2010-01-15 00:00:00,2010-01-21 00:00:00,491,72560,1,815.325,USD
2010-01-15 00:00:00,2010-01-21 00:00:00,491,76051,1,815.325,USD
2010-01-15 00:00:00,2010-01-21 00:00:00,491,78611,1,815.325,GBP
2010-01-15 00:00:00,2010-01-21 00:00:00,491,79382,1,815.325,GBP
2010-01-15 00:00:00,2010-01-21 00:00:00,491,85254,1,815.325,USD
2010-01-15 00:00:00,2010-01-21 00:00:00,491,85737,2,1630.65,GBP
2010-01-15 00:00:00,2010-01-21 00:00:00,491,89505,1,815.325,USD
2010-01-15 00:00:00,2010-01-21 00:00:00,495,32043,1,560.9625,GBP
2010-01-15 00:00:00,2010-01-21 00:00:00,495,32114,5,2804.8125,USD
2010-01-15 00:00:00,2010-01-21 00:00:00,495,32234,1,560.9625,USD
2010-01-15 00:00:00,2010-01-21 00:00:00,495,73136,2,1121.925,USD
2010-01-15 00:00:00,2010-01-21 00:00:00,499,32773,1,846.3,USD
2010-01-15 00:00:00,2010-01-21 00:00:00,499,33770,1,846.3,GBP
2010-01-15 00:00:00,2010-01-21 00:00:00,499,34292,1,846.3,GBP
2010-01-15 00:00:00,2010-01-21 00:00:00,499,55106,1,846.3,GBP
2010-01-15 00:00:00,2010-01-21 00:00:00,499,70357,1,846.3,GBP
2010-01-15 00:00:00,2010-01-21 00:00:00,499,85205,1,846.3,GBP
2010-01-15 00:00:00,2010-01-21 00:00:00,499,90241,1,851.55,USD
2010-01-15 00:00:00,2010-01-21 00:00:00,499,91316,1,851.55,GBP
2010-01-15 00:00:00,2010-01-21 00:00:00,499,91360,1,851.55,GBP
2010-01-15 00:00:00,2010-01-21 00:00:00,499,97230,1,846.3,USD
2010-01-15 00:00:00,2010-01-21 00:00:00,510,46320,1,837.1125,GBP
2010-01-15 00:00:00,2010-01-21 00:00:00,510,89704,1,837.1125,USD
2010-01-15 00:00:00,2010-01-21 00:00:00,510,95032,1,842.3625,GBP
2010-01-15 00:00:00,2010-01-21 00:00:00,513,46140,1,451.4475,USD
2010-01-15 00:00:00,2010-01-21 00:00:00,513,46342,1,451.4475,GBP
2010-01-15 00:00:00,2010-01-21 00:00:00,513,75057,1,451.4475,USD
2010-01-15 00:00:00,2010-01-21 00:00:00,513,78238,1,451.4475,USD
2010-01-15 00:00:00,2010-01-21 00:00:00,513,97023,1,451.4475,GBP
2010-01-15 00:00:00,2010-01-21 00:00:00,530,34470,1,619.4475,USD
2010-01-15 00:00:00,2010-01-21 00:00:00,530,55418,1,619.4475,GBP
2010-01-15 00:00:00,2010-01-21 00:00:00,532,06492,1,556.4475,USD
2010-01-15 00:00:00,2010-01-21 00:00:00,532,33314,1,556.4475,USD
2010-01-15 00:00:00,2010-01-21 00:00:00,532,35750,1,556.4475,USD
2010-01-15 00:00:00,2010-01-21 00:00:00,532,87008,1,556.4475,GBP
2010-01-15 00:00:00,2010-01-21 00:00:00,532,93292,1,561.6975,USD
2010-01-15 00:00:00,2010-01-21 00:00:00,550,32514,1,403.9875,USD
2010-01-15 00:00:00,2010-01-21 00:00:00,550,32937,1,403.9875,USD
2010-01-15 00:00:00,2010-01-21 00:00:00,550,35226,1,403.9875,GBP
2010-01-15 00:00:00,2010-01-21 00:00:00,550,52213,1,403.9875,GBP
2010-01-15 00:00:00,2010-01-21 00:00:00,550,52563,1,403.9875,GBP
2010-01-15 00:00:00,2010-01-21 00:00:00,550,63042,1,403.9875,USD
2010-01-15 00:00:00,2010-01-21 00:00:00,550,70448,1,403.9875,USD
2010-01-15 00:00:00,2010-01-21 00:00:00,550,79608,1,403.9875,USD
2010-01-15 00:00:00,2010-01-21 00:00:00,550,89109,1,410.2875,GBP
2010-01-15 00:00:00,2010-01-21 00:00:00,550,97701,2,807.975,GBP
2010-01-15 00:00:00,2010-01-21 00:00:00,559,06073,1,585.6375,GBP
2010-01-15 00:00:00,2010-01-21 00:00:00,559,08867,1,585.6375,USD
2010-01-15 00:00:00,2010-01-21 00:00:00,559,21921,1,585.6375,USD
2010-01-15 00:00:00,2010-01-21 00:00:00,559,32223,1,585.6375,GBP
2010-01-15 00:00:00,2010-01-21 00:00:00,559,35062,1,585.6375,GBP
2010-01-15 00:00:00,2010-01-21 00:00:00,559,37914,1,585.6375,USD
2010-01-15 00:00:00,2010-01-21 00:00:00,559,53158,1,585.6375,USD
2010-01-15 00:00:00,2010-01-21 00:00:00,559,55420,1,585.6375,USD
2010-01-15 00:00:00,2010-01-21 00:00:00,559,59101,1,585.6375,USD
2010-01-15 00:00:00,2010-01-21 00:00:00,559,59804,1,585.6375,USD
2010-01-15 00:00:00,2010-01-21 00:00:00,559,63028,1,585.6375,USD
2010-01-15 00:00:00,2010-01-21 00:00:00,559,86047,1,585.6375,USD
2010-01-15 00:00:00,2010-01-21 00:00:00,559,91351,1,600.6,USD
2010-01-15 00:00:00,2010-01-21 00:00:00,559,94550,1,600.6,USD
2010-01-15 00:00:00,2010-01-21 00:00:00,559,95631,1,600.6,USD
2010-01-15 00:00:00,2010-01-21 00:00:00,559,95703,1,600.6,GBP
2010-01-15 00:00:00,2010-01-21 00:00:00,559,97229,1,600.6,GBP
2010-01-15 00:00:00,2010-01-21 00:00:00,573,06371,1,280.6125,GBP
2010-01-15 00:00:00,2010-01-21 00:00:00,573,08078,1,280.6125,GBP
2010-01-15 00:00:00,2010-01-21 00:00:00,573,08527,1,280.6125,GBP
2010-01-15 00:00:00,2010-01-21 00:00:00,573,21801,1,280.6125,GBP
2010-01-15 00:00:00,2010-01-21 00:00:00,573,26103,1,280.6125,USD
2010-01-15 00:00:00,2010-01-21 00:00:00,573,32043,1,280.6125,GBP
2010-01-15 00:00:00,2010-01-21 00:00:00,573,46240,1,280.6125,GBP
2010-01-15 00:00:00,2010-01-21 00:00:00,573,46901,1,280.6125,GBP
2010-01-15 00:00:00,2010-01-21 00:00:00,573,52726,1,280.6125,USD
2010-01-15 00:00:00,2010-01-21 00:00:00,573,64133,1,280.6125,GBP
2010-01-15 00:00:00,2010-01-21 00:00:00,573,67210,1,280.6125,GBP
2010-01-15 00:00:00,2010-01-21 00:00:00,573,67301,1,280.6125,GBP
2010-01-15 00:00:00,2010-01-21 00:00:00,573,74145,1,280.6125,USD
2010-01-15 00:00:00,2010-01-21 00:00:00,573,76116,1,280.6125,GBP
2010-01-15 00:00:00,2010-01-21 00:00:00,573,89122,1,280.6125,GBP
2010-01-15 00:00:00,2010-01-21 00:00:00,573,90211,1,286.9125,GBP
2010-01-15 00:00:00,2010-01-21 00:00:00,573,92647,1,286.9125,USD
2010-01-15 00:00:00,2010-01-21 00:00:00,573,92656,1,286.9125,GBP
2010-01-15 00:00:00,2010-01-21 00:00:00,573,95338,1,281.6625,USD
2010-01-15 00:00:00,2010-01-21 00:00:00,573,95604,1,286.9125,GBP
2010-01-15 00:00:00,2010-01-21 00:00:00,574,90278,1,830.55,USD
2010-01-15 00:00:00,2010-01-21 00:00:00,574,92688,1,830.55,GBP
2010-01-15 00:00:00,2010-01-21 00:00:00,574,94019,1,830.55,GBP
2010-01-15 00:00:00,2010-01-21 00:00:00,574,94587,1,830.55,GBP
2010-01-15 00:00:00,2010-01-21 00:00:00,574,95138,2,1661.1,USD
2010-01-15 00:00:00,2010-01-21 00:00:00,574,95220,1,830.55,GBP
2010-01-15 00:00:00,2010-01-21 00:00:00,580,32952,1,734.7375,GBP
2010-01-15 00:00:00,2010-01-21 00:00:00,580,33441,1,734.7375,USD
2010-01-15 00:00:00,2010-01-21 00:00:00,580,42103,1,734.7375,USD
2010-01-15 00:00:00,2010-01-21 00:00:00,580,53214,1,734.7375,USD
2010-01-15 00:00:00,2010-01-21 00:00:00,580,75703,1,734.7375,USD
2010-01-15 00:00:00,2010-01-21 00:00:00,580,78644,1,734.7375,GBP
2010-01-15 00:00:00,2010-01-21 00:00:00,580,82718,1,734.7375,GBP
2010-01-15 00:00:00,2010-01-21 00:00:00,580,85220,1,734.7375,USD
2010-01-15 00:00:00,2010-01-21 00:00:00,596,06405,1,746.55,GBP
2010-01-15 00:00:00,2010-01-21 00:00:00,596,32266,1,746.55,USD
2010-01-15 00:00:00,2010-01-21 00:00:00,596,32825,1,746.55,USD
2010-01-15 00:00:00,2010-01-21 00:00:00,596,35473,1,746.55,USD
2010-01-15 00:00:00,2010-01-21 00:00:00,596,51501,1,746.55,USD
2010-01-15 00:00:00,2010-01-21 00:00:00,596,53220,1,746.55,GBP
2010-01-15 00:00:00,2010-01-21 00:00:00,596,53403,1,746.55,USD
2010-01-15 00:00:00,2010-01-21 00:00:00,596,55369,1,746.55,USD
2010-01-15 00:00:00,2010-01-21 00:00:00,596,70611,1,746.55,GBP
2010-01-15 00:00:00,2010-01-21 00:00:00,596,77536,1,746.55,GBP
2010-01-15 00:00:00,2010-01-21 00:00:00,596,78956,1,746.55,GBP
2010-01-15 00:00:00,2010-01-21 00:00:00,596,94566,1,761.5125,USD
2010-01-15 00:00:00,2010-01-21 00:00:00,596,97080,1,746.55,GBP
2010-01-15 00:00:00,2010-01-21 00:00:00,599,01430,1,753.6375,USD
2010-01-15 00:00:00,2010-01-21 00:00:00,599,06437,1,753.6375,USD
2010-01-15 00:00:00,2010-01-21 00:00:00,599,07852,1,741.5625,GBP
2010-01-15 00:00:00,2010-01-21 00:00:00,599,08861,1,753.6375,GBP
2010-01-15 00:00:00,2010-01-21 00:00:00,599,21084,1,753.6375,GBP
2010-01-15 00:00:00,2010-01-21 00:00:00,599,32507,1,753.6375,USD
2010-01-15 00:00:00,2010-01-21 00:00:00,599,36693,1,753.6375,GBP
2010-01-15 00:00:00,2010-01-21 00:00:00,599,52245,1,753.6375,GBP
2010-01-15 00:00:00,2010-01-21 00:00:00,599,52772,1,753.6375,GBP
2010-01-15 00:00:00,2010-01-21 00:00:00,599,70339,1,753.6375,USD
2010-01-15 00:00:00,2010-01-21 00:00:00,599,77381,1,753.6375,GBP
2010-01-15 00:00:00,2010-01-21 00:00:00,599,78411,1,753.6375,GBP
2010-01-15 00:00:00,2010-01-21 00:00:00,599,84092,1,753.6375,USD
2010-01-15 00:00:00,2010-01-21 00:00:00,599,86402,1,753.6375,GBP
2010-01-15 00:00:00,2010-01-21 00:00:00,599,91709,1,753.6375,GBP
2010-01-15 00:00:00,2010-01-21 00:00:00,599,91739,1,753.6375,USD
2010-01-15 00:00:00,2010-01-21 00:00:00,599,91902,1,753.6375,USD
2010-01-15 00:00:00,2010-01-21 00:00:00,599,93245,1,753.6375,USD
2010-01-15 00:00:00,2010-01-21 00:00:00,599,93940,1,753.6375,USD
2010-01-15 00:00:00,2010-01-21 00:00:00,599,95687,1,753.6375,GBP
2010-01-15 00:00:00,2010-01-21 00:00:00,599,99705,1,753.6375,GBP
2010-01-15 00:00:00,2010-01-21 00:00:00,604,01520,1,461.7375,GBP
2010-01-15 00:00:00,2010-01-21 00:00:00,604,21048,1,461.7375,USD
2010-01-15 00:00:00,2010-01-21 00:00:00,604,29072,1,461.7375,GBP
2010-01-15 00:00:00,2010-01-21 00:00:00,604,29464,1,461.7375,GBP
2010-01-15 00:00:00,2010-01-21 00:00:00,604,32118,1,461.7375,GBP
2010-01-15 00:00:00,2010-01-21 00:00:00,604,32713,1,461.7375,GBP
2010-01-15 00:00:00,2010-01-21 00:00:00,604,32978,1,461.7375,GBP
2010-01-15 00:00:00,2010-01-21 00:00:00,604,34639,1,461.7375,USD
2010-01-15 00:00:00,2010-01-21 00:00:00,604,36330,2,923.475,USD
2010-01-15 00:00:00,2010-01-21 00:00:00,604,47348,1,461.7375,USD
2010-01-15 00:00:00,2010-01-21 00:00:00,604,50310,1,461.7375,GBP
2010-01-15 00:00:00,2010-01-21 00:00:00,604,51104,1,461.7375,GBP
2010-01-15 00:00:00,2010-01-21 00:00:00,604,63129,1,461.7375,USD
2010-01-15 00:00:00,2010-01-21 00:00:00,604,64024,1,461.7375,USD
2010-01-15 00:00:00,2010-01-21 00:00:00,604,64068,2,923.475,USD
2010-01-15 00:00:00,2010-01-21 00:00:00,604,66048,1,461.7375,GBP
2010-01-15 00:00:00,2010-01-21 00:00:00,604,66226,1,461.7375,USD
2010-01-15 00:00:00,2010-01-21 00:00:00,604,68847,1,461.7375,GBP
2010-01-15 00:00:00,2010-01-21 00:00:00,604,70601,1,461.7375,GBP
2010-01-15 00:00:00,2010-01-21 00:00:00,604,74074,1,461.7375,USD
2010-01-15 00:00:00,2010-01-21 00:00:00,604,78251,1,461.7375,USD
2010-01-15 00:00:00,2010-01-21 00:00:00,604,78504,1,461.7375,GBP
2010-01-15 00:00:00,2010-01-21 00:00:00,604,78664,1,461.7375,GBP
2010-01-15 00:00:00,2010-01-21 00:00:00,604,79924,1,461.7375,GBP
2010-01-15 00:00:00,2010-01-21 00:00:00,604,85267,1,461.7375,GBP
2010-01-15 00:00:00,2010-01-21 00:00:00,604,85375,1,461.7375,GBP
2010-01-15 00:00:00,2010-01-21 00:00:00,604,90631,1,468.0375,GBP
2010-01-15 00:00:00,2010-01-21 00:00:00,604,92008,1,468.0375,USD
2010-01-15 00:00:00,2010-01-21 00:00:00,604,94954,1,468.0375,GBP
2010-01-15 00:00:00,2010-01-21 00:00:00,606,07036,1,314.7375,USD
2010-01-15 00:00:00,2010-01-21 00:00:00,606,07435,1,314.7375,GBP
2010-01-15 00:00:00,2010-01-21 00:00:00,606,21037,1,629.475,GBP
2010-01-15 00:00:00,2010-01-21 00:00:00,606,21037,1,629.475,USD
2010-01-15 00:00:00,2010-01-21 00:00:00,606,21157,1,314.7375,GBP
2010-01-15 00:00:00,2010-01-21 00:00:00,606,46701,1,312.1125,USD
2010-01-15 00:00:00,2010-01-21 00:00:00,606,47429,1,314.7375,GBP
2010-01-15 00:00:00,2010-01-21 00:00:00,606,66846,1,314.7375,GBP
2010-01-15 00:00:00,2010-01-21 00:00:00,606,77805,1,314.7375,GBP
2010-01-15 00:00:00,2010-01-21 00:00:00,606,85267,1,314.7375,USD
2010-01-15 00:00:00,2010-01-21 00:00:00,606,89705,1,314.7375,GBP
2010-01-15 00:00:00,2010-01-21 00:00:00,606,92145,1,321.0375,GBP
2010-01-15 00:00:00,2010-01-21 00:00:00,606,94121,1,321.0375,GBP
2010-01-15 00:00:00,2010-01-21 00:00:00,606,99515,1,314.7375,USD
2010-01-15 00:00:00,2010-01-21 00:00:00,609,02188,1,778.8375,USD
2010-01-15 00:00:00,2010-01-21 00:00:00,609,02723,1,778.8375,USD
2010-01-15 00:00:00,2010-01-21 00:00:00,609,02743,1,778.8375,GBP
2010-01-15 00:00:00,2010-01-21 00:00:00,609,02770,1,778.8375,USD
2010-01-15 00:00:00,2010-01-21 00:00:00,609,06460,1,778.8375,USD
2010-01-15 00:00:00,2010-01-21 00:00:00,609,06850,1,778.8375,GBP
2010-01-15 00:00:00,2010-01-21 00:00:00,609,06905,1,778.8375,USD
2010-01-15 00:00:00,2010-01-21 00:00:00,609,07011,1,778.8375,USD
2010-01-15 00:00:00,2010-01-21 00:00:00,609,07065,1,778.8375,USD
2010-01-15 00:00:00,2010-01-21 00:00:00,609,07442,1,778.8375,USD
2010-01-15 00:00:00,2010-01-21 00:00:00,609,07463,1,778.8375,USD
2010-01-15 00:00:00,2010-01-21 00:00:00,609,08505,1,778.8375,USD
2010-01-15 00:00:00,2010-01-21 00:00:00,609,08840,1,778.8375,GBP
2010-01-15 00:00:00,2010-01-21 00:00:00,609,19904,1,778.8375,GBP
2010-01-15 00:00:00,2010-01-21 00:00:00,609,20007,1,778.8375,USD
2010-01-15 00:00:00,2010-01-21 00:00:00,609,21037,1,778.8375,USD
2010-01-15 00:00:00,2010-01-21 00:00:00,609,21047,1,778.8375,USD
2010-01-15 00:00:00,2010-01-21 00:00:00,609,29161,1,778.8375,USD
2010-01-15 00:00:00,2010-01-21 00:00:00,609,32303,1,778.8375,USD
2010-01-15 00:00:00,2010-01-21 00:00:00,609,32310,1,778.8375,USD
2010-01-15 00:00:00,2010-01-21 00:00:00,609,32707,1,778.8375,USD
2010-01-15 00:00:00,2010-01-21 00:00:00,609,32811,2,1557.675,USD
2010-01-15 00:00:00,2010-01-21 00:00:00,609,33067,1,778.8375,USD
2010-01-15 00:00:00,2010-01-21 00:00:00,609,33401,1,778.8375,USD
2010-01-15 00:00:00,2010-01-21 00:00:00,609,34236,1,778.8375,USD
2010-01-15 00:00:00,2010-01-21 00:00:00,609,34689,1,778.8375,GBP
2010-01-15 00:00:00,2010-01-21 00:00:00,609,35504,1,778.8375,USD
2010-01-15 00:00:00,2010-01-21 00:00:00,609,37640,1,778.8375,USD
2010-01-15 00:00:00,2010-01-21 00:00:00,609,38107,1,778.8375,USD
2010-01-15 00:00:00,2010-01-21 00:00:00,609,40047,1,778.8375,USD
2010-01-15 00:00:00,2010-01-21 00:00:00,609,40229,1,1557.675,USD
2010-01-15 00:00:00,2010-01-21 00:00:00,609,40509,1,778.8375,GBP
2010-01-15 00:00:00,2010-01-21 00:00:00,609,46151,1,778.8375,USD
2010-01-15 00:00:00,2010-01-21 00:00:00,609,46167,1,778.8375,USD
2010-01-15 00:00:00,2010-01-21 00:00:00,609,46385,1,778.8375,GBP
2010-01-15 00:00:00,2010-01-21 00:00:00,609,46514,1,3894.1875,GBP
2010-01-15 00:00:00,2010-01-21 00:00:00,609,46514,1,2336.5125,USD
2010-01-15 00:00:00,2010-01-21 00:00:00,609,47136,1,778.8375,GBP
2010-01-15 00:00:00,2010-01-21 00:00:00,609,47170,1,778.8375,GBP
2010-01-15 00:00:00,2010-01-21 00:00:00,609,47906,1,778.8375,GBP
2010-01-15 00:00:00,2010-01-21 00:00:00,609,47906,1,778.8375,USD
2010-01-15 00:00:00,2010-01-21 00:00:00,609,50129,1,4673.025,GBP
2010-01-15 00:00:00,2010-01-21 00:00:00,609,50129,1,778.8375,USD
2010-01-15 00:00:00,2010-01-21 00:00:00,609,52072,1,778.8375,USD
2010-01-15 00:00:00,2010-01-21 00:00:00,609,52722,1,778.8375,USD
2010-01-15 00:00:00,2010-01-21 00:00:00,609,54313,1,778.8375,GBP
2010-01-15 00:00:00,2010-01-21 00:00:00,609,54703,1,778.8375,USD
2010-01-15 00:00:00,2010-01-21 00:00:00,609,58072,1,778.8375,USD
2010-01-15 00:00:00,2010-01-21 00:00:00,609,66701,1,778.8375,USD
2010-01-15 00:00:00,2010-01-21 00:00:00,609,67836,1,778.8375,USD
2010-01-15 00:00:00,2010-01-21 00:00:00,609,70053,1,778.8375,USD
2010-01-15 00:00:00,2010-01-21 00:00:00,609,74020,1,778.8375,USD
2010-01-15 00:00:00,2010-01-21 00:00:00,609,77301,1,778.8375,GBP
2010-01-15 00:00:00,2010-01-21 00:00:00,609,77565,1,778.8375,USD
2010-01-15 00:00:00,2010-01-21 00:00:00,609,77627,1,778.8375,GBP
2010-01-15 00:00:00,2010-01-21 00:00:00,609,85283,1,778.8375,USD
2010-01-15 00:00:00,2010-01-21 00:00:00,609,86440,1,794.0625,USD
2010-01-15 00:00:00,2010-01-21 00:00:00,609,90713,1,794.0625,USD
2010-01-15 00:00:00,2010-01-21 00:00:00,609,91303,1,794.0625,USD
2010-01-15 00:00:00,2010-01-21 00:00:00,609,92128,1,794.0625,USD
2010-01-15 00:00:00,2010-01-21 00:00:00,609,92557,1,794.0625,USD
2010-01-15 00:00:00,2010-01-21 00:00:00,609,93427,1,794.0625,USD
2010-01-15 00:00:00,2010-01-21 00:00:00,609,94583,1,794.0625,USD
2010-01-15 00:00:00,2010-01-21 00:00:00,609,95070,1,794.0625,USD
2010-01-15 00:00:00,2010-01-21 00:00:00,609,97202,1,794.0625,USD
2010-01-15 00:00:00,2010-01-21 00:00:00,609,97470,1,778.8375,USD
2010-01-15 00:00:00,2010-01-21 00:00:00,609,97701,2,1557.675,GBP
2010-01-15 00:00:00,2010-01-21 00:00:00,609,99507,1,778.8375,USD
2010-01-15 00:00:00,2010-01-21 00:00:00,631,01247,1,346.2375,GBP
2010-01-15 00:00:00,2010-01-21 00:00:00,631,07305,1,346.2375,GBP
2010-01-15 00:00:00,2010-01-21 00:00:00,631,08016,1,346.2375,GBP
2010-01-15 00:00:00,2010-01-21 00:00:00,631,08731,1,346.2375,USD
2010-01-15 00:00:00,2010-01-21 00:00:00,631,19808,1,346.2375,GBP
2010-01-15 00:00:00,2010-01-21 00:00:00,631,26041,1,346.2375,GBP
2010-01-15 00:00:00,2010-01-21 00:00:00,631,29681,1,346.2375,GBP
2010-01-15 00:00:00,2010-01-21 00:00:00,631,37601,1,346.2375,GBP
2010-01-15 00:00:00,2010-01-21 00:00:00,631,37692,1,346.2375,USD
2010-01-15 00:00:00,2010-01-21 00:00:00,631,55016,1,346.2375,GBP
2010-01-15 00:00:00,2010-01-21 00:00:00,631,56215,1,346.2375,GBP
2010-01-15 00:00:00,2010-01-21 00:00:00,631,63830,1,346.2375,GBP
2010-01-15 00:00:00,2010-01-21 00:00:00,631,63841,1,346.2375,GBP
2010-01-15 00:00:00,2010-01-21 00:00:00,631,91945,1,352.5375,USD
2010-01-15 00:00:00,2010-01-21 00:00:00,631,92021,1,352.5375,GBP
2010-01-15 00:00:00,2010-01-21 00:00:00,631,92656,2,705.075,GBP
2010-01-15 00:00:00,2010-01-21 00:00:00,631,93442,1,352.5375,USD
2010-01-15 00:00:00,2010-01-21 00:00:00,631,94546,1,352.5375,USD
2010-01-15 00:00:00,2010-01-21 00:00:00,631,95482,1,352.5375,USD
2010-01-15 00:00:00,2010-01-21 00:00:00,645,07603,1,746.55,USD
2010-01-15 00:00:00,2010-01-21 00:00:00,645,08012,1,746.55,GBP
2010-01-15 00:00:00,2010-01-21 00:00:00,645,19702,1,746.55,USD
2010-01-15 00:00:00,2010-01-21 00:00:00,645,29575,2,1493.1,GBP
2010-01-15 00:00:00,2010-01-21 00:00:00,645,29650,1,746.55,GBP
2010-01-15 00:00:00,2010-01-21 00:00:00,645,37027,1,746.55,GBP
2010-01-15 00:00:00,2010-01-21 00:00:00,645,50613,1,746.55,GBP
2010-01-15 00:00:00,2010-01-21 00:00:00,645,65737,1,746.55,GBP
2010-01-15 00:00:00,2010-01-21 00:00:00,645,72956,1,746.55,GBP
2010-01-15 00:00:00,2010-01-21 00:00:00,645,75048,1,746.55,USD
2010-01-15 00:00:00,2010-01-21 00:00:00,645,77030,1,746.55,GBP
2010-01-15 00:00:00,2010-01-21 00:00:00,645,83301,1,761.5125,USD
2010-01-15 00:00:00,2010-01-21 00:00:00,645,85004,1,746.55,USD
2010-01-15 00:00:00,2010-01-21 00:00:00,645,85210,1,746.55,GBP
2010-01-15 00:00:00,2010-01-21 00:00:00,645,85283,1,746.55,USD
2010-01-15 00:00:00,2010-01-21 00:00:00,645,89434,1,746.55,GBP
2010-01-15 00:00:00,2010-01-21 00:00:00,645,92683,1,761.5125,USD
2010-01-15 00:00:00,2010-01-21 00:00:00,645,95032,1,761.5125,GBP
2010-01-15 00:00:00,2010-01-21 00:00:00,645,95148,1,761.5125,USD
2010-01-15 00:00:00,2010-01-21 00:00:00,645,97221,1,761.5125,USD
2010-01-15 00:00:00,2010-01-21 00:00:00,658,08618,1,902.7375,USD
2010-01-15 00:00:00,2010-01-21 00:00:00,658,33938,1,902.7375,USD
2010-01-15 00:00:00,2010-01-21 00:00:00,658,41017,1,902.7375,GBP
2010-01-15 00:00:00,2010-01-21 00:00:00,658,51106,1,902.7375,USD
2010-01-15 00:00:00,2010-01-21 00:00:00,658,63128,1,902.7375,GBP
2010-01-15 00:00:00,2010-01-21 00:00:00,658,77515,1,902.7375,GBP
2010-01-15 00:00:00,2010-01-21 00:00:00,658,84047,1,902.7375,USD
2010-01-15 00:00:00,2010-01-21 00:00:00,658,87120,1,902.7375,USD
2010-01-15 00:00:00,2010-01-21 00:00:00,658,92251,1,917.9625,USD
2010-01-15 00:00:00,2010-01-21 00:00:00,658,92329,1,917.9625,GBP
2010-01-15 00:00:00,2010-01-21 00:00:00,658,93555,1,917.9625,GBP
2010-01-15 00:00:00,2010-01-21 00:00:00,658,97914,1,902.7375,USD
2010-01-15 00:00:00,2010-01-21 00:00:00,663,29617,1,765.45,USD
2010-01-15 00:00:00,2010-01-21 00:00:00,663,33022,1,765.45,GBP
2010-01-15 00:00:00,2010-01-21 00:00:00,663,50317,1,765.45,GBP
2010-01-15 00:00:00,2010-01-21 00:00:00,663,51360,1,765.45,GBP
2010-01-15 00:00:00,2010-01-21 00:00:00,663,52732,1,765.45,USD
2010-01-15 00:00:00,2010-01-21 00:00:00,663,66209,1,765.45,USD
2010-01-15 00:00:00,2010-01-21 00:00:00,663,70123,1,765.45,USD
2010-01-15 00:00:00,2010-01-21 00:00:00,663,77355,1,765.45,USD
2010-01-15 00:00:00,2010-01-21 00:00:00,663,90638,1,780.4125,USD
2010-01-15 00:00:00,2010-01-21 00:00:00,663,94536,1,780.4125,USD
2010-01-15 00:00:00,2010-01-21 00:00:00,676,06524,1,801.9375,GBP
2010-01-15 00:00:00,2010-01-21 00:00:00,676,07307,1,801.9375,USD
2010-01-15 00:00:00,2010-01-21 00:00:00,676,07416,1,801.9375,USD
2010-01-15 00:00:00,2010-01-21 00:00:00,676,07602,1,801.9375,GBP
2010-01-15 00:00:00,2010-01-21 00:00:00,676,19713,1,801.9375,USD
2010-01-15 00:00:00,2010-01-21 00:00:00,676,21060,1,801.9375,USD
2010-01-15 00:00:00,2010-01-21 00:00:00,676,25177,1,801.9375,GBP
2010-01-15 00:00:00,2010-01-21 00:00:00,676,32086,1,801.9375,GBP
2010-01-15 00:00:00,2010-01-21 00:00:00,676,32935,1,801.9375,USD
2010-01-15 00:00:00,2010-01-21 00:00:00,676,33310,1,801.9375,USD
2010-01-15 00:00:00,2010-01-21 00:00:00,676,34287,1,801.9375,USD
2010-01-15 00:00:00,2010-01-21 00:00:00,676,34683,2,1603.875,USD
2010-01-15 00:00:00,2010-01-21 00:00:00,676,34788,1,801.9375,USD
2010-01-15 00:00:00,2010-01-21 00:00:00,676,35056,1,801.9375,USD
2010-01-15 00:00:00,2010-01-21 00:00:00,676,36726,1,801.9375,GBP
2010-01-15 00:00:00,2010-01-21 00:00:00,676,39212,1,801.9375,USD
2010-01-15 00:00:00,2010-01-21 00:00:00,676,46113,1,801.9375,GBP
2010-01-15 00:00:00,2010-01-21 00:00:00,676,50670,1,801.9375,GBP
2010-01-15 00:00:00,2010-01-21 00:00:00,676,55987,2,1603.875,USD
2010-01-15 00:00:00,2010-01-21 00:00:00,676,57106,2,1603.875,USD
2010-01-15 00:00:00,2010-01-21 00:00:00,676,59801,1,801.9375,USD
2010-01-15 00:00:00,2010-01-21 00:00:00,676,64081,1,801.9375,USD
2010-01-15 00:00:00,2010-01-21 00:00:00,676,65338,1,801.9375,USD
2010-01-15 00:00:00,2010-01-21 00:00:00,676,70458,1,801.9375,GBP
2010-01-15 00:00:00,2010-01-21 00:00:00,676,85282,1,801.9375,USD
2010-01-15 00:00:00,2010-01-21 00:00:00,676,87499,1,801.9375,GBP
2010-01-15 00:00:00,2010-01-21 00:00:00,676,91103,1,816.9,GBP
2010-01-15 00:00:00,2010-01-21 00:00:00,676,91724,1,816.9,USD
2010-01-15 00:00:00,2010-01-21 00:00:00,676,91770,2,1633.8,USD
2010-01-15 00:00:00,2010-01-21 00:00:00,676,92071,2,1633.8,USD
2010-01-15 00:00:00,2010-01-21 00:00:00,676,92084,1,816.9,USD
2010-01-15 00:00:00,2010-01-21 00:00:00,676,92591,1,816.9,USD
2010-01-15 00:00:00,2010-01-21 00:00:00,676,92595,1,816.9,GBP
2010-01-15 00:00:00,2010-01-21 00:00:00,676,92704,1,816.9,USD
2010-01-15 00:00:00,2010-01-21 00:00:00,676,93301,1,816.9,USD
2010-01-15 00:00:00,2010-01-21 00:00:00,676,94403,1,816.9,USD
2010-01-15 00:00:00,2010-01-21 00:00:00,676,94518,1,816.9,USD
2010-01-15 00:00:00,2010-01-21 00:00:00,676,94596,1,816.9,GBP
2010-01-15 00:00:00,2010-01-21 00:00:00,676,95129,1,816.9,GBP
2010-01-15 00:00:00,2010-01-21 00:00:00,676,95321,1,816.9,USD
2010-01-15 00:00:00,2010-01-21 00:00:00,676,96001,1,816.9,USD
2010-01-15 00:00:00,2010-01-21 00:00:00,681,07456,1,629.7375,USD
2010-01-15 00:00:00,2010-01-21 00:00:00,681,08558,1,629.7375,USD
2010-01-15 00:00:00,2010-01-21 00:00:00,681,21791,1,629.7375,USD
2010-01-15 00:00:00,2010-01-21 00:00:00,681,33186,1,629.7375,GBP
2010-01-15 00:00:00,2010-01-21 00:00:00,681,47362,1,629.7375,USD
2010-01-15 00:00:00,2010-01-21 00:00:00,681,52531,1,1889.2124999999999,GBP
2010-01-15 00:00:00,2010-01-21 00:00:00,681,52531,1,1889.2124999999999,USD
2010-01-15 00:00:00,2010-01-21 00:00:00,681,52732,1,629.7375,USD
2010-01-15 00:00:00,2010-01-21 00:00:00,681,53223,1,629.7375,USD
2010-01-15 00:00:00,2010-01-21 00:00:00,681,55369,1,629.7375,USD
2010-01-15 00:00:00,2010-01-21 00:00:00,681,56045,1,629.7375,USD
2010-01-15 00:00:00,2010-01-21 00:00:00,681,90247,1,644.9625,USD
2010-01-15 00:00:00,2010-01-21 00:00:00,681,92651,1,644.9625,GBP
2010-01-15 00:00:00,2010-01-21 00:00:00,683,02720,1,788.025,GBP
2010-01-15 00:00:00,2010-01-21 00:00:00,683,32119,1,788.025,USD
2010-01-15 00:00:00,2010-01-21 00:00:00,683,46356,1,788.025,GBP
2010-01-15 00:00:00,2010-01-21 00:00:00,683,54701,1,788.025,USD
2010-01-15 00:00:00,2010-01-21 00:00:00,683,65705,1,788.025,USD
2010-01-15 00:00:00,2010-01-21 00:00:00,683,83834,1,775.1625,USD
2010-01-15 00:00:00,2010-01-21 00:00:00,683,95354,1,803.25,GBP
2010-01-15 00:00:00,2010-01-21 00:00:00,687,01605,1,445.9875,USD
2010-01-15 00:00:00,2010-01-21 00:00:00,687,08562,1,445.9875,GBP
2010-01-15 00:00:00,2010-01-21 00:00:00,687,20619,1,445.9875,GBP
2010-01-15 00:00:00,2010-01-21 00:00:00,687,33592,1,445.9875,GBP
2010-01-15 00:00:00,2010-01-21 00:00:00,687,46227,1,445.9875,GBP
2010-01-15 00:00:00,2010-01-21 00:00:00,687,52732,1,445.9875,USD
2010-01-15 00:00:00,2010-01-21 00:00:00,687,53406,1,445.9875,GBP
2010-01-15 00:00:00,2010-01-21 00:00:00,687,67218,1,445.9875,USD
2010-01-15 00:00:00,2010-01-21 00:00:00,687,70003,1,445.9875,USD
2010-01-15 00:00:00,2010-01-21 00:00:00,687,85719,1,445.9875,GBP
2010-01-15 00:00:00,2010-01-21 00:00:00,687,85742,1,445.9875,USD
2010-01-15 00:00:00,2010-01-21 00:00:00,687,94115,1,452.2875,USD
2010-01-15 00:00:00,2010-01-21 00:00:00,702,38553,1,286.0725,USD
2010-01-15 00:00:00,2010-01-21 00:00:00,702,58239,1,286.0725,USD
2010-01-15 00:00:00,2010-01-21 00:00:00,702,85603,1,286.0725,USD
2010-01-15 00:00:00,2010-01-21 00:00:00,702,92833,1,286.0725,USD
2010-01-15 00:00:00,2010-01-21 00:00:00,702,93101,1,286.0725,USD
2010-01-15 00:00:00,2010-01-21 00:00:00,702,94550,1,286.0725,GBP
2010-01-15 00:00:00,2010-01-21 00:00:00,713,08734,1,160.0725,USD
2010-01-15 00:00:00,2010-01-21 00:00:00,713,20774,1,160.0725,USD
2010-01-15 00:00:00,2010-01-21 00:00:00,713,25504,1,160.0725,USD
2010-01-15 00:00:00,2010-01-21 00:00:00,713,39212,1,160.0725,USD
2010-01-15 00:00:00,2010-01-21 00:00:00,713,65402,1,160.0725,USD
2010-01-15 00:00:00,2010-01-21 00:00:00,713,72450,1,160.0725,GBP
2010-01-15 00:00:00,2010-01-21 00:00:00,713,73544,1,160.0725,GBP
2010-01-15 00:00:00,2010-01-21 00:00:00,713,91741,1,160.0725,USD
2010-01-15 00:00:00,2010-01-21 00:00:00,713,92335,2,320.145,USD
2010-01-15 00:00:00,2010-01-21 00:00:00,713,92630,1,160.0725,USD
2010-01-15 00:00:00,2010-01-21 00:00:00,713,93023,1,160.0725,USD
2010-01-15 00:00:00,2010-01-21 00:00:00,713,93292,1,160.0725,USD
2010-01-15 00:00:00,2010-01-21 00:00:00,713,97405,2,320.145,USD
2010-01-15 00:00:00,2010-01-21 00:00:00,714,20616,1,160.0725,USD
2010-01-15 00:00:00,2010-01-21 00:00:00,714,36067,1,160.0725,GBP
2010-01-15 00:00:00,2010-01-21 00:00:00,714,39212,1,160.0725,USD
2010-01-15 00:00:00,2010-01-21 00:00:00,714,40071,1,160.0725,GBP
2010-01-15 00:00:00,2010-01-21 00:00:00,714,53147,1,160.0725,GBP
2010-01-15 00:00:00,2010-01-21 00:00:00,714,91741,1,160.0725,USD
2010-01-15 00:00:00,2010-01-21 00:00:00,714,92373,1,160.0725,USD
2010-01-15 00:00:00,2010-01-21 00:00:00,714,92630,1,160.0725,GBP
2010-01-15 00:00:00,2010-01-21 00:00:00,714,94080,1,160.0725,USD
2010-01-15 00:00:00,2010-01-21 00:00:00,725,01036,1,115.4475,GBP
2010-01-15 00:00:00,2010-01-21 00:00:00,725,07508,1,115.4475,GBP
2010-01-15 00:00:00,2010-01-21 00:00:00,725,08060,1,115.4475,USD
2010-01-15 00:00:00,2010-01-21 00:00:00,725,08505,1,115.4475,GBP
2010-01-15 00:00:00,2010-01-21 00:00:00,725,08510,1,115.4475,GBP
2010-01-15 00:00:00,2010-01-21 00:00:00,725,08721,1,115.4475,GBP
2010-01-15 00:00:00,2010-01-21 00:00:00,725,19953,1,115.4475,GBP
2010-01-15 00:00:00,2010-01-21 00:00:00,725,20685,2,230.895,GBP
2010-01-15 00:00:00,2010-01-21 00:00:00,725,20721,1,115.4475,USD
2010-01-15 00:00:00,2010-01-21 00:00:00,725,21643,1,115.4475,USD
2010-01-15 00:00:00,2010-01-21 00:00:00,725,21784,1,115.4475,GBP
2010-01-15 00:00:00,2010-01-21 00:00:00,725,25276,1,115.4475,USD
2010-01-15 00:00:00,2010-01-21 00:00:00,725,29072,1,115.4475,GBP
2010-01-15 00:00:00,2010-01-21 00:00:00,725,32092,1,115.4475,USD
2010-01-15 00:00:00,2010-01-21 00:00:00,725,32571,1,115.4475,GBP
2010-01-15 00:00:00,2010-01-21 00:00:00,725,34786,1,115.4475,GBP
2010-01-15 00:00:00,2010-01-21 00:00:00,725,34990,1,115.4475,GBP
2010-01-15 00:00:00,2010-01-21 00:00:00,725,35020,1,115.4475,USD
2010-01-15 00:00:00,2010-01-21 00:00:00,725,35202,1,115.4475,GBP
2010-01-15 00:00:00,2010-01-21 00:00:00,725,37160,1,115.4475,GBP
2010-01-15 00:00:00,2010-01-21 00:00:00,725,38401,1,115.4475,USD
2010-01-15 00:00:00,2010-01-21 00:00:00,725,59901,1,115.4475,GBP
2010-01-15 00:00:00,2010-01-21 00:00:00,725,70445,2,230.895,USD
2010-01-15 00:00:00,2010-01-21 00:00:00,725,70520,2,230.895,GBP
2010-01-15 00:00:00,2010-01-21 00:00:00,725,71129,1,115.4475,GBP
2010-01-15 00:00:00,2010-01-21 00:00:00,725,71292,1,115.4475,GBP
2010-01-15 00:00:00,2010-01-21 00:00:00,725,73099,1,115.4475,GBP
2010-01-15 00:00:00,2010-01-21 00:00:00,725,73550,1,115.4475,GBP
2010-01-15 00:00:00,2010-01-21 00:00:00,725,75670,1,115.4475,GBP
2010-01-15 00:00:00,2010-01-21 00:00:00,725,77378,1,115.4475,GBP
2010-01-15 00:00:00,2010-01-21 00:00:00,725,79347,1,115.4475,GBP
2010-01-15 00:00:00,2010-01-21 00:00:00,725,79501,1,115.4475,USD
2010-01-15 00:00:00,2010-01-21 00:00:00,725,83864,1,115.4475,GBP
2010-01-15 00:00:00,2010-01-21 00:00:00,725,84074,1,115.4475,GBP
2010-01-15 00:00:00,2010-01-21 00:00:00,725,90501,1,115.4475,GBP
2010-01-15 00:00:00,2010-01-21 00:00:00,725,91352,1,115.4475,GBP
2010-01-15 00:00:00,2010-01-21 00:00:00,725,91392,1,115.4475,GBP
2010-01-15 00:00:00,2010-01-21 00:00:00,725,91784,1,115.4475,USD
2010-01-15 00:00:00,2010-01-21 00:00:00,725,92277,1,115.4475,GBP
2010-01-15 00:00:00,2010-01-21 00:00:00,725,93465,1,115.4475,GBP
2010-01-15 00:00:00,2010-01-21 00:00:00,725,93543,1,115.4475,GBP
2010-01-15 00:00:00,2010-01-21 00:00:00,725,93552,1,115.4475,GBP
2010-01-15 00:00:00,2010-01-21 00:00:00,725,94566,1,115.4475,USD
2010-01-15 00:00:00,2010-01-21 00:00:00,725,94952,1,115.4475,GBP
2010-01-15 00:00:00,2010-01-21 00:00:00,725,94954,2,230.895,GBP
2010-01-15 00:00:00,2010-01-21 00:00:00,725,95060,1,115.4475,GBP
2010-01-15 00:00:00,2010-01-21 00:00:00,725,95122,1,115.4475,USD
2010-01-15 00:00:00,2010-01-21 00:00:00,726,06339,1,115.4475,GBP
2010-01-15 00:00:00,2010-01-21 00:00:00,726,06437,2,230.895,GBP
2010-01-15 00:00:00,2010-01-21 00:00:00,726,07480,1,115.4475,USD
2010-01-15 00:00:00,2010-01-21 00:00:00,726,07508,1,115.4475,GBP
2010-01-15 00:00:00,2010-01-21 00:00:00,726,07675,1,115.4475,USD
2010-01-15 00:00:00,2010-01-21 00:00:00,726,08857,1,115.4475,USD
2010-01-15 00:00:00,2010-01-21 00:00:00,726,08876,1,115.4475,USD
2010-01-15 00:00:00,2010-01-21 00:00:00,726,20764,1,115.4475,USD
2010-01-15 00:00:00,2010-01-21 00:00:00,726,21643,1,115.4475,GBP
2010-01-15 00:00:00,2010-01-21 00:00:00,726,26184,1,115.4475,USD
2010-01-15 00:00:00,2010-01-21 00:00:00,726,29072,1,115.4475,USD
2010-01-15 00:00:00,2010-01-21 00:00:00,726,32571,1,115.4475,GBP
2010-01-15 00:00:00,2010-01-21 00:00:00,726,33193,1,115.4475,USD
2010-01-15 00:00:00,2010-01-21 00:00:00,726,33430,2,230.895,GBP
2010-01-15 00:00:00,2010-01-21 00:00:00,726,33868,1,115.4475,GBP
2010-01-15 00:00:00,2010-01-21 00:00:00,726,34208,1,115.4475,GBP
2010-01-15 00:00:00,2010-01-21 00:00:00,726,34786,1,115.4475,USD
2010-01-15 00:00:00,2010-01-21 00:00:00,726,35111,1,115.4475,GBP
2010-01-15 00:00:00,2010-01-21 00:00:00,726,35127,3,346.3425,USD
2010-01-15 00:00:00,2010-01-21 00:00:00,726,35758,1,115.4475,GBP
2010-01-15 00:00:00,2010-01-21 00:00:00,726,36256,1,115.4475,USD
2010-01-15 00:00:00,2010-01-21 00:00:00,726,37064,1,115.4475,USD
2010-01-15 00:00:00,2010-01-21 00:00:00,726,39046,1,115.4475,GBP
2010-01-15 00:00:00,2010-01-21 00:00:00,726,39211,1,115.4475,GBP
2010-01-15 00:00:00,2010-01-21 00:00:00,726,39581,1,115.4475,GBP
2010-01-15 00:00:00,2010-01-21 00:00:00,726,41240,1,115.4475,GBP
2010-01-15 00:00:00,2010-01-21 00:00:00,726,46074,1,115.4475,GBP
2010-01-15 00:00:00,2010-01-21 00:00:00,726,47933,1,115.4475,USD
2010-01-15 00:00:00,2010-01-21 00:00:00,726,59901,1,115.4475,GBP
2010-01-15 00:00:00,2010-01-21 00:00:00,726,63361,1,115.4475,GBP
2010-01-15 00:00:00,2010-01-21 00:00:00,726,65583,1,115.4475,GBP
2010-01-15 00:00:00,2010-01-21 00:00:00,726,65809,1,115.4475,GBP
2010-01-15 00:00:00,2010-01-21 00:00:00,726,70520,2,230.895,USD
2010-01-15 00:00:00,2010-01-21 00:00:00,726,71234,1,115.4475,USD
2010-01-15 00:00:00,2010-01-21 00:00:00,726,71263,1,115.4475,USD
2010-01-15 00:00:00,2010-01-21 00:00:00,726,73034,1,115.4475,GBP
2010-01-15 00:00:00,2010-01-21 00:00:00,726,77375,1,115.4475,USD
2010-01-15 00:00:00,2010-01-21 00:00:00,726,77581,1,115.4475,GBP
2010-01-15 00:00:00,2010-01-21 00:00:00,726,84720,1,115.4475,GBP
2010-01-15 00:00:00,2010-01-21 00:00:00,726,85310,1,115.4475,USD
2010-01-15 00:00:00,2010-01-21 00:00:00,726,87059,1,115.4475,GBP
2010-01-15 00:00:00,2010-01-21 00:00:00,726,90046,1,115.4475,USD
2010-01-15 00:00:00,2010-01-21 00:00:00,726,91392,1,115.4475,USD
2010-01-15 00:00:00,2010-01-21 00:00:00,726,92277,1,115.4475,GBP
2010-01-15 00:00:00,2010-01-21 00:00:00,726,93111,1,115.4475,GBP
2010-01-15 00:00:00,2010-01-21 00:00:00,726,95005,1,115.4475,USD
2010-01-15 00:00:00,2010-01-21 00:00:00,726,95023,2,230.895,GBP
2010-01-15 00:00:00,2010-01-21 00:00:00,726,95122,1,115.4475,GBP
2010-01-15 00:00:00,2010-01-21 00:00:00,726,95616,1,115.4475,GBP
2010-01-15 00:00:00,2010-01-21 00:00:00,726,95928,1,115.4475,GBP
2010-01-15 00:00:00,2010-01-21 00:00:00,727,02332,1,62.9475,GBP
2010-01-15 00:00:00,2010-01-21 00:00:00,727,19709,1,62.9475,GBP
2010-01-15 00:00:00,2010-01-21 00:00:00,727,19946,1,62.9475,GBP
2010-01-15 00:00:00,2010-01-21 00:00:00,727,21037,1,125.895,GBP
2010-01-15 00:00:00,2010-01-21 00:00:00,727,21037,1,62.9475,USD
2010-01-15 00:00:00,2010-01-21 00:00:00,727,21702,1,62.9475,GBP
2010-01-15 00:00:00,2010-01-21 00:00:00,727,29205,1,62.9475,GBP
2010-01-15 00:00:00,2010-01-21 00:00:00,727,32404,1,68.1975,GBP
2010-01-15 00:00:00,2010-01-21 00:00:00,727,33853,2,125.895,USD
2010-01-15 00:00:00,2010-01-21 00:00:00,727,34953,1,68.1975,GBP
2010-01-15 00:00:00,2010-01-21 00:00:00,727,35466,1,62.9475,USD
2010-01-15 00:00:00,2010-01-21 00:00:00,727,36092,1,62.9475,USD
2010-01-15 00:00:00,2010-01-21 00:00:00,727,37207,1,62.9475,GBP
2010-01-15 00:00:00,2010-01-21 00:00:00,727,38834,1,62.9475,GBP
2010-01-15 00:00:00,2010-01-21 00:00:00,727,38849,2,125.895,GBP
2010-01-15 00:00:00,2010-01-21 00:00:00,727,46310,1,62.9475,GBP
2010-01-15 00:00:00,2010-01-21 00:00:00,727,46392,1,62.9475,GBP
2010-01-15 00:00:00,2010-01-21 00:00:00,727,53146,1,62.9475,GBP
2010-01-15 00:00:00,2010-01-21 00:00:00,727,53402,1,62.9475,USD
2010-01-15 00:00:00,2010-01-21 00:00:00,727,53704,2,125.895,GBP
2010-01-15 00:00:00,2010-01-21 00:00:00,727,55945,1,68.1975,GBP
2010-01-15 00:00:00,2010-01-21 00:00:00,727,63005,1,62.9475,GBP
2010-01-15 00:00:00,2010-01-21 00:00:00,727,65013,1,62.9475,GBP
2010-01-15 00:00:00,2010-01-21 00:00:00,727,67854,1,68.1975,USD
2010-01-15 00:00:00,2010-01-21 00:00:00,727,70812,1,62.9475,USD
2010-01-15 00:00:00,2010-01-21 00:00:00,727,70818,1,68.1975,GBP
2010-01-15 00:00:00,2010-01-21 00:00:00,727,71055,1,68.1975,USD
2010-01-15 00:00:00,2010-01-21 00:00:00,727,72111,1,62.9475,GBP
2010-01-15 00:00:00,2010-01-21 00:00:00,727,75605,1,62.9475,GBP
2010-01-15 00:00:00,2010-01-21 00:00:00,727,75901,1,62.9475,GBP
2010-01-15 00:00:00,2010-01-21 00:00:00,727,75961,1,62.9475,GBP
2010-01-15 00:00:00,2010-01-21 00:00:00,727,76306,1,62.9475,USD
2010-01-15 00:00:00,2010-01-21 00:00:00,727,77024,1,62.9475,USD
2010-01-15 00:00:00,2010-01-21 00:00:00,727,83716,1,62.9475,GBP
2010-01-15 00:00:00,2010-01-21 00:00:00,727,84092,1,62.9475,GBP
2010-01-15 00:00:00,2010-01-21 00:00:00,727,86335,1,62.9475,USD
2010-01-15 00:00:00,2010-01-21 00:00:00,727,89040,1,62.9475,USD
2010-01-15 00:00:00,2010-01-21 00:00:00,727,91355,1,68.1975,USD
2010-01-15 00:00:00,2010-01-21 00:00:00,727,92308,1,62.9475,GBP
2010-01-15 00:00:00,2010-01-21 00:00:00,727,92802,1,62.9475,USD
2010-01-15 00:00:00,2010-01-21 00:00:00,727,94002,1,62.9475,USD
2010-01-15 00:00:00,2010-01-21 00:00:00,727,94550,1,62.9475,USD
2010-01-15 00:00:00,2010-01-21 00:00:00,727,94706,1,62.9475,USD
2010-01-15 00:00:00,2010-01-21 00:00:00,727,95019,1,62.9475,USD
2010-01-15 00:00:00,2010-01-21 00:00:00,727,95060,1,62.9475,GBP
2010-01-15 00:00:00,2010-01-21 00:00:00,727,95451,1,62.9475,GBP
2010-01-15 00:00:00,2010-01-21 00:00:00,727,95993,1,62.9475,USD
2010-01-15 00:00:00,2010-01-21 00:00:00,728,02767,1,62.9475,GBP
2010-01-15 00:00:00,2010-01-21 00:00:00,728,02830,1,62.9475,GBP
2010-01-15 00:00:00,2010-01-21 00:00:00,728,08757,1,62.9475,GBP
2010-01-15 00:00:00,2010-01-21 00:00:00,728,21037,1,62.9475,GBP
2010-01-15 00:00:00,2010-01-21 00:00:00,728,21037,1,125.895,USD
2010-01-15 00:00:00,2010-01-21 00:00:00,728,21776,1,68.1975,USD
2010-01-15 00:00:00,2010-01-21 00:00:00,728,21914,1,68.1975,GBP
2010-01-15 00:00:00,2010-01-21 00:00:00,728,33193,1,68.1975,USD
2010-01-15 00:00:00,2010-01-21 00:00:00,728,33568,1,62.9475,USD
2010-01-15 00:00:00,2010-01-21 00:00:00,728,33853,2,125.895,GBP
2010-01-15 00:00:00,2010-01-21 00:00:00,728,36092,1,62.9475,GBP
2010-01-15 00:00:00,2010-01-21 00:00:00,728,38849,2,125.895,GBP
2010-01-15 00:00:00,2010-01-21 00:00:00,728,39083,1,62.9475,GBP
2010-01-15 00:00:00,2010-01-21 00:00:00,728,50009,1,68.1975,GBP
2010-01-15 00:00:00,2010-01-21 00:00:00,728,53151,1,62.9475,GBP
2010-01-15 00:00:00,2010-01-21 00:00:00,728,53916,1,62.9475,USD
2010-01-15 00:00:00,2010-01-21 00:00:00,728,63005,1,62.9475,GBP
2010-01-15 00:00:00,2010-01-21 00:00:00,728,70086,1,62.9475,GBP
2010-01-15 00:00:00,2010-01-21 00:00:00,728,70785,1,68.1975,GBP
2010-01-15 00:00:00,2010-01-21 00:00:00,728,70818,1,68.1975,GBP
2010-01-15 00:00:00,2010-01-21 00:00:00,728,71055,1,68.1975,USD
2010-01-15 00:00:00,2010-01-21 00:00:00,728,71119,1,62.9475,GBP
2010-01-15 00:00:00,2010-01-21 00:00:00,728,71270,2,131.145,GBP
2010-01-15 00:00:00,2010-01-21 00:00:00,728,75901,1,62.9475,GBP
2010-01-15 00:00:00,2010-01-21 00:00:00,728,77581,1,62.9475,USD
2010-01-15 00:00:00,2010-01-21 00:00:00,728,79072,1,68.1975,GBP
2010-01-15 00:00:00,2010-01-21 00:00:00,728,82633,1,62.9475,GBP
2010-01-15 00:00:00,2010-01-21 00:00:00,728,83864,3,194.0925,GBP
2010-01-15 00:00:00,2010-01-21 00:00:00,728,84050,1,62.9475,GBP
2010-01-15 00:00:00,2010-01-21 00:00:00,728,84403,1,62.9475,GBP
2010-01-15 00:00:00,2010-01-21 00:00:00,728,87105,1,62.9475,GBP
2010-01-15 00:00:00,2010-01-21 00:00:00,728,89410,1,62.9475,GBP
2010-01-15 00:00:00,2010-01-21 00:00:00,728,89429,1,62.9475,GBP
2010-01-15 00:00:00,2010-01-21 00:00:00,728,90069,1,62.9475,GBP
2010-01-15 00:00:00,2010-01-21 00:00:00,728,91367,1,62.9475,GBP
2010-01-15 00:00:00,2010-01-21 00:00:00,728,92019,1,62.9475,GBP
2010-01-15 00:00:00,2010-01-21 00:00:00,728,92313,1,62.9475,GBP
2010-01-15 00:00:00,2010-01-21 00:00:00,728,92808,1,62.9475,GBP
2010-01-15 00:00:00,2010-01-21 00:00:00,728,93921,1,62.9475,GBP
2010-01-15 00:00:00,2010-01-21 00:00:00,728,93940,1,62.9475,GBP
2010-01-15 00:00:00,2010-01-21 00:00:00,728,95966,1,62.9475,USD
2010-01-15 00:00:00,2010-01-21 00:00:00,729,65803,1,301.8225,GBP
2010-01-15 00:00:00,2010-01-21 00:00:00,729,75771,1,301.8225,USD
2010-01-15 00:00:00,2010-01-21 00:00:00,729,89129,1,301.8225,GBP
2010-01-15 00:00:00,2010-01-21 00:00:00,739,06339,1,170.5725,GBP
2010-01-15 00:00:00,2010-01-21 00:00:00,739,21043,1,170.5725,GBP
2010-01-15 00:00:00,2010-01-21 00:00:00,739,38313,1,170.5725,GBP
2010-01-15 00:00:00,2010-01-21 00:00:00,739,46158,1,170.5725,GBP
2010-01-15 00:00:00,2010-01-21 00:00:00,739,54723,1,170.5725,GBP
2010-01-15 00:00:00,2010-01-21 00:00:00,739,75150,1,170.5725,GBP
2010-01-15 00:00:00,2010-01-21 00:00:00,739,77354,1,170.5725,USD
2010-01-15 00:00:00,2010-01-21 00:00:00,739,84654,1,167.9475,GBP
2010-01-15 00:00:00,2010-01-21 00:00:00,739,85254,1,170.5725,GBP
2010-01-15 00:00:00,2010-01-21 00:00:00,739,89108,1,170.5725,GBP
2010-01-15 00:00:00,2010-01-21 00:00:00,739,91304,1,170.5725,USD
2010-01-15 00:00:00,2010-01-21 00:00:00,739,92592,1,170.5725,USD
2010-01-15 00:00:00,2010-01-21 00:00:00,739,93292,1,170.5725,GBP
2010-01-15 00:00:00,2010-01-21 00:00:00,739,93446,1,170.5725,GBP
2010-01-15 00:00:00,2010-01-21 00:00:00,740,21671,1,170.5725,USD
2010-01-15 00:00:00,2010-01-21 00:00:00,740,29072,1,170.5725,GBP
2010-01-15 00:00:00,2010-01-21 00:00:00,740,29579,1,170.5725,GBP
2010-01-15 00:00:00,2010-01-21 00:00:00,740,29918,1,170.5725,GBP
2010-01-15 00:00:00,2010-01-21 00:00:00,740,34209,1,170.5725,USD
2010-01-15 00:00:00,2010-01-21 00:00:00,740,35023,2,341.145,GBP
2010-01-15 00:00:00,2010-01-21 00:00:00,740,36256,1,170.5725,USD
2010-01-15 00:00:00,2010-01-21 00:00:00,740,37087,1,170.5725,GBP
2010-01-15 00:00:00,2010-01-21 00:00:00,740,37711,1,170.5725,GBP
2010-01-15 00:00:00,2010-01-21 00:00:00,740,38237,1,170.5725,GBP
2010-01-15 00:00:00,2010-01-21 00:00:00,740,38260,1,170.5725,USD
2010-01-15 00:00:00,2010-01-21 00:00:00,740,39110,1,170.5725,USD
2010-01-15 00:00:00,2010-01-21 00:00:00,740,59314,1,170.5725,USD
2010-01-15 00:00:00,2010-01-21 00:00:00,740,71211,1,170.5725,GBP
2010-01-15 00:00:00,2010-01-21 00:00:00,740,75150,1,170.5725,USD
2010-01-15 00:00:00,2010-01-21 00:00:00,740,77979,1,170.5725,GBP
2010-01-15 00:00:00,2010-01-21 00:00:00,740,93035,1,170.5725,USD
2010-01-15 00:00:00,2010-01-21 00:00:00,740,93292,1,170.5725,GBP
2010-01-15 00:00:00,2010-01-21 00:00:00,740,95023,1,170.5725,GBP
2010-01-15 00:00:00,2010-01-21 00:00:00,740,95425,1,170.5725,USD
2010-01-15 00:00:00,2010-01-21 00:00:00,740,95746,1,170.5725,USD
2010-01-15 00:00:00,2010-01-21 00:00:00,743,71854,1,270.3225,GBP
2010-01-15 00:00:00,2010-01-21 00:00:00,743,95648,1,270.3225,GBP
2010-01-15 00:00:00,2010-01-21 00:00:00,747,40962,1,291.3225,GBP
2010-01-15 00:00:00,2010-01-21 00:00:00,747,89447,1,291.3225,GBP
2010-01-15 00:00:00,2010-01-21 00:00:00,748,32176,1,291.3225,GBP
2010-01-15 00:00:00,2010-01-21 00:00:00,748,59102,1,291.3225,GBP
2010-01-15 00:00:00,2010-01-21 00:00:00,748,89031,1,291.3225,GBP
2010-01-15 00:00:00,2010-01-21 00:00:00,748,91351,1,291.3225,USD
2010-01-15 00:00:00,2010-01-21 00:00:00,753,68418,1,241.4475,GBP
2010-01-15 00:00:00,2010-01-21 00:00:00,753,84084,1,241.4475,GBP
2010-01-15 00:00:00,2010-01-21 00:00:00,753,90041,1,241.4475,USD
2010-01-15 00:00:00,2010-01-21 00:00:00,753,90247,1,241.4475,GBP
2010-01-15 00:00:00,2010-01-21 00:00:00,753,92679,1,244.0725,GBP
2010-01-15 00:00:00,2010-01-21 00:00:00,753,94061,1,241.4475,GBP
2010-01-15 00:00:00,2010-01-21 00:00:00,753,95033,1,244.0725,GBP
2010-01-15 00:00:00,2010-01-21 00:00:00,753,95602,1,244.0725,GBP
2010-01-15 00:00:00,2010-01-21 00:00:00,754,21773,1,244.0725,USD
2010-01-15 00:00:00,2010-01-21 00:00:00,754,50801,1,241.4475,USD
2010-01-15 00:00:00,2010-01-21 00:00:00,754,57551,1,241.4475,GBP
2010-01-15 00:00:00,2010-01-21 00:00:00,754,92399,1,241.4475,GBP
2010-01-15 00:00:00,2010-01-21 00:00:00,757,02019,1,83.9475,USD
2010-01-15 00:00:00,2010-01-21 00:00:00,757,02893,1,83.9475,GBP
2010-01-15 00:00:00,2010-01-21 00:00:00,757,06443,1,83.9475,USD
2010-01-15 00:00:00,2010-01-21 00:00:00,757,08093,1,83.9475,GBP
2010-01-15 00:00:00,2010-01-21 00:00:00,757,08203,1,83.9475,GBP
2010-01-15 00:00:00,2010-01-21 00:00:00,757,08330,2,167.895,GBP
2010-01-15 00:00:00,2010-01-21 00:00:00,757,08505,1,83.9475,GBP
2010-01-15 00:00:00,2010-01-21 00:00:00,757,20833,1,83.9475,GBP
2010-01-15 00:00:00,2010-01-21 00:00:00,757,20905,1,83.9475,USD
2010-01-15 00:00:00,2010-01-21 00:00:00,757,29072,1,83.9475,GBP
2010-01-15 00:00:00,2010-01-21 00:00:00,757,29720,1,83.9475,GBP
2010-01-15 00:00:00,2010-01-21 00:00:00,757,29906,1,83.9475,GBP
2010-01-15 00:00:00,2010-01-21 00:00:00,757,29928,1,83.9475,GBP
2010-01-15 00:00:00,2010-01-21 00:00:00,757,32218,1,83.9475,USD
2010-01-15 00:00:00,2010-01-21 00:00:00,757,33510,1,83.9475,USD
2010-01-15 00:00:00,2010-01-21 00:00:00,757,34224,1,83.9475,GBP
2010-01-15 00:00:00,2010-01-21 00:00:00,757,34233,1,83.9475,USD
2010-01-15 00:00:00,2010-01-21 00:00:00,757,35111,1,83.9475,USD
2010-01-15 00:00:00,2010-01-21 00:00:00,757,35224,1,83.9475,USD
2010-01-15 00:00:00,2010-01-21 00:00:00,757,37160,1,83.9475,GBP
2010-01-15 00:00:00,2010-01-21 00:00:00,757,38369,1,83.9475,GBP
2010-01-15 00:00:00,2010-01-21 00:00:00,757,41240,1,83.9475,GBP
2010-01-15 00:00:00,2010-01-21 00:00:00,757,46032,1,83.9475,USD
2010-01-15 00:00:00,2010-01-21 00:00:00,757,46310,1,83.9475,GBP
2010-01-15 00:00:00,2010-01-21 00:00:00,757,67871,1,83.9475,USD
2010-01-15 00:00:00,2010-01-21 00:00:00,757,68736,1,83.9475,GBP
2010-01-15 00:00:00,2010-01-21 00:00:00,757,70443,1,83.9475,GBP
2010-01-15 00:00:00,2010-01-21 00:00:00,757,70817,1,83.9475,GBP
2010-01-15 00:00:00,2010-01-21 00:00:00,757,73049,1,83.9475,GBP
2010-01-15 00:00:00,2010-01-21 00:00:00,757,74047,1,83.9475,GBP
2010-01-15 00:00:00,2010-01-21 00:00:00,757,75456,1,83.9475,GBP
2010-01-15 00:00:00,2010-01-21 00:00:00,757,77076,1,83.9475,USD
2010-01-15 00:00:00,2010-01-21 00:00:00,757,83221,1,83.9475,GBP
2010-01-15 00:00:00,2010-01-21 00:00:00,757,84049,1,83.9475,USD
2010-01-15 00:00:00,2010-01-21 00:00:00,757,84720,1,83.9475,GBP
2010-01-15 00:00:00,2010-01-21 00:00:00,757,85202,1,83.9475,GBP
2010-01-15 00:00:00,2010-01-21 00:00:00,757,85310,1,83.9475,GBP
2010-01-15 00:00:00,2010-01-21 00:00:00,757,90210,1,83.9475,USD
2010-01-15 00:00:00,2010-01-21 00:00:00,757,91901,1,83.9475,GBP
2010-01-15 00:00:00,2010-01-21 00:00:00,757,92335,1,83.9475,GBP
2010-01-15 00:00:00,2010-01-21 00:00:00,757,92553,1,83.9475,USD
2010-01-15 00:00:00,2010-01-21 00:00:00,757,92648,1,83.9475,GBP
2010-01-15 00:00:00,2010-01-21 00:00:00,757,93225,1,83.9475,GBP
2010-01-15 00:00:00,2010-01-21 00:00:00,757,93306,2,167.895,USD
2010-01-15 00:00:00,2010-01-21 00:00:00,757,93465,1,83.9475,GBP
2010-01-15 00:00:00,2010-01-21 00:00:00,757,93955,1,83.9475,USD
2010-01-15 00:00:00,2010-01-21 00:00:00,757,94062,1,83.9475,GBP
2010-01-15 00:00:00,2010-01-21 00:00:00,757,94086,1,83.9475,USD
2010-01-15 00:00:00,2010-01-21 00:00:00,757,95320,2,167.895,GBP
2010-01-15 00:00:00,2010-01-21 00:00:00,757,96020,1,83.9475,GBP
2010-01-15 00:00:00,2010-01-21 00:00:00,758,02769,1,83.9475,USD
2010-01-15 00:00:00,2010-01-21 00:00:00,758,08330,2,167.895,USD
2010-01-15 00:00:00,2010-01-21 00:00:00,758,08505,1,83.9475,GBP
2010-01-15 00:00:00,2010-01-21 00:00:00,758,08857,1,83.9475,USD
2010-01-15 00:00:00,2010-01-21 00:00:00,758,19713,1,83.9475,USD
2010-01-15 00:00:00,2010-01-21 00:00:00,758,21111,2,167.895,USD
2010-01-15 00:00:00,2010-01-21 00:00:00,758,21771,1,83.9475,GBP
2010-01-15 00:00:00,2010-01-21 00:00:00,758,25309,1,83.9475,USD
2010-01-15 00:00:00,2010-01-21 00:00:00,758,26039,1,83.9475,USD
2010-01-15 00:00:00,2010-01-21 00:00:00,758,29720,1,83.9475,USD
2010-01-15 00:00:00,2010-01-21 00:00:00,758,32174,1,83.9475,GBP
2010-01-15 00:00:00,2010-01-21 00:00:00,758,32754,1,83.9475,GBP
2010-01-15 00:00:00,2010-01-21 00:00:00,758,34224,1,83.9475,USD
2010-01-15 00:00:00,2010-01-21 00:00:00,758,36054,3,251.8425,USD
2010-01-15 00:00:00,2010-01-21 00:00:00,758,37779,1,83.9475,USD
2010-01-15 00:00:00,2010-01-21 00:00:00,758,38478,1,83.9475,USD
2010-01-15 00:00:00,2010-01-21 00:00:00,758,38834,2,167.895,USD
2010-01-15 00:00:00,2010-01-21 00:00:00,758,39730,1,83.9475,GBP
2010-01-15 00:00:00,2010-01-21 00:00:00,758,40272,1,83.9475,GBP
2010-01-15 00:00:00,2010-01-21 00:00:00,758,41164,1,83.9475,USD
2010-01-15 00:00:00,2010-01-21 00:00:00,758,46032,1,83.9475,USD
2010-01-15 00:00:00,2010-01-21 00:00:00,758,47635,1,83.9475,GBP
2010-01-15 00:00:00,2010-01-21 00:00:00,758,67005,1,83.9475,USD
2010-01-15 00:00:00,2010-01-21 00:00:00,758,68736,1,83.9475,GBP
2010-01-15 00:00:00,2010-01-21 00:00:00,758,70817,1,83.9475,USD
2010-01-15 00:00:00,2010-01-21 00:00:00,758,72472,1,83.9475,USD
2010-01-15 00:00:00,2010-01-21 00:00:00,758,77076,1,83.9475,USD
2010-01-15 00:00:00,2010-01-21 00:00:00,758,77471,1,83.9475,USD
2010-01-15 00:00:00,2010-01-21 00:00:00,758,77662,1,83.9475,USD
2010-01-15 00:00:00,2010-01-21 00:00:00,758,85034,1,83.9475,GBP
2010-01-15 00:00:00,2010-01-21 00:00:00,758,90715,1,83.9475,USD
2010-01-15 00:00:00,2010-01-21 00:00:00,758,92591,1,83.9475,GBP
2010-01-15 00:00:00,2010-01-21 00:00:00,758,92887,1,83.9475,USD
2010-01-15 00:00:00,2010-01-21 00:00:00,758,93225,1,83.9475,GBP
2010-01-15 00:00:00,2010-01-21 00:00:00,758,94507,1,83.9475,USD
2010-01-15 00:00:00,2010-01-21 00:00:00,758,94561,1,83.9475,GBP
2010-01-15 00:00:00,2010-01-21 00:00:00,758,95060,1,83.9475,GBP
2010-01-15 00:00:00,2010-01-21 00:00:00,758,95066,1,83.9475,USD
2010-01-15 00:00:00,2010-01-21 00:00:00,758,95616,1,83.9475,USD
2010-01-15 00:00:00,2010-01-21 00:00:00,758,97006,1,83.9475,USD
2010-01-15 00:00:00,2010-01-21 00:00:00,758,97739,1,83.9475,USD
2010-01-15 00:00:00,2010-01-21 00:00:00,767,06776,1,104.9475,USD
2010-01-15 00:00:00,2010-01-21 00:00:00,767,08080,1,104.9475,USD
2010-01-15 00:00:00,2010-01-21 00:00:00,767,08755,1,104.9475,USD
2010-01-15 00:00:00,2010-01-21 00:00:00,767,21037,1,314.84250000000003,GBP
2010-01-15 00:00:00,2010-01-21 00:00:00,767,21037,1,314.84250000000003,USD
2010-01-15 00:00:00,2010-01-21 00:00:00,767,25802,1,104.9475,GBP
2010-01-15 00:00:00,2010-01-21 00:00:00,767,26060,1,104.9475,USD
2010-01-15 00:00:00,2010-01-21 00:00:00,767,29111,1,104.9475,GBP
2010-01-15 00:00:00,2010-01-21 00:00:00,767,29160,1,104.9475,GBP
2010-01-15 00:00:00,2010-01-21 00:00:00,767,29341,1,104.9475,GBP
2010-01-15 00:00:00,2010-01-21 00:00:00,767,29455,1,102.3225,USD
2010-01-15 00:00:00,2010-01-21 00:00:00,767,29720,1,104.9475,GBP
2010-01-15 00:00:00,2010-01-21 00:00:00,767,32034,1,104.9475,USD
2010-01-15 00:00:00,2010-01-21 00:00:00,767,33018,1,104.9475,GBP
2010-01-15 00:00:00,2010-01-21 00:00:00,767,33193,1,104.9475,USD
2010-01-15 00:00:00,2010-01-21 00:00:00,767,35004,1,104.9475,GBP
2010-01-15 00:00:00,2010-01-21 00:00:00,767,36280,1,104.9475,GBP
2010-01-15 00:00:00,2010-01-21 00:00:00,767,37098,1,104.9475,USD
2010-01-15 00:00:00,2010-01-21 00:00:00,767,37620,1,104.9475,USD
2010-01-15 00:00:00,2010-01-21 00:00:00,767,38008,2,209.895,GBP
2010-01-15 00:00:00,2010-01-21 00:00:00,767,40601,1,104.9475,GBP
2010-01-15 00:00:00,2010-01-21 00:00:00,767,41501,1,104.9475,GBP
2010-01-15 00:00:00,2010-01-21 00:00:00,767,50131,1,104.9475,GBP
2010-01-15 00:00:00,2010-01-21 00:00:00,767,64076,1,104.9475,GBP
2010-01-15 00:00:00,2010-01-21 00:00:00,767,67208,1,104.9475,GBP
2010-01-15 00:00:00,2010-01-21 00:00:00,767,71263,2,209.895,GBP
2010-01-15 00:00:00,2010-01-21 00:00:00,767,72843,1,104.9475,GBP
2010-01-15 00:00:00,2010-01-21 00:00:00,767,75770,1,104.9475,USD
2010-01-15 00:00:00,2010-01-21 00:00:00,767,77375,1,104.9475,USD
2010-01-15 00:00:00,2010-01-21 00:00:00,767,78691,1,104.9475,GBP
2010-01-15 00:00:00,2010-01-21 00:00:00,767,78758,1,104.9475,USD
2010-01-15 00:00:00,2010-01-21 00:00:00,767,82633,1,104.9475,USD
2010-01-15 00:00:00,2010-01-21 00:00:00,767,85054,1,104.9475,USD
2010-01-15 00:00:00,2010-01-21 00:00:00,767,91311,1,104.9475,GBP
2010-01-15 00:00:00,2010-01-21 00:00:00,767,92253,1,104.9475,GBP
2010-01-15 00:00:00,2010-01-21 00:00:00,767,92536,1,104.9475,GBP
2010-01-15 00:00:00,2010-01-21 00:00:00,767,93060,1,104.9475,GBP
2010-01-15 00:00:00,2010-01-21 00:00:00,767,93422,1,104.9475,GBP
2010-01-15 00:00:00,2010-01-21 00:00:00,768,02702,1,104.9475,USD
2010-01-15 00:00:00,2010-01-21 00:00:00,768,06401,1,104.9475,USD
2010-01-15 00:00:00,2010-01-21 00:00:00,768,20748,1,104.9475,USD
2010-01-15 00:00:00,2010-01-21 00:00:00,768,21037,1,104.9475,GBP
2010-01-15 00:00:00,2010-01-21 00:00:00,768,21037,1,209.895,USD
2010-01-15 00:00:00,2010-01-21 00:00:00,768,21161,1,104.9475,GBP
2010-01-15 00:00:00,2010-01-21 00:00:00,768,29936,1,104.9475,USD
2010-01-15 00:00:00,2010-01-21 00:00:00,768,32615,1,104.9475,USD
2010-01-15 00:00:00,2010-01-21 00:00:00,768,33430,1,104.9475,USD
2010-01-15 00:00:00,2010-01-21 00:00:00,768,34448,1,104.9475,GBP
2010-01-15 00:00:00,2010-01-21 00:00:00,768,34997,2,209.895,GBP
2010-01-15 00:00:00,2010-01-21 00:00:00,768,35004,1,104.9475,GBP
2010-01-15 00:00:00,2010-01-21 00:00:00,768,35180,1,104.9475,USD
2010-01-15 00:00:00,2010-01-21 00:00:00,768,36582,1,104.9475,USD
2010-01-15 00:00:00,2010-01-21 00:00:00,768,36863,1,104.9475,USD
2010-01-15 00:00:00,2010-01-21 00:00:00,768,37620,1,104.9475,USD
2010-01-15 00:00:00,2010-01-21 00:00:00,768,37888,1,104.9475,USD
2010-01-15 00:00:00,2010-01-21 00:00:00,768,38478,1,104.9475,GBP
2010-01-15 00:00:00,2010-01-21 00:00:00,768,40006,1,104.9475,GBP
2010-01-15 00:00:00,2010-01-21 00:00:00,768,40806,1,104.9475,GBP
2010-01-15 00:00:00,2010-01-21 00:00:00,768,41164,1,104.9475,GBP
2010-01-15 00:00:00,2010-01-21 00:00:00,768,42141,1,104.9475,GBP
2010-01-15 00:00:00,2010-01-21 00:00:00,768,46122,1,104.9475,GBP
2010-01-15 00:00:00,2010-01-21 00:00:00,768,59102,1,104.9475,GBP
2010-01-15 00:00:00,2010-01-21 00:00:00,768,63124,1,104.9475,USD
2010-01-15 00:00:00,2010-01-21 00:00:00,768,63334,1,104.9475,GBP
2010-01-15 00:00:00,2010-01-21 00:00:00,768,67870,1,104.9475,GBP
2010-01-15 00:00:00,2010-01-21 00:00:00,768,70072,1,104.9475,USD
2010-01-15 00:00:00,2010-01-21 00:00:00,768,70510,1,104.9475,USD
2010-01-15 00:00:00,2010-01-21 00:00:00,768,72032,1,104.9475,USD
2010-01-15 00:00:00,2010-01-21 00:00:00,768,74029,1,104.9475,GBP
2010-01-15 00:00:00,2010-01-21 00:00:00,768,76133,1,104.9475,GBP
2010-01-15 00:00:00,2010-01-21 00:00:00,768,77082,1,104.9475,USD
2010-01-15 00:00:00,2010-01-21 00:00:00,768,77656,1,104.9475,GBP
2010-01-15 00:00:00,2010-01-21 00:00:00,768,82443,1,104.9475,USD
2010-01-15 00:00:00,2010-01-21 00:00:00,768,84401,2,209.895,GBP
2010-01-15 00:00:00,2010-01-21 00:00:00,768,92253,1,104.9475,GBP
2010-01-15 00:00:00,2010-01-21 00:00:00,768,92843,1,104.9475,USD
2010-01-15 00:00:00,2010-01-21 00:00:00,768,95046,1,104.9475,GBP
2010-01-15 00:00:00,2010-01-21 00:00:00,768,95367,1,104.9475,USD
2010-01-15 00:00:00,2010-01-21 00:00:00,768,95453,1,104.9475,GBP
2010-01-15 00:00:00,2010-01-21 00:00:00,768,97009,1,104.9475,GBP
2010-01-15 00:00:00,2010-01-21 00:00:00,769,01540,1,257.1975,GBP
2010-01-15 00:00:00,2010-01-21 00:00:00,769,08879,1,257.1975,GBP
2010-01-15 00:00:00,2010-01-21 00:00:00,769,88101,1,257.1975,USD
2010-01-15 00:00:00,2010-01-21 00:00:00,769,92325,1,257.1975,USD
2010-01-15 00:00:00,2010-01-21 00:00:00,769,93066,1,257.1975,GBP
2010-01-15 00:00:00,2010-01-21 00:00:00,769,93635,1,257.1975,GBP
2010-01-15 00:00:00,2010-01-21 00:00:00,770,08302,1,257.1975,GBP
2010-01-15 00:00:00,2010-01-21 00:00:00,770,08879,1,257.1975,GBP
2010-01-15 00:00:00,2010-01-21 00:00:00,770,29730,1,257.1975,GBP
2010-01-15 00:00:00,2010-01-21 00:00:00,770,41501,1,257.1975,USD
2010-01-15 00:00:00,2010-01-21 00:00:00,770,53132,1,251.9475,GBP
2010-01-15 00:00:00,2010-01-21 00:00:00,770,64505,1,257.1975,GBP
2010-01-15 00:00:00,2010-01-21 00:00:00,770,70571,1,257.1975,GBP
2010-01-15 00:00:00,2010-01-21 00:00:00,770,72104,1,257.1975,GBP
2010-01-15 00:00:00,2010-01-21 00:00:00,770,77055,2,514.395,GBP
2010-01-15 00:00:00,2010-01-21 00:00:00,770,92040,1,257.1975,GBP
2010-01-15 00:00:00,2010-01-21 00:00:00,770,92392,1,257.1975,USD
2010-01-15 00:00:00,2010-01-21 00:00:00,770,92630,1,257.1975,GBP
2010-01-15 00:00:00,2010-01-21 00:00:00,770,95624,1,257.1975,GBP
2010-01-15 00:00:00,2010-01-21 00:00:00,771,08302,1,165.3225,GBP
2010-01-15 00:00:00,2010-01-21 00:00:00,771,32738,1,165.3225,GBP
2010-01-15 00:00:00,2010-01-21 00:00:00,771,63129,1,165.3225,USD
2010-01-15 00:00:00,2010-01-21 00:00:00,771,78733,1,165.3225,USD
2010-01-15 00:00:00,2010-01-21 00:00:00,771,84119,1,165.3225,GBP
2010-01-15 00:00:00,2010-01-21 00:00:00,771,89120,1,165.3225,GBP
2010-01-15 00:00:00,2010-01-21 00:00:00,771,91730,1,165.3225,USD
2010-01-15 00:00:00,2010-01-21 00:00:00,771,92407,1,165.3225,GBP
2010-01-15 00:00:00,2010-01-21 00:00:00,771,95449,1,165.3225,GBP
2010-01-15 00:00:00,2010-01-21 00:00:00,772,34786,1,165.3225,GBP
2010-01-15 00:00:00,2010-01-21 00:00:00,772,63129,1,165.3225,GBP
2010-01-15 00:00:00,2010-01-21 00:00:00,772,90503,2,330.645,GBP
2010-01-15 00:00:00,2010-01-21 00:00:00,795,07045,1,275.5725,USD
2010-01-15 00:00:00,2010-01-21 00:00:00,795,35235,1,275.5725,GBP
2010-01-15 00:00:00,2010-01-21 00:00:00,795,47274,1,275.5725,USD
2010-01-15 00:00:00,2010-01-21 00:00:00,795,87120,2,551.145,GBP
2010-01-15 00:00:00,2010-01-21 00:00:00,795,91978,1,275.5725,USD
2010-01-15 00:00:00,2010-01-21 00:00:00,795,92067,1,275.5725,GBP
2010-01-15 00:00:00,2010-01-21 00:00:00,795,92346,1,275.5725,USD
2010-01-15 00:00:00,2010-01-21 00:00:00,795,92626,1,275.5725,USD
2010-01-15 00:00:00,2010-01-21 00:00:00,795,92663,1,275.5725,GBP
2010-01-15 00:00:00,2010-01-21 00:00:00,795,93063,1,275.5725,USD
2010-01-15 00:00:00,2010-01-21 00:00:00,795,93292,1,275.5725,GBP
2010-01-15 00:00:00,2010-01-21 00:00:00,795,94611,1,275.5725,USD
2010-01-15 00:00:00,2010-01-21 00:00:00,795,95959,2,551.145,GBP
2010-01-15 00:00:00,2010-01-21 00:00:00,796,21114,1,275.5725,USD
2010-01-15 00:00:00,2010-01-21 00:00:00,796,36110,1,275.5725,USD
2010-01-15 00:00:00,2010-01-21 00:00:00,796,47274,1,275.5725,GBP
2010-01-15 00:00:00,2010-01-21 00:00:00,796,72015,1,275.5725,GBP
2010-01-15 00:00:00,2010-01-21 00:00:00,796,85219,1,275.5725,GBP
2010-01-15 00:00:00,2010-01-21 00:00:00,796,91935,1,275.5725,GBP
2010-01-15 00:00:00,2010-01-21 00:00:00,796,92028,1,275.5725,GBP
2010-01-15 00:00:00,2010-01-21 00:00:00,796,92407,1,275.5725,GBP
2010-01-15 00:00:00,2010-01-21 00:00:00,796,92648,1,275.5725,GBP
2010-01-15 00:00:00,2010-01-21 00:00:00,796,92663,1,275.5725,GBP
2010-01-15 00:00:00,2010-01-21 00:00:00,796,93117,1,275.5725,GBP
2010-01-15 00:00:00,2010-01-21 00:00:00,796,93292,1,275.5725,USD
2010-01-15 00:00:00,2010-01-21 00:00:00,796,93611,1,275.5725,GBP
2010-01-15 00:00:00,2010-01-21 00:00:00,796,94044,1,275.5725,GBP
2010-01-15 00:00:00,2010-01-21 00:00:00,796,95401,1,275.5725,USD
2010-01-15 00:00:00,2010-01-21 00:00:00,797,29690,1,301.8225,GBP
2010-01-15 00:00:00,2010-01-21 00:00:00,797,32119,1,301.8225,GBP
2010-01-15 00:00:00,2010-01-21 00:00:00,797,41501,1,301.8225,USD
2010-01-15 00:00:00,2010-01-21 00:00:00,797,55372,3,905.4675,GBP
2010-01-15 00:00:00,2010-01-21 00:00:00,797,59925,1,301.8225,GBP
2010-01-15 00:00:00,2010-01-21 00:00:00,797,63601,1,301.8225,GBP
2010-01-15 00:00:00,2010-01-21 00:00:00,797,67056,1,301.8225,USD
2010-01-15 00:00:00,2010-01-21 00:00:00,797,71030,1,301.8225,USD
2010-01-15 00:00:00,2010-01-21 00:00:00,797,71457,2,603.645,USD
2010-01-15 00:00:00,2010-01-21 00:00:00,797,77619,1,301.8225,GBP
2010-01-15 00:00:00,2010-01-21 00:00:00,797,83709,1,301.8225,USD
2010-01-15 00:00:00,2010-01-21 00:00:00,797,84720,1,301.8225,USD
2010-01-15 00:00:00,2010-01-21 00:00:00,797,89410,1,301.8225,GBP
2010-01-15 00:00:00,2010-01-21 00:00:00,797,92311,1,301.8225,GBP
2010-01-15 00:00:00,2010-01-21 00:00:00,797,92570,1,301.8225,USD
2010-01-15 00:00:00,2010-01-21 00:00:00,797,95127,1,301.8225,USD
2010-01-15 00:00:00,2010-01-21 00:00:00,797,95326,1,301.8225,GBP
2010-01-15 00:00:00,2010-01-21 00:00:00,797,95540,1,301.8225,GBP
2010-01-15 00:00:00,2010-01-21 00:00:00,797,95713,1,301.8225,GBP
2010-01-15 00:00:00,2010-01-21 00:00:00,823,32792,1,619.4475,GBP
2010-01-15 00:00:00,2010-01-21 00:00:00,833,07506,1,797.9475,GBP
2010-01-15 00:00:00,2010-01-21 00:00:00,833,78238,1,792.6975,USD
2010-01-15 00:00:00,2010-01-21 00:00:00,837,29812,1,813.6975,GBP
2010-01-15 00:00:00,2010-01-21 00:00:00,837,84737,1,813.6975,USD
2010-01-15 00:00:00,2010-01-21 00:00:00,838,32465,1,934.4475,USD
2010-01-15 00:00:00,2010-01-21 00:00:00,838,32727,1,934.4475,USD
2010-01-15 00:00:00,2010-01-21 00:00:00,838,33174,1,929.1975,GBP
2010-01-15 00:00:00,2010-01-21 00:00:00,838,33848,1,934.4475,USD
2010-01-15 00:00:00,2010-01-21 00:00:00,838,40337,1,929.1975,USD
2010-01-15 00:00:00,2010-01-21 00:00:00,838,65708,1,929.1975,GBP
2010-01-15 00:00:00,2010-01-21 00:00:00,838,70586,1,913.4475,USD
2010-01-15 00:00:00,2010-01-21 00:00:00,838,73013,1,929.1975,GBP
2010-01-15 00:00:00,2010-01-21 00:00:00,838,78239,1,934.4475,GBP
2010-01-15 00:00:00,2010-01-21 00:00:00,838,92071,1,934.4475,GBP
2010-01-15 00:00:00,2010-01-21 00:00:00,847,97862,1,603.6975,GBP
2010-01-15 00:00:00,2010-01-21 00:00:00,852,33417,1,745.4475,GBP
2010-01-15 00:00:00,2010-01-21 00:00:00,853,53597,1,456.6975,USD
2010-01-15 00:00:00,2010-01-21 00:00:00,863,29210,1,304.4475,USD
2010-01-15 00:00:00,2010-01-21 00:00:00,863,76248,1,304.4475,GBP
2010-01-15 00:00:00,2010-01-21 00:00:00,901,34983,2,818.895,USD
2010-01-15 00:00:00,2010-01-21 00:00:00,901,46240,1,409.4475,USD
2010-01-15 00:00:00,2010-01-21 00:00:00,901,47406,1,409.4475,USD
2010-01-15 00:00:00,2010-01-21 00:00:00,901,88031,1,409.4475,GBP
2010-01-15 00:00:00,2010-01-21 00:00:00,901,90245,1,409.4475,GBP
2010-01-15 00:00:00,2010-01-21 00:00:00,910,72223,1,414.6975,USD
2010-01-15 00:00:00,2010-01-21 00:00:00,914,92627,1,603.6975,USD
2010-01-15 00:00:00,2010-01-21 00:00:00,921,75050,1,524.9475,USD
2010-01-15 00:00:00,2010-01-21 00:00:00,922,64138,1,472.4475,GBP
2010-01-15 00:00:00,2010-01-21 00:00:00,932,85281,1,430.4475,GBP
2010-01-15 00:00:00,2010-01-21 00:00:00,936,25906,1,498.6975,GBP
2010-01-15 00:00:00,2010-01-21 00:00:00,936,92675,1,498.6975,GBP
2010-01-15 00:00:00,2010-01-21 00:00:00,940,32764,1,671.9475,USD
2010-01-15 00:00:00,2010-01-21 00:00:00,940,63125,1,687.6975,GBP
2010-01-15 00:00:00,2010-01-21 00:00:00,940,70087,1,687.6975,USD
2010-01-15 00:00:00,2010-01-21 00:00:00,940,77338,1,671.9475,GBP
2010-01-15 00:00:00,2010-01-21 00:00:00,940,90710,1,687.6975,GBP
2010-01-15 00:00:00,2010-01-21 00:00:00,952,85206,1,262.4475,GBP
2010-01-15 00:00:00,2010-01-21 00:00:00,962,29036,1,524.9475,GBP
2010-01-15 00:00:00,2010-01-21 00:00:00,962,70056,1,509.1975,USD
2010-01-15 00:00:00,2010-01-21 00:00:00,962,77568,1,524.9475,GBP
2010-01-15 00:00:00,2010-01-21 00:00:00,962,92008,1,524.9475,USD
2010-01-15 00:00:00,2010-01-21 00:00:00,964,21034,1,356.9475,USD
2010-01-15 00:00:00,2010-01-21 00:00:00,964,33141,1,356.9475,USD
2010-01-15 00:00:00,2010-01-21 00:00:00,964,33765,1,356.9475,USD
2010-01-15 00:00:00,2010-01-21 00:00:00,964,47715,2,703.395,USD
2010-01-15 00:00:00,2010-01-21 00:00:00,964,53713,1,356.9475,GBP
2010-01-15 00:00:00,2010-01-21 00:00:00,964,75231,1,346.4475,GBP
2010-01-15 00:00:00,2010-01-21 00:00:00,964,77365,1,356.9475,USD
2010-01-15 00:00:00,2010-01-21 00:00:00,964,91701,1,356.9475,USD
2010-01-15 00:00:00,2010-01-21 00:00:00,964,94947,1,356.9475,GBP
2010-01-15 00:00:00,2010-01-21 00:00:00,964,95401,1,356.9475,USD
2010-01-15 00:00:00,2010-01-21 00:00:00,979,75032,1,409.4475,USD
2010-01-15 00:00:00,2010-01-21 00:00:00,979,92407,1,393.6975,USD
2010-01-15 00:00:00,2010-01-21 00:00:00,981,25427,1,209.9475,USD
2010-01-15 00:00:00,2010-01-21 00:00:00,981,33160,1,209.9475,GBP
2010-01-15 00:00:00,2010-01-21 00:00:00,981,77546,1,167.9475,USD
2010-01-15 00:00:00,2010-01-21 00:00:00,981,90802,1,157.4475,GBP
2010-01-15 00:00:00,2010-01-21 00:00:00,989,08619,1,451.4475,USD
2010-01-15 00:00:00,2010-01-21 00:00:00,989,33176,1,467.1975,USD
2010-01-15 00:00:00,2010-01-21 00:00:00,989,41749,1,902.895,USD
2010-01-15 00:00:00,2010-01-21 00:00:00,989,85635,1,467.1975,GBP
2010-01-15 00:00:00,2010-01-21 00:00:00,989,92807,1,451.4475,GBP
2010-01-15 00:00:00,2010-01-21 00:00:00,989,97402,1,467.1975,USD
2010-01-15 00:00:00,2010-01-21 00:00:00,990,33071,1,503.9475,USD
2010-01-15 00:00:00,2010-01-21 00:00:00,990,78418,1,530.1975,USD
2010-01-15 00:00:00,2010-01-21 00:00:00,990,97402,1,503.9475,GBP
2010-01-15 00:00:00,2010-01-21 00:00:00,992,32137,1,278.1975,USD
2010-01-15 00:00:00,2010-01-21 00:00:00,992,33162,1,288.6975,USD
2010-01-15 00:00:00,2010-01-21 00:00:00,992,33193,1,288.6975,USD
2010-01-15 00:00:00,2010-01-21 00:00:00,992,71901,1,278.1975,GBP
2010-01-15 00:00:00,2010-01-21 00:00:00,992,75231,1,278.1975,GBP
2010-01-15 00:00:00,2010-01-21 00:00:00,992,76542,1,288.6975,USD
2010-01-15 00:00:00,2010-01-21 00:00:00,992,78521,1,278.1975,USD
2010-01-15 00:00:00,2010-01-21 00:00:00,992,89107,1,309.6975,USD
2010-01-15 00:00:00,2010-01-21 00:00:00,1003,08302,1,86.5725,GBP
2010-01-15 00:00:00,2010-01-21 00:00:00,1003,32034,1,83.9475,GBP
2010-01-15 00:00:00,2010-01-21 00:00:00,1003,33433,1,86.5725,USD
2010-01-15 00:00:00,2010-01-21 00:00:00,1003,35661,1,86.5725,USD
2010-01-15 00:00:00,2010-01-21 00:00:00,1003,46036,1,86.5725,GBP
2010-01-15 00:00:00,2010-01-21 00:00:00,1003,73003,1,86.5725,USD
2010-01-15 00:00:00,2010-01-21 00:00:00,1003,77546,1,86.5725,USD
2010-01-15 00:00:00,2010-01-21 00:00:00,1003,99803,1,86.5725,USD
2010-01-15 00:00:00,2010-01-21 00:00:00,1005,33037,3,322.7175,GBP
2010-01-15 00:00:00,2010-01-21 00:00:00,1005,38106,1,107.5725,GBP
2010-01-15 00:00:00,2010-01-21 00:00:00,1005,38119,1,107.5725,USD
2010-01-15 00:00:00,2010-01-21 00:00:00,1005,91344,2,215.145,GBP
2010-01-15 00:00:00,2010-01-21 00:00:00,1008,08053,1,236.1975,GBP
2010-01-15 00:00:00,2010-01-21 00:00:00,1008,08202,1,236.1975,GBP
2010-01-15 00:00:00,2010-01-21 00:00:00,1008,32501,1,236.1975,USD
2010-01-15 00:00:00,2010-01-21 00:00:00,1014,54914,1,86.5725,USD
2010-01-15 00:00:00,2010-01-21 00:00:00,1014,89129,1,86.5725,GBP
2010-01-15 00:00:00,2010-01-21 00:00:00,1014,97206,1,83.9475,GBP
2010-01-15 00:00:00,2010-01-21 00:00:00,1045,55386,1,207.3225,GBP
2010-01-15 00:00:00,2010-01-21 00:00:00,1045,85032,1,207.3225,GBP
2010-01-15 00:00:00,2010-01-21 00:00:00,1045,92025,1,207.3225,GBP
2010-01-15 00:00:00,2010-01-21 00:00:00,1046,06339,1,99.6975,USD
2010-01-15 00:00:00,2010-01-21 00:00:00,1046,34983,1,99.6975,USD
2010-01-15 00:00:00,2010-01-21 00:00:00,1046,36446,1,99.6975,USD
2010-01-15 00:00:00,2010-01-21 00:00:00,1046,71433,1,99.6975,USD
2010-01-15 00:00:00,2010-01-21 00:00:00,1046,75457,1,99.6975,GBP
2010-01-15 00:00:00,2010-01-21 00:00:00,1053,02359,1,251.9475,USD
2010-01-15 00:00:00,2010-01-21 00:00:00,1053,72076,1,251.9475,GBP
2010-01-15 00:00:00,2010-01-21 00:00:00,1053,73064,1,251.9475,USD
2010-01-15 00:00:00,2010-01-21 00:00:00,1053,76067,1,251.9475,USD
2010-01-15 00:00:00,2010-01-21 00:00:00,1053,87108,2,503.895,GBP
2010-01-15 00:00:00,2010-01-21 00:00:00,1053,90713,1,251.9475,GBP
2010-01-15 00:00:00,2010-01-21 00:00:00,1063,07726,1,246.6975,USD
2010-01-15 00:00:00,2010-01-21 00:00:00,1063,93455,1,241.4475,GBP
2010-01-15 00:00:00,2010-01-21 00:00:00,1064,92082,1,233.5725,GBP
2010-01-15 00:00:00,2010-01-21 00:00:00,1065,07444,1,296.5725,GBP
2010-01-15 00:00:00,2010-01-21 00:00:00,1065,07940,1,296.5725,GBP
2010-01-15 00:00:00,2010-01-21 00:00:00,1065,08021,1,296.5725,USD
2010-01-15 00:00:00,2010-01-21 00:00:00,1065,08360,1,296.5725,GBP
2010-01-15 00:00:00,2010-01-21 00:00:00,1065,08805,1,296.5725,GBP
2010-01-15 00:00:00,2010-01-21 00:00:00,1065,25428,1,296.5725,USD
2010-01-15 00:00:00,2010-01-21 00:00:00,1065,32218,1,296.5725,GBP
2010-01-15 00:00:00,2010-01-21 00:00:00,1065,33413,1,296.5725,USD
2010-01-15 00:00:00,2010-01-21 00:00:00,1065,34472,1,296.5725,USD
2010-01-15 00:00:00,2010-01-21 00:00:00,1065,46550,1,296.5725,GBP
2010-01-15 00:00:00,2010-01-21 00:00:00,1065,50051,1,296.5725,GBP
2010-01-15 00:00:00,2010-01-21 00:00:00,1065,52806,1,296.5725,USD
2010-01-15 00:00:00,2010-01-21 00:00:00,1065,54476,1,296.5725,GBP
2010-01-15 00:00:00,2010-01-21 00:00:00,1065,54724,1,296.5725,GBP
2010-01-15 00:00:00,2010-01-21 00:00:00,1065,55920,1,296.5725,USD
2010-01-15 00:00:00,2010-01-21 00:00:00,1065,64119,1,296.5725,USD
2010-01-15 00:00:00,2010-01-21 00:00:00,1065,73071,1,296.5725,GBP
2010-01-15 00:00:00,2010-01-21 00:00:00,1065,75034,1,296.5725,USD
2010-01-15 00:00:00,2010-01-21 00:00:00,1065,75555,1,296.5725,USD
2010-01-15 00:00:00,2010-01-21 00:00:00,1065,75708,1,296.5725,GBP
2010-01-15 00:00:00,2010-01-21 00:00:00,1065,76305,1,296.5725,USD
2010-01-15 00:00:00,2010-01-21 00:00:00,1065,77430,1,296.5725,GBP
2010-01-15 00:00:00,2010-01-21 00:00:00,1065,77546,1,296.5725,USD
2010-01-15 00:00:00,2010-01-21 00:00:00,1065,83703,1,296.5725,USD
2010-01-15 00:00:00,2010-01-21 00:00:00,1065,85308,1,296.5725,GBP
2010-01-15 00:00:00,2010-01-21 00:00:00,1065,85920,1,296.5725,USD
2010-01-15 00:00:00,2010-01-21 00:00:00,1065,89012,1,296.5725,USD
2010-01-15 00:00:00,2010-01-21 00:00:00,1065,89014,1,296.5725,USD
2010-01-15 00:00:00,2010-01-21 00:00:00,1065,89121,1,296.5725,GBP
2010-01-15 00:00:00,2010-01-21 00:00:00,1065,89706,1,296.5725,USD
2010-01-15 00:00:00,2010-01-21 00:00:00,1065,90808,1,296.5725,USD
2010-01-15 00:00:00,2010-01-21 00:00:00,1065,91741,1,296.5725,USD
2010-01-15 00:00:00,2010-01-21 00:00:00,1065,92065,1,296.5725,USD
2010-01-15 00:00:00,2010-01-21 00:00:00,1065,92071,2,593.145,USD
2010-01-15 00:00:00,2010-01-21 00:00:00,1065,92225,1,296.5725,USD
2010-01-15 00:00:00,2010-01-21 00:00:00,1065,92404,1,296.5725,USD
2010-01-15 00:00:00,2010-01-21 00:00:00,1065,92581,1,296.5725,GBP
2010-01-15 00:00:00,2010-01-21 00:00:00,1065,92870,1,296.5725,USD
2010-01-15 00:00:00,2010-01-21 00:00:00,1065,94526,1,296.5725,USD
2010-01-15 00:00:00,2010-01-21 00:00:00,1065,95070,1,296.5725,USD
2010-01-15 00:00:00,2010-01-21 00:00:00,1065,97123,2,593.145,USD
2010-01-15 00:00:00,2010-01-21 00:00:00,1065,97302,1,296.5725,USD
2010-01-15 00:00:00,2010-01-21 00:00:00,1066,06804,1,296.5725,GBP
2010-01-15 00:00:00,2010-01-21 00:00:00,1066,08302,1,296.5725,USD
2010-01-15 00:00:00,2010-01-21 00:00:00,1066,32211,1,296.5725,GBP
2010-01-15 00:00:00,2010-01-21 00:00:00,1066,32218,1,296.5725,GBP
2010-01-15 00:00:00,2010-01-21 00:00:00,1066,32701,1,296.5725,GBP
2010-01-15 00:00:00,2010-01-21 00:00:00,1066,33166,1,296.5725,USD
2010-01-15 00:00:00,2010-01-21 00:00:00,1066,33413,1,296.5725,GBP
2010-01-15 00:00:00,2010-01-21 00:00:00,1066,37388,1,296.5725,GBP
2010-01-15 00:00:00,2010-01-21 00:00:00,1066,46614,1,296.5725,GBP
2010-01-15 00:00:00,2010-01-21 00:00:00,1066,50060,1,296.5725,GBP
2010-01-15 00:00:00,2010-01-21 00:00:00,1066,63785,1,296.5725,GBP
2010-01-15 00:00:00,2010-01-21 00:00:00,1066,64119,1,296.5725,GBP
2010-01-15 00:00:00,2010-01-21 00:00:00,1066,64804,1,296.5725,GBP
2010-01-15 00:00:00,2010-01-21 00:00:00,1066,75010,1,296.5725,GBP
2010-01-15 00:00:00,2010-01-21 00:00:00,1066,77056,1,296.5725,GBP
2010-01-15 00:00:00,2010-01-21 00:00:00,1066,83703,1,296.5725,GBP
2010-01-15 00:00:00,2010-01-21 00:00:00,1066,84601,1,296.5725,GBP
2010-01-15 00:00:00,2010-01-21 00:00:00,1066,85255,1,296.5725,GBP
2010-01-15 00:00:00,2010-01-21 00:00:00,1066,87063,1,296.5725,GBP
2010-01-15 00:00:00,2010-01-21 00:00:00,1066,89423,1,296.5725,GBP
2010-01-15 00:00:00,2010-01-21 00:00:00,1066,90278,1,296.5725,GBP
2010-01-15 00:00:00,2010-01-21 00:00:00,1066,91042,1,296.5725,GBP
2010-01-15 00:00:00,2010-01-21 00:00:00,1066,91701,1,296.5725,GBP
2010-01-15 00:00:00,2010-01-21 00:00:00,1066,92071,2,593.145,GBP
2010-01-15 00:00:00,2010-01-21 00:00:00,1066,92220,2,593.145,GBP
2010-01-15 00:00:00,2010-01-21 00:00:00,1066,92870,1,296.5725,GBP
2010-01-15 00:00:00,2010-01-21 00:00:00,1066,94526,1,296.5725,GBP
2010-01-15 00:00:00,2010-01-21 00:00:00,1066,97124,1,296.5725,USD
2010-01-15 00:00:00,2010-01-21 00:00:00,1066,97502,1,296.5725,GBP
2010-01-15 00:00:00,2010-01-21 00:00:00,1079,08020,1,262.4475,GBP
2010-01-15 00:00:00,2010-01-21 00:00:00,1079,32218,1,262.4475,GBP
2010-01-15 00:00:00,2010-01-21 00:00:00,1079,76017,1,262.4475,GBP
2010-01-15 00:00:00,2010-01-21 00:00:00,1079,92673,1,262.4475,GBP
2010-01-15 00:00:00,2010-01-21 00:00:00,1080,93635,1,262.4475,GBP
2010-01-15 00:00:00,2010-01-21 00:00:00,1080,95667,1,262.4475,USD
2010-01-15 00:00:00,2010-01-21 00:00:00,1080,96001,1,262.4475,GBP
2010-01-15 00:00:00,2010-01-21 00:00:00,1081,33175,1,225.6975,USD
2010-01-15 00:00:00,2010-01-21 00:00:00,1081,34239,1,225.6975,GBP
2010-01-15 00:00:00,2010-01-21 00:00:00,1081,46034,1,225.6975,GBP
2010-01-15 00:00:00,2010-01-21 00:00:00,1081,92301,1,225.6975,USD
2010-01-15 00:00:00,2010-01-21 00:00:00,1081,95691,1,225.6975,GBP
2010-01-15 00:00:00,2010-01-21 00:00:00,1081,97201,1,225.6975,GBP
2010-01-15 00:00:00,2010-01-21 00:00:00,1082,46034,1,225.6975,GBP
2010-01-15 00:00:00,2010-01-21 00:00:00,1082,72921,1,225.6975,GBP
2010-01-15 00:00:00,2010-01-21 00:00:00,1105,47807,1,493.395,GBP
2010-01-15 00:00:00,2010-01-21 00:00:00,1105,47807,1,246.6975,USD
2010-01-15 00:00:00,2010-01-21 00:00:00,1105,73026,1,246.6975,USD
2010-01-15 00:00:00,2010-01-21 00:00:00,1105,77445,1,246.6975,USD
2010-01-15 00:00:00,2010-01-21 00:00:00,1105,90241,1,246.6975,GBP
2010-01-15 00:00:00,2010-01-21 00:00:00,1105,90266,1,246.6975,USD
2010-01-15 00:00:00,2010-01-21 00:00:00,1105,95945,1,246.6975,GBP
2010-01-15 00:00:00,2010-01-21 00:00:00,1105,97504,1,246.6975,USD
2010-01-15 00:00:00,2010-01-21 00:00:00,1106,35214,1,246.6975,USD
2010-01-15 00:00:00,2010-01-21 00:00:00,1106,37331,1,246.6975,GBP
2010-01-15 00:00:00,2010-01-21 00:00:00,1106,73048,1,246.6975,GBP
2010-01-15 00:00:00,2010-01-21 00:00:00,1106,95023,1,246.6975,USD
2010-01-15 00:00:00,2010-01-21 00:00:00,1106,95476,1,246.6975,USD
2010-01-15 00:00:00,2010-01-21 00:00:00,1109,29137,1,209.9475,GBP
2010-01-15 00:00:00,2010-01-21 00:00:00,1109,35242,1,209.9475,GBP
2010-01-15 00:00:00,2010-01-21 00:00:00,1109,71115,1,209.9475,GBP
2010-01-15 00:00:00,2010-01-21 00:00:00,1109,74965,1,209.9475,GBP
2010-01-15 00:00:00,2010-01-21 00:00:00,1109,75115,1,209.9475,GBP
2010-01-15 00:00:00,2010-01-21 00:00:00,1109,76040,2,419.895,GBP
2010-01-15 00:00:00,2010-01-21 00:00:00,1109,78230,2,419.895,GBP
2010-01-15 00:00:00,2010-01-21 00:00:00,1109,92082,1,209.9475,GBP
2010-01-15 00:00:00,2010-01-21 00:00:00,1109,93117,1,209.9475,USD
2010-01-15 00:00:00,2010-01-21 00:00:00,1110,20743,1,209.9475,USD
2010-01-15 00:00:00,2010-01-21 00:00:00,1110,29137,1,209.9475,USD
2010-01-15 00:00:00,2010-01-21 00:00:00,1110,71115,1,209.9475,GBP
2010-01-15 00:00:00,2010-01-21 00:00:00,1110,72223,1,209.9475,USD
2010-01-15 00:00:00,2010-01-21 00:00:00,1110,74059,1,209.9475,USD
2010-01-15 00:00:00,2010-01-21 00:00:00,1110,76053,1,209.9475,GBP
2010-01-15 00:00:00,2010-01-21 00:00:00,1110,77378,1,209.9475,USD
2010-01-15 00:00:00,2010-01-21 00:00:00,1110,91744,1,209.9475,USD
2010-01-15 00:00:00,2010-01-21 00:00:00,1110,97404,1,209.9475,USD
2010-01-15 00:00:00,2010-01-21 00:00:00,1111,20646,1,116.4975,GBP
2010-01-15 00:00:00,2010-01-21 00:00:00,1111,26164,1,116.4975,GBP
2010-01-15 00:00:00,2010-01-21 00:00:00,1111,32924,1,116.4975,USD
2010-01-15 00:00:00,2010-01-21 00:00:00,1111,33418,1,116.4975,GBP
2010-01-15 00:00:00,2010-01-21 00:00:00,1111,33703,1,116.4975,USD
2010-01-15 00:00:00,2010-01-21 00:00:00,1111,35117,1,116.4975,GBP
2010-01-15 00:00:00,2010-01-21 00:00:00,1111,46947,2,232.995,GBP
2010-01-15 00:00:00,2010-01-21 00:00:00,1111,77587,1,116.4975,GBP
2010-01-15 00:00:00,2010-01-21 00:00:00,1111,85742,1,116.4975,GBP
2010-01-15 00:00:00,2010-01-21 00:00:00,1111,90277,1,116.4975,GBP
2010-01-15 00:00:00,2010-01-21 00:00:00,1111,90745,1,116.4975,GBP
2010-01-15 00:00:00,2010-01-21 00:00:00,1111,92591,1,116.4975,GBP
2010-01-15 00:00:00,2010-01-21 00:00:00,1111,95045,1,116.4975,USD
2010-01-15 00:00:00,2010-01-21 00:00:00,1111,95127,1,116.4975,GBP
2010-01-15 00:00:00,2010-01-21 00:00:00,1112,06512,1,116.4975,GBP
2010-01-15 00:00:00,2010-01-21 00:00:00,1112,20646,1,116.4975,GBP
2010-01-15 00:00:00,2010-01-21 00:00:00,1112,32798,2,232.995,USD
2010-01-15 00:00:00,2010-01-21 00:00:00,1112,87110,1,116.4975,USD
2010-01-15 00:00:00,2010-01-21 00:00:00,1112,89007,1,116.4975,USD
2010-01-15 00:00:00,2010-01-21 00:00:00,1112,92708,1,116.4975,GBP
2010-01-15 00:00:00,2010-01-21 00:00:00,1112,93240,1,116.4975,GBP
2010-01-15 00:00:00,2010-01-21 00:00:00,1112,94541,1,116.4975,USD
2010-01-15 00:00:00,2010-01-21 00:00:00,1112,95045,1,116.4975,USD
2010-01-15 00:00:00,2010-01-21 00:00:00,1112,95127,1,116.4975,GBP
2010-01-15 00:00:00,2010-01-21 00:00:00,1116,02333,1,251.9475,GBP
2010-01-15 00:00:00,2010-01-21 00:00:00,1116,02864,2,503.895,USD
2010-01-15 00:00:00,2010-01-21 00:00:00,1116,08620,1,251.9475,GBP
2010-01-15 00:00:00,2010-01-21 00:00:00,1116,32819,1,251.9475,USD
2010-01-15 00:00:00,2010-01-21 00:00:00,1116,33060,1,251.9475,USD
2010-01-15 00:00:00,2010-01-21 00:00:00,1116,33509,1,251.9475,USD
2010-01-15 00:00:00,2010-01-21 00:00:00,1116,33756,1,251.9475,GBP
2010-01-15 00:00:00,2010-01-21 00:00:00,1116,47401,1,251.9475,USD
2010-01-15 00:00:00,2010-01-21 00:00:00,1116,70084,1,251.9475,GBP
2010-01-15 00:00:00,2010-01-21 00:00:00,1116,72032,1,251.9475,GBP
2010-01-15 00:00:00,2010-01-21 00:00:00,1116,77044,1,251.9475,GBP
2010-01-15 00:00:00,2010-01-21 00:00:00,1116,78602,1,251.9475,GBP
2010-01-15 00:00:00,2010-01-21 00:00:00,1116,79912,1,251.9475,GBP
2010-01-15 00:00:00,2010-01-21 00:00:00,1116,89702,1,251.9475,USD
2010-01-15 00:00:00,2010-01-21 00:00:00,1116,92345,1,251.9475,USD
2010-01-15 00:00:00,2010-01-21 00:00:00,1120,06106,1,173.1975,GBP
2010-01-15 00:00:00,2010-01-21 00:00:00,1120,21037,1,865.9875,GBP
2010-01-15 00:00:00,2010-01-21 00:00:00,1120,21037,1,173.1975,USD
2010-01-15 00:00:00,2010-01-21 00:00:00,1120,32119,1,173.1975,USD
2010-01-15 00:00:00,2010-01-21 00:00:00,1120,33809,1,173.1975,GBP
2010-01-15 00:00:00,2010-01-21 00:00:00,1120,35045,1,173.1975,GBP
2010-01-15 00:00:00,2010-01-21 00:00:00,1120,91384,1,173.1975,GBP
2010-01-15 00:00:00,2010-01-21 00:00:00,1120,92555,1,173.1975,GBP
2010-01-15 00:00:00,2010-01-21 00:00:00,1122,20874,1,157.4475,USD
2010-01-15 00:00:00,2010-01-21 00:00:00,1122,33027,1,157.4475,GBP
2010-01-15 00:00:00,2010-01-21 00:00:00,1122,63755,1,157.4475,GBP
2010-01-15 00:00:00,2010-01-21 00:00:00,1122,71052,1,157.4475,GBP
2010-01-15 00:00:00,2010-01-21 00:00:00,1122,89108,1,157.4475,GBP
2010-01-15 00:00:00,2010-01-21 00:00:00,1122,92503,1,157.4475,USD
2010-01-15 00:00:00,2010-01-21 00:00:00,1122,97381,1,157.4475,USD
2010-01-15 00:00:00,2010-01-21 00:00:00,1122,97404,1,157.4475,USD
2010-01-15 00:00:00,2010-01-21 00:00:00,1131,33859,1,419.9475,GBP
2010-01-15 00:00:00,2010-01-21 00:00:00,1131,34286,1,419.9475,USD
2010-01-15 00:00:00,2010-01-21 00:00:00,1131,78418,1,419.9475,GBP
2010-01-15 00:00:00,2010-01-21 00:00:00,1131,91011,1,419.9475,GBP
2010-01-15 00:00:00,2010-01-21 00:00:00,1131,94578,1,419.9475,GBP
2010-01-15 00:00:00,2010-01-21 00:00:00,1132,33513,1,629.9475,GBP
2010-01-15 00:00:00,2010-01-21 00:00:00,1132,90061,1,629.9475,GBP
2010-01-15 00:00:00,2010-01-21 00:00:00,1132,95630,1,629.9475,GBP
2010-01-15 00:00:00,2010-01-21 00:00:00,1133,75154,1,629.9475,GBP
2010-01-15 00:00:00,2010-01-21 00:00:00,1133,77064,1,629.9475,GBP
2010-01-15 00:00:00,2010-01-21 00:00:00,1133,79118,1,629.9475,GBP
2010-01-15 00:00:00,2010-01-21 00:00:00,1133,85308,1,629.9475,GBP
2010-01-15 00:00:00,2010-01-21 00:00:00,1133,92071,1,629.9475,GBP
2010-01-15 00:00:00,2010-01-21 00:00:00,1150,85258,1,392.7,GBP
2010-01-15 00:00:00,2010-01-21 00:00:00,1150,97227,7,2748.9,GBP
2010-01-15 00:00:00,2010-01-21 00:00:00,1157,34209,1,377.9475,GBP
2010-01-15 00:00:00,2010-01-21 00:00:00,1157,37885,1,377.9475,USD
2010-01-15 00:00:00,2010-01-21 00:00:00,1157,42404,1,377.9475,USD
2010-01-15 00:00:00,2010-01-21 00:00:00,1157,52761,1,377.9475,GBP
2010-01-15 00:00:00,2010-01-21 00:00:00,1157,54115,1,377.9475,GBP
2010-01-15 00:00:00,2010-01-21 00:00:00,1157,70006,1,377.9475,USD
2010-01-15 00:00:00,2010-01-21 00:00:00,1157,70427,1,377.9475,USD
2010-01-15 00:00:00,2010-01-21 00:00:00,1157,72032,1,377.9475,GBP
2010-01-15 00:00:00,2010-01-21 00:00:00,1157,78617,1,377.9475,USD
2010-01-15 00:00:00,2010-01-21 00:00:00,1166,78628,1,535.4475,USD
2010-01-15 00:00:00,2010-01-21 00:00:00,1166,94514,1,535.4475,GBP
2010-01-15 00:00:00,2010-01-21 00:00:00,1168,36080,1,367.4475,GBP
2010-01-15 00:00:00,2010-01-21 00:00:00,1168,36105,1,367.4475,USD
2010-01-15 00:00:00,2010-01-21 00:00:00,1168,91354,1,367.4475,GBP
2010-01-15 00:00:00,2010-01-21 00:00:00,1173,21113,1,524.9475,GBP
2010-01-15 00:00:00,2010-01-21 00:00:00,1173,29501,1,524.9475,GBP
2010-01-15 00:00:00,2010-01-21 00:00:00,1173,33025,1,524.9475,GBP
2010-01-15 00:00:00,2010-01-21 00:00:00,1173,33029,1,524.9475,GBP
2010-01-15 00:00:00,2010-01-21 00:00:00,1173,42103,1,524.9475,USD
2010-01-15 00:00:00,2010-01-21 00:00:00,1173,70072,1,524.9475,USD
2010-01-15 00:00:00,2010-01-21 00:00:00,1173,70118,1,524.9475,GBP
2010-01-15 00:00:00,2010-01-21 00:00:00,1173,74804,1,524.9475,GBP
2010-01-15 00:00:00,2010-01-21 00:00:00,1173,89121,1,524.9475,GBP
2010-01-15 00:00:00,2010-01-21 00:00:00,1173,93940,1,524.9475,GBP
2010-01-15 00:00:00,2010-01-21 00:00:00,1173,95404,1,524.9475,GBP
2010-01-15 00:00:00,2010-01-21 00:00:00,1182,32164,1,157.4475,USD
2010-01-15 00:00:00,2010-01-21 00:00:00,1182,33919,1,157.4475,USD
2010-01-15 00:00:00,2010-01-21 00:00:00,1182,36350,1,157.4475,GBP
2010-01-15 00:00:00,2010-01-21 00:00:00,1182,42749,1,157.4475,GBP
2010-01-15 00:00:00,2010-01-21 00:00:00,1182,73501,1,157.4475,GBP
2010-01-15 00:00:00,2010-01-21 00:00:00,1182,75043,1,157.4475,GBP
2010-01-15 00:00:00,2010-01-21 00:00:00,1182,95121,1,157.4475,GBP
2010-01-15 00:00:00,2010-01-21 00:00:00,1185,06357,1,419.9475,GBP
2010-01-15 00:00:00,2010-01-21 00:00:00,1185,33705,1,419.9475,GBP
2010-01-15 00:00:00,2010-01-21 00:00:00,1185,55423,1,419.9475,GBP
2010-01-15 00:00:00,2010-01-21 00:00:00,1185,75232,1,419.9475,GBP
2010-01-15 00:00:00,2010-01-21 00:00:00,1185,92040,1,419.9475,USD
2010-01-15 00:00:00,2010-01-21 00:00:00,1188,76008,1,472.4475,GBP
2010-01-15 00:00:00,2010-01-21 00:00:00,1188,90745,1,472.4475,USD
2010-01-15 00:00:00,2010-01-21 00:00:00,1188,93012,1,472.4475,USD
2010-01-15 00:00:00,2010-01-21 00:00:00,1188,95125,1,472.4475,USD
2010-01-15 00:00:00,2010-01-21 00:00:00,1191,33173,1,262.4475,USD
2010-01-15 00:00:00,2010-01-21 00:00:00,1191,93063,1,262.4475,USD
2010-01-15 00:00:00,2010-01-21 00:00:00,1203,06820,1,314.9475,USD
2010-01-15 00:00:00,2010-01-21 00:00:00,1203,34139,1,314.9475,USD
2010-01-15 00:00:00,2010-01-21 00:00:00,1203,67846,1,314.9475,USD
2010-01-15 00:00:00,2010-01-21 00:00:00,1203,75966,1,314.9475,USD
2010-01-15 00:00:00,2010-01-21 00:00:00,1204,33166,1,419.9475,USD
2010-01-15 00:00:00,2010-01-21 00:00:00,1204,89127,1,419.9475,USD
2010-01-15 00:00:00,2010-01-21 00:00:00,1205,92614,1,409.4475,USD
2010-01-15 00:00:00,2010-01-21 00:00:00,1206,92392,1,509.1975,GBP
2010-01-15 00:00:00,2010-01-21 00:00:00,1215,32052,1,356.9475,USD
2010-01-15 00:00:00,2010-01-21 00:00:00,1215,32725,1,356.9475,GBP
2010-01-15 00:00:00,2010-01-21 00:00:00,1215,32776,1,356.9475,GBP
2010-01-15 00:00:00,2010-01-21 00:00:00,1215,33067,1,356.9475,GBP
2010-01-15 00:00:00,2010-01-21 00:00:00,1215,33441,1,356.9475,USD
2010-01-15 00:00:00,2010-01-21 00:00:00,1215,38863,1,356.9475,USD
2010-01-15 00:00:00,2010-01-21 00:00:00,1215,53573,1,356.9475,GBP
2010-01-15 00:00:00,2010-01-21 00:00:00,1215,75041,1,356.9475,GBP
2010-01-15 00:00:00,2010-01-21 00:00:00,1215,77573,1,356.9475,GBP
2010-01-15 00:00:00,2010-01-21 00:00:00,1215,83616,1,356.9475,GBP
2010-01-15 00:00:00,2010-01-21 00:00:00,1215,85323,1,356.9475,GBP
2010-01-15 00:00:00,2010-01-21 00:00:00,1215,93631,1,356.9475,GBP
2010-01-15 00:00:00,2010-01-21 00:00:00,1225,75604,1,236.1975,GBP
2010-01-15 00:00:00,2010-01-21 00:00:00,1227,33125,1,314.9475,GBP
2010-01-15 00:00:00,2010-01-21 00:00:00,1227,33952,1,314.9475,GBP
2010-01-15 00:00:00,2010-01-21 00:00:00,1227,52654,1,314.9475,GBP
2010-01-15 00:00:00,2010-01-21 00:00:00,1227,70002,1,314.9475,USD
2010-01-15 00:00:00,2010-01-21 00:00:00,1227,71111,1,314.9475,USD
2010-01-15 00:00:00,2010-01-21 00:00:00,1227,73064,1,314.9475,USD
2010-01-15 00:00:00,2010-01-21 00:00:00,1227,85019,1,314.9475,USD
2010-01-15 00:00:00,2010-01-21 00:00:00,1229,83615,1,236.1975,GBP
2010-01-15 00:00:00,2010-01-21 00:00:00,1229,92571,1,236.1975,GBP
2010-01-15 00:00:00,2010-01-21 00:00:00,1229,95827,1,236.1975,USD
2010-01-15 00:00:00,2010-01-21 00:00:00,1230,52353,1,1039.395,USD
2010-01-15 00:00:00,2010-01-21 00:00:00,1230,65809,1,519.6975,USD
2010-01-15 00:00:00,2010-01-21 00:00:00,1230,72116,1,519.6975,GBP
2010-01-15 00:00:00,2010-01-21 00:00:00,1230,92545,1,524.9475,USD
2010-01-15 00:00:00,2010-01-21 00:00:00,1230,93010,1,519.6975,GBP
2010-01-15 00:00:00,2010-01-21 00:00:00,1259,37643,1,322.77,GBP
2010-01-15 00:00:00,2010-01-21 00:00:00,1268,91786,1,340.095,USD
2010-01-15 00:00:00,2010-01-21 00:00:00,1293,83616,1,393.645,GBP
2010-01-15 00:00:00,2010-01-21 00:00:00,1298,93060,1,346.395,GBP
2010-01-15 00:00:00,2010-01-21 00:00:00,1309,07716,1,270.27,USD
2010-01-15 00:00:00,2010-01-21 00:00:00,1317,07452,1,307.02,GBP
2010-01-15 00:00:00,2010-01-21 00:00:00,1317,33334,1,288.645,USD
2010-01-15 00:00:00,2010-01-21 00:00:00,1317,74017,1,307.02,USD
2010-01-15 00:00:00,2010-01-21 00:00:00,1317,89015,1,307.02,USD
2010-01-15 00:00:00,2010-01-21 00:00:00,1318,39157,1,307.02,USD
2010-01-15 00:00:00,2010-01-21 00:00:00,1329,02382,1,92.82,USD
2010-01-15 00:00:00,2010-01-21 00:00:00,1329,08873,1,92.82,USD
2010-01-15 00:00:00,2010-01-21 00:00:00,1329,32724,1,92.82,USD
2010-01-15 00:00:00,2010-01-21 00:00:00,1329,50129,2,185.64,GBP
2010-01-15 00:00:00,2010-01-21 00:00:00,1329,50129,2,371.28,USD
2010-01-15 00:00:00,2010-01-21 00:00:00,1329,63389,1,92.82,GBP
2010-01-15 00:00:00,2010-01-21 00:00:00,1329,84117,1,92.82,USD
2010-01-15 00:00:00,2010-01-21 00:00:00,1329,91901,1,91.77,USD
2010-01-15 00:00:00,2010-01-21 00:00:00,1329,92592,2,185.64,USD
2010-01-15 00:00:00,2010-01-21 00:00:00,1330,47112,1,92.82,USD
2010-01-15 00:00:00,2010-01-21 00:00:00,1330,50021,1,92.82,USD
2010-01-15 00:00:00,2010-01-21 00:00:00,1330,50129,2,371.28,GBP
2010-01-15 00:00:00,2010-01-21 00:00:00,1330,50129,2,185.64,USD
2010-01-15 00:00:00,2010-01-21 00:00:00,1330,63624,1,92.82,USD
2010-01-15 00:00:00,2010-01-21 00:00:00,1330,70092,1,92.82,USD
2010-01-15 00:00:00,2010-01-21 00:00:00,1330,93432,1,92.82,GBP
2010-01-15 00:00:00,2010-01-21 00:00:00,1330,96105,1,92.82,GBP
2010-01-15 00:00:00,2010-01-21 00:00:00,1347,84117,1,299.145,GBP
2010-01-15 00:00:00,2010-01-21 00:00:00,1347,84741,1,299.145,USD
2010-01-15 00:00:00,2010-01-21 00:00:00,1348,29061,1,299.145,USD
2010-01-15 00:00:00,2010-01-21 00:00:00,1348,79424,1,299.145,GBP
2010-01-15 00:00:00,2010-01-21 00:00:00,1348,97701,1,299.145,GBP
2010-01-15 00:00:00,2010-01-21 00:00:00,1351,83338,1,309.645,GBP
2010-01-15 00:00:00,2010-01-21 00:00:00,1379,08302,1,314.895,GBP
2010-01-15 00:00:00,2010-01-21 00:00:00,1425,93555,1,286.02,GBP
2010-01-15 00:00:00,2010-01-21 00:00:00,1426,06611,1,286.02,GBP
2010-01-15 00:00:00,2010-01-21 00:00:00,1426,72947,1,286.02,USD
2010-01-15 00:00:00,2010-01-21 00:00:00,1426,89511,1,286.02,USD
2010-01-15 00:00:00,2010-01-21 00:00:00,1426,95949,1,286.02,GBP
2010-01-15 00:00:00,2010-01-21 00:00:00,1429,85260,1,283.395,USD
2010-01-15 00:00:00,2010-01-21 00:00:00,1430,92313,1,283.395,GBP
2010-01-15 00:00:00,2010-01-21 00:00:00,1435,06854,1,312.27,USD
2010-01-15 00:00:00,2010-01-21 00:00:00,1435,65265,1,312.27,USD
2010-01-15 00:00:00,2010-01-21 00:00:00,1435,89511,1,312.27,GBP
2010-01-15 00:00:00,2010-01-21 00:00:00,1435,91784,1,312.27,USD
2010-01-15 00:00:00,2010-01-21 00:00:00,1435,93420,1,312.27,GBP
2010-01-15 00:00:00,2010-01-21 00:00:00,1436,74033,1,312.27,GBP
2010-01-15 00:00:00,2010-01-21 00:00:00,1449,06512,1,118.02,GBP
2010-01-15 00:00:00,2010-01-21 00:00:00,1449,40741,1,118.02,GBP
2010-01-15 00:00:00,2010-01-21 00:00:00,1449,65101,1,118.02,GBP
2010-01-15 00:00:00,2010-01-21 00:00:00,1449,72949,1,118.02,GBP
2010-01-15 00:00:00,2010-01-21 00:00:00,1449,76063,1,118.02,GBP
2010-01-15 00:00:00,2010-01-21 00:00:00,1449,92021,1,118.02,GBP
2010-01-15 00:00:00,2010-01-21 00:00:00,1449,92252,1,118.02,GBP
2010-01-15 00:00:00,2010-01-21 00:00:00,1449,95385,1,118.02,GBP
2010-01-15 00:00:00,2010-01-21 00:00:00,1449,95826,1,118.02,GBP
2010-01-15 00:00:00,2010-01-21 00:00:00,1450,02343,1,118.02,GBP
2010-01-15 00:00:00,2010-01-21 00:00:00,1450,29621,1,118.02,USD
2010-01-15 00:00:00,2010-01-21 00:00:00,1450,33160,1,118.02,USD
2010-01-15 00:00:00,2010-01-21 00:00:00,1450,76063,1,118.02,USD
2010-01-15 00:00:00,2010-01-21 00:00:00,1450,79373,1,118.02,USD
2010-01-15 00:00:00,2010-01-21 00:00:00,1450,86326,1,118.02,GBP
2010-01-15 00:00:00,2010-01-21 00:00:00,1450,92252,1,118.02,USD
2010-01-15 00:00:00,2010-01-21 00:00:00,1450,92506,1,118.02,GBP
2010-01-15 00:00:00,2010-01-21 00:00:00,1450,95385,1,118.02,USD
2010-01-15 00:00:00,2010-01-21 00:00:00,1477,95448,1,317.52,GBP
2010-01-15 00:00:00,2010-01-21 00:00:00,1478,85045,1,317.52,GBP
2010-01-15 00:00:00,2010-01-21 00:00:00,1483,07823,1,70.77,USD
2010-01-15 00:00:00,2010-01-21 00:00:00,1489,93312,1,262.395,USD
2010-01-15 00:00:00,2010-01-21 00:00:00,1489,97023,1,262.395,USD
2010-01-15 00:00:00,2010-01-21 00:00:00,1490,78739,1,262.395,GBP
2010-01-15 00:00:00,2010-01-21 00:00:00,1490,83669,1,262.395,USD
2010-01-15 00:00:00,2010-01-21 00:00:00,1517,29936,2,283.29,GBP
2010-01-15 00:00:00,2010-01-21 00:00:00,1517,33309,1,141.645,GBP
2010-01-15 00:00:00,2010-01-21 00:00:00,1517,38017,1,141.645,USD
2010-01-15 00:00:00,2010-01-21 00:00:00,1517,59901,1,141.645,USD
2010-01-15 00:00:00,2010-01-21 00:00:00,1517,89014,2,283.29,GBP
2010-01-15 00:00:00,2010-01-21 00:00:00,1517,89030,1,141.645,USD
2010-01-15 00:00:00,2010-01-21 00:00:00,1517,89102,1,141.645,GBP
2010-01-15 00:00:00,2010-01-21 00:00:00,1518,29936,2,283.29,GBP
2010-01-15 00:00:00,2010-01-21 00:00:00,1518,33308,1,141.645,GBP
2010-01-15 00:00:00,2010-01-21 00:00:00,1518,87501,1,141.645,USD
2010-01-15 00:00:00,2010-01-21 00:00:00,1518,92618,1,141.645,USD
2010-01-15 00:00:00,2010-01-21 00:00:00,1536,95932,1,309.645,GBP
2010-01-15 00:00:00,2010-01-21 00:00:00,1553,93551,1,330.645,USD
2010-01-15 00:00:00,2010-01-21 00:00:00,1554,85032,1,330.645,USD
2010-01-15 00:00:00,2010-01-21 00:00:00,1641,29341,1,70.77,GBP
2010-01-15 00:00:00,2010-01-21 00:00:00,1641,85027,1,70.77,GBP
2010-01-15 00:00:00,2010-01-21 00:00:00,1641,91351,1,70.77,GBP
2010-01-15 00:00:00,2010-01-21 00:00:00,1641,94533,1,70.77,USD
2010-01-15 00:00:00,2010-01-21 00:00:00,1894,01468,1,682.2375,USD
2010-01-15 00:00:00,2010-01-21 00:00:00,1894,37347,1,682.2375,USD
2010-01-15 00:00:00,2010-01-21 00:00:00,1894,37921,1,682.2375,GBP
2010-01-15 00:00:00,2010-01-21 00:00:00,1894,47366,1,682.2375,USD
2010-01-15 00:00:00,2010-01-21 00:00:00,1894,54024,1,682.2375,USD
2010-01-15 00:00:00,2010-01-21 00:00:00,1894,55317,1,682.2375,USD
2010-01-15 00:00:00,2010-01-21 00:00:00,1894,75007,1,682.2375,USD
2010-01-15 00:00:00,2010-01-21 00:00:00,1894,77461,1,682.2375,USD
2010-01-15 00:00:00,2010-01-21 00:00:00,1894,78628,3,2046.7125,USD
2010-01-15 00:00:00,2010-01-21 00:00:00,1894,78727,1,682.2375,USD
2010-01-15 00:00:00,2010-01-21 00:00:00,1894,97461,1,682.2375,USD
2010-01-15 00:00:00,2010-01-21 00:00:00,1909,72903,1,199.4475,USD
2010-01-15 00:00:00,2010-01-21 00:00:00,1909,87108,1,199.4475,GBP
2010-01-15 00:00:00,2010-01-21 00:00:00,1909,93536,1,199.4475,GBP
2010-01-15 00:00:00,2010-01-21 00:00:00,1911,19956,1,244.0725,USD
2010-01-15 00:00:00,2010-01-21 00:00:00,1911,53965,1,244.0725,USD
2010-01-15 00:00:00,2010-01-21 00:00:00,1911,77581,1,244.0725,USD
2010-01-15 00:00:00,2010-01-21 00:00:00,1911,89121,1,244.0725,USD
2010-01-15 00:00:00,2010-01-21 00:00:00,1911,91360,1,244.0725,USD
2010-01-15 00:00:00,2010-01-21 00:00:00,1911,95628,1,244.0725,GBP
2010-01-15 00:00:00,2010-01-21 00:00:00,1920,35903,1,280.8225,USD
2010-01-15 00:00:00,2010-01-21 00:00:00,1920,57702,1,280.8225,GBP
2010-01-15 00:00:00,2010-01-21 00:00:00,1920,70663,1,278.1975,GBP
2010-01-15 00:00:00,2010-01-21 00:00:00,1920,93514,1,280.8225,USD
2010-01-15 00:00:00,2010-01-21 00:00:00,1920,95822,2,561.645,USD
2010-01-15 00:00:00,2010-01-21 00:00:00,1930,42103,1,283.4475,GBP
2010-01-15 00:00:00,2010-01-21 00:00:00,1930,42103,1,850.3425,USD
2010-01-15 00:00:00,2010-01-21 00:00:00,1930,50125,1,283.4475,USD
2010-01-15 00:00:00,2010-01-21 00:00:00,1931,42103,1,283.4475,USD
2010-01-15 00:00:00,2010-01-21 00:00:00,1948,02865,1,296.5725,USD
2010-01-15 00:00:00,2010-01-21 00:00:00,1948,07036,2,593.145,GBP
2010-01-15 00:00:00,2010-01-21 00:00:00,1948,08753,1,296.5725,GBP
2010-01-15 00:00:00,2010-01-21 00:00:00,1948,21085,2,593.145,GBP
2010-01-15 00:00:00,2010-01-21 00:00:00,1948,21113,1,296.5725,USD
2010-01-15 00:00:00,2010-01-21 00:00:00,1948,21236,1,296.5725,USD
2010-01-15 00:00:00,2010-01-21 00:00:00,1948,33540,1,296.5725,GBP
2010-01-15 00:00:00,2010-01-21 00:00:00,1948,37042,1,296.5725,GBP
2010-01-15 00:00:00,2010-01-21 00:00:00,1948,47802,1,296.5725,GBP
2010-01-15 00:00:00,2010-01-21 00:00:00,1948,47918,1,593.145,GBP
2010-01-15 00:00:00,2010-01-21 00:00:00,1948,47918,1,296.5725,USD
2010-01-15 00:00:00,2010-01-21 00:00:00,1948,50049,1,296.5725,USD
2010-01-15 00:00:00,2010-01-21 00:00:00,1948,52353,1,593.145,GBP
2010-01-15 00:00:00,2010-01-21 00:00:00,1948,52353,1,296.5725,USD
2010-01-15 00:00:00,2010-01-21 00:00:00,1948,53005,1,296.5725,GBP
2010-01-15 00:00:00,2010-01-21 00:00:00,1948,63656,1,296.5725,GBP
2010-01-15 00:00:00,2010-01-21 00:00:00,1948,64735,1,296.5725,GBP
2010-01-15 00:00:00,2010-01-21 00:00:00,1948,70816,1,296.5725,USD
2010-01-15 00:00:00,2010-01-21 00:00:00,1948,73013,1,296.5725,USD
2010-01-15 00:00:00,2010-01-21 00:00:00,1948,74401,1,296.5725,GBP
2010-01-15 00:00:00,2010-01-21 00:00:00,1948,75050,2,593.145,USD
2010-01-15 00:00:00,2010-01-21 00:00:00,1948,76501,1,296.5725,USD
2010-01-15 00:00:00,2010-01-21 00:00:00,1948,83815,1,296.5725,USD
2010-01-15 00:00:00,2010-01-21 00:00:00,1948,90278,4,1186.29,USD
2010-01-15 00:00:00,2010-01-21 00:00:00,1948,91042,1,296.5725,USD
2010-01-15 00:00:00,2010-01-21 00:00:00,1948,92676,1,296.5725,USD
2010-01-15 00:00:00,2010-01-21 00:00:00,1948,92683,1,296.5725,USD
2010-01-15 00:00:00,2010-01-21 00:00:00,1948,95828,1,296.5725,USD
2010-01-15 00:00:00,2010-01-21 00:00:00,1948,97124,3,889.7175,USD
2010-01-15 00:00:00,2010-01-21 00:00:00,1948,97223,1,296.5725,GBP
2010-01-15 00:00:00,2010-01-21 00:00:00,1949,01420,1,296.5725,GBP
2010-01-15 00:00:00,2010-01-21 00:00:00,1949,20882,1,296.5725,GBP
2010-01-15 00:00:00,2010-01-21 00:00:00,1949,21236,1,296.5725,GBP
2010-01-15 00:00:00,2010-01-21 00:00:00,1949,37303,1,296.5725,GBP
2010-01-15 00:00:00,2010-01-21 00:00:00,1949,37618,2,593.145,GBP
2010-01-15 00:00:00,2010-01-21 00:00:00,1949,46254,1,296.5725,USD
2010-01-15 00:00:00,2010-01-21 00:00:00,1949,47371,1,296.5725,USD
2010-01-15 00:00:00,2010-01-21 00:00:00,1949,47802,1,296.5725,USD
2010-01-15 00:00:00,2010-01-21 00:00:00,1949,47918,1,889.7175,GBP
2010-01-15 00:00:00,2010-01-21 00:00:00,1949,51038,1,296.5725,USD
2010-01-15 00:00:00,2010-01-21 00:00:00,1949,52353,1,296.5725,GBP
2010-01-15 00:00:00,2010-01-21 00:00:00,1949,53072,1,296.5725,USD
2010-01-15 00:00:00,2010-01-21 00:00:00,1949,59405,1,296.5725,USD
2010-01-15 00:00:00,2010-01-21 00:00:00,1949,59714,1,296.5725,USD
2010-01-15 00:00:00,2010-01-21 00:00:00,1949,63656,1,296.5725,USD
2010-01-15 00:00:00,2010-01-21 00:00:00,1949,77551,1,296.5725,USD
2010-01-15 00:00:00,2010-01-21 00:00:00,1949,85201,1,296.5725,GBP
2010-01-15 00:00:00,2010-01-21 00:00:00,1949,85308,1,296.5725,GBP
2010-01-15 00:00:00,2010-01-21 00:00:00,1949,87015,1,293.9475,GBP
2010-01-15 00:00:00,2010-01-21 00:00:00,1949,91360,2,593.145,USD
2010-01-15 00:00:00,2010-01-21 00:00:00,1949,92683,1,296.5725,USD
2010-01-15 00:00:00,2010-01-21 00:00:00,1949,93227,1,296.5725,GBP
2010-01-15 00:00:00,2010-01-21 00:00:00,1949,93308,1,296.5725,USD
2010-01-15 00:00:00,2010-01-21 00:00:00,1949,93550,1,296.5725,USD
2010-01-15 00:00:00,2010-01-21 00:00:00,1949,94536,1,296.5725,GBP
2010-01-15 00:00:00,2010-01-21 00:00:00,1949,97303,1,296.5725,GBP
2010-01-15 00:00:00,2010-01-21 00:00:00,1956,20657,1,153.7725,GBP
2010-01-15 00:00:00,2010-01-21 00:00:00,1956,21236,1,153.7725,GBP
2010-01-15 00:00:00,2010-01-21 00:00:00,1956,26241,1,153.7725,USD
2010-01-15 00:00:00,2010-01-21 00:00:00,1956,32822,1,153.7725,USD
2010-01-15 00:00:00,2010-01-21 00:00:00,1956,87532,1,153.7725,USD
2010-01-15 00:00:00,2010-01-21 00:00:00,1956,92805,1,153.7725,GBP
2010-01-15 00:00:00,2010-01-21 00:00:00,1956,93274,1,153.7725,GBP
2010-01-15 00:00:00,2010-01-21 00:00:00,1956,93552,1,153.7725,USD
2010-01-15 00:00:00,2010-01-21 00:00:00,1956,94044,1,153.7725,USD
2010-01-15 00:00:00,2010-01-21 00:00:00,1956,97124,2,307.545,GBP
2010-01-15 00:00:00,2010-01-21 00:00:00,1956,99701,3,461.3175,GBP
2010-01-15 00:00:00,2010-01-21 00:00:00,1957,38024,1,153.7725,GBP
2010-01-15 00:00:00,2010-01-21 00:00:00,1957,38472,1,153.7725,GBP
2010-01-15 00:00:00,2010-01-21 00:00:00,1957,89128,2,307.545,USD
2010-01-15 00:00:00,2010-01-21 00:00:00,1957,93552,1,153.7725,GBP
2010-01-15 00:00:00,2010-01-21 00:00:00,1957,95638,1,153.7725,GBP
2010-01-15 00:00:00,2010-01-21 00:00:00,1960,20736,1,97.0725,GBP
2010-01-15 00:00:00,2010-01-21 00:00:00,1960,21122,1,97.0725,GBP
2010-01-15 00:00:00,2010-01-21 00:00:00,1960,32244,1,97.0725,GBP
2010-01-15 00:00:00,2010-01-21 00:00:00,1960,34990,1,97.0725,GBP
2010-01-15 00:00:00,2010-01-21 00:00:00,1960,35125,1,97.0725,GBP
2010-01-15 00:00:00,2010-01-21 00:00:00,1960,37762,1,97.0725,GBP
2010-01-15 00:00:00,2010-01-21 00:00:00,1960,46158,1,94.4475,GBP
2010-01-15 00:00:00,2010-01-21 00:00:00,1960,47802,1,97.0725,GBP
2010-01-15 00:00:00,2010-01-21 00:00:00,1960,74070,1,97.0725,GBP
2010-01-15 00:00:00,2010-01-21 00:00:00,1960,77627,1,97.0725,GBP
2010-01-15 00:00:00,2010-01-21 00:00:00,1960,83323,1,97.0725,GBP
2010-01-15 00:00:00,2010-01-21 00:00:00,1960,92346,1,97.0725,GBP
2010-01-15 00:00:00,2010-01-21 00:00:00,1960,95694,1,97.0725,GBP
2010-01-15 00:00:00,2010-01-21 00:00:00,1961,21613,2,194.145,USD
2010-01-15 00:00:00,2010-01-21 00:00:00,1961,21702,1,97.0725,USD
2010-01-15 00:00:00,2010-01-21 00:00:00,1961,35907,1,97.0725,USD
2010-01-15 00:00:00,2010-01-21 00:00:00,1961,47802,1,97.0725,GBP
2010-01-15 00:00:00,2010-01-21 00:00:00,1961,70041,1,97.0725,GBP
2010-01-15 00:00:00,2010-01-21 00:00:00,1961,87015,1,97.0725,USD
2010-01-15 00:00:00,2010-01-21 00:00:00,1961,91354,1,97.0725,USD
2010-01-15 00:00:00,2010-01-21 00:00:00,1961,92692,1,97.0725,GBP
2010-01-15 00:00:00,2010-01-21 00:00:00,1968,29054,1,238.8225,USD
2010-01-15 00:00:00,2010-01-21 00:00:00,1968,92545,1,238.8225,USD
2010-01-15 00:00:00,2010-01-21 00:00:00,1968,96007,1,238.8225,USD
2010-01-15 00:00:00,2010-01-21 00:00:00,1969,46773,1,238.8225,USD
2010-01-15 00:00:00,2010-01-21 00:00:00,1969,89119,1,238.8225,USD
2010-01-15 00:00:00,2010-01-21 00:00:00,1974,20001,1,52.4475,USD
2010-01-15 00:00:00,2010-01-21 00:00:00,1974,21835,1,52.4475,USD
2010-01-15 00:00:00,2010-01-21 00:00:00,1974,33458,1,52.4475,GBP
2010-01-15 00:00:00,2010-01-21 00:00:00,1974,47167,1,52.4475,USD
2010-01-15 00:00:00,2010-01-21 00:00:00,1974,66733,1,52.4475,USD
2010-01-15 00:00:00,2010-01-21 00:00:00,1974,67835,1,52.4475,GBP
2010-01-15 00:00:00,2010-01-21 00:00:00,1974,75189,1,52.4475,USD
2010-01-15 00:00:00,2010-01-21 00:00:00,1974,77096,1,52.4475,USD
2010-01-15 00:00:00,2010-01-21 00:00:00,1974,77345,1,52.4475,GBP
2010-01-15 00:00:00,2010-01-21 00:00:00,1974,83401,1,52.4475,GBP
2010-01-15 00:00:00,2010-01-21 00:00:00,1974,91016,1,52.4475,USD
2010-01-15 00:00:00,2010-01-21 00:00:00,1974,91311,1,52.4475,USD
2010-01-15 00:00:00,2010-01-21 00:00:00,1974,92345,1,52.4475,USD
2010-01-15 00:00:00,2010-01-21 00:00:00,1974,94541,1,52.4475,USD
2010-01-15 00:00:00,2010-01-21 00:00:00,1974,95358,1,52.4475,USD
2010-01-15 00:00:00,2010-01-21 00:00:00,1974,97603,1,52.4475,USD
2010-01-15 00:00:00,2010-01-21 00:00:00,1975,02921,1,52.4475,GBP
2010-01-15 00:00:00,2010-01-21 00:00:00,1975,08757,1,52.4475,GBP
2010-01-15 00:00:00,2010-01-21 00:00:00,1975,20001,1,52.4475,USD
2010-01-15 00:00:00,2010-01-21 00:00:00,1975,47167,1,52.4475,GBP
2010-01-15 00:00:00,2010-01-21 00:00:00,1975,47167,1,52.4475,USD
2010-01-15 00:00:00,2010-01-21 00:00:00,1975,51039,1,52.4475,USD
2010-01-15 00:00:00,2010-01-21 00:00:00,1975,77345,1,52.4475,USD
2010-01-15 00:00:00,2010-01-21 00:00:00,1975,85710,1,52.4475,USD
2010-01-15 00:00:00,2010-01-21 00:00:00,1975,91016,1,52.4475,USD
2010-01-15 00:00:00,2010-01-21 00:00:00,1975,92310,1,52.4475,USD
2010-01-15 00:00:00,2010-01-21 00:00:00,1975,92509,2,104.895,GBP
2010-01-15 00:00:00,2010-01-21 00:00:00,1975,95358,1,52.4475,USD
2010-01-15 00:00:00,2010-01-21 00:00:00,1975,97404,1,52.4475,GBP
2010-01-15 00:00:00,2010-01-21 00:00:00,1978,39532,1,257.1975,GBP
2010-01-15 00:00:00,2010-01-21 00:00:00,1978,71115,1,254.5725,USD
2010-01-15 00:00:00,2010-01-21 00:00:00,1979,06385,1,254.5725,USD
2010-01-15 00:00:00,2010-01-21 00:00:00,1990,01453,1,257.1975,GBP
2010-01-15 00:00:00,2010-01-21 00:00:00,1990,02601,1,257.1975,USD
2010-01-15 00:00:00,2010-01-21 00:00:00,1990,02865,1,257.1975,USD
2010-01-15 00:00:00,2010-01-21 00:00:00,1990,06902,1,257.1975,GBP
2010-01-15 00:00:00,2010-01-21 00:00:00,1990,07732,4,1028.79,USD
2010-01-15 00:00:00,2010-01-21 00:00:00,1990,08050,2,514.395,USD
2010-01-15 00:00:00,2010-01-21 00:00:00,1990,20707,2,514.395,GBP
2010-01-15 00:00:00,2010-01-21 00:00:00,1990,21085,2,514.395,USD
2010-01-15 00:00:00,2010-01-21 00:00:00,1990,21225,1,257.1975,GBP
2010-01-15 00:00:00,2010-01-21 00:00:00,1990,21784,1,257.1975,USD
2010-01-15 00:00:00,2010-01-21 00:00:00,1990,29936,1,257.1975,USD
2010-01-15 00:00:00,2010-01-21 00:00:00,1990,32709,1,257.1975,USD
2010-01-15 00:00:00,2010-01-21 00:00:00,1990,33016,2,514.395,USD
2010-01-15 00:00:00,2010-01-21 00:00:00,1990,34653,1,257.1975,GBP
2010-01-15 00:00:00,2010-01-21 00:00:00,1990,46383,1,257.1975,USD
2010-01-15 00:00:00,2010-01-21 00:00:00,1990,47320,1,257.1975,GBP
2010-01-15 00:00:00,2010-01-21 00:00:00,1990,47918,1,514.395,GBP
2010-01-15 00:00:00,2010-01-21 00:00:00,1990,47918,1,514.395,USD
2010-01-15 00:00:00,2010-01-21 00:00:00,1990,52002,1,257.1975,USD
2010-01-15 00:00:00,2010-01-21 00:00:00,1990,52403,1,257.1975,USD
2010-01-15 00:00:00,2010-01-21 00:00:00,1990,53154,1,257.1975,USD
2010-01-15 00:00:00,2010-01-21 00:00:00,1990,54011,1,257.1975,USD
2010-01-15 00:00:00,2010-01-21 00:00:00,1990,54311,1,257.1975,USD
2010-01-15 00:00:00,2010-01-21 00:00:00,1990,66861,2,514.395,USD
2010-01-15 00:00:00,2010-01-21 00:00:00,1990,82716,1,257.1975,USD
2010-01-15 00:00:00,2010-01-21 00:00:00,1990,92008,1,257.1975,USD
2010-01-15 00:00:00,2010-01-21 00:00:00,1990,92647,1,257.1975,USD
2010-01-15 00:00:00,2010-01-21 00:00:00,1990,93117,1,257.1975,GBP
2010-01-15 00:00:00,2010-01-21 00:00:00,1990,95023,1,257.1975,USD
2010-01-15 00:00:00,2010-01-21 00:00:00,1990,99502,1,257.1975,GBP
2010-01-15 00:00:00,2010-01-21 00:00:00,2005,93065,1,299.1975,USD
2010-01-15 00:00:00,2010-01-21 00:00:00,2005,95014,1,299.1975,GBP
2010-01-15 00:00:00,2010-01-21 00:00:00,2012,53916,1,377.9475,GBP
2010-01-15 00:00:00,2010-01-21 00:00:00,2012,72113,1,377.9475,GBP
2010-01-15 00:00:00,2010-01-21 00:00:00,2012,89129,1,377.9475,GBP
2010-01-15 00:00:00,2010-01-21 00:00:00,2012,91320,1,377.9475,GBP
2010-01-15 00:00:00,2010-01-21 00:00:00,2032,33015,1,223.0725,USD
2010-01-15 00:00:00,2010-01-21 00:00:00,2032,37379,1,220.4475,GBP
2010-01-15 00:00:00,2010-01-21 00:00:00,2032,85051,1,223.0725,USD
2010-01-15 00:00:00,2010-01-21 00:00:00,2032,89103,1,220.4475,USD
2010-01-15 00:00:00,2010-01-21 00:00:00,2032,91325,1,223.0725,USD
2010-01-15 00:00:00,2010-01-21 00:00:00,2032,91901,1,220.4475,GBP
2010-01-15 00:00:00,2010-01-21 00:00:00,2045,32738,1,409.4475,GBP
2010-01-15 00:00:00,2010-01-21 00:00:00,2045,38606,1,409.4475,GBP
2010-01-15 00:00:00,2010-01-21 00:00:00,2045,39534,1,409.4475,USD
2010-01-15 00:00:00,2010-01-21 00:00:00,2045,70815,1,409.4475,GBP
2010-01-15 00:00:00,2010-01-21 00:00:00,2045,72204,1,409.4475,GBP
2010-01-15 00:00:00,2010-01-21 00:00:00,2045,94549,1,409.4475,USD
2010-01-15 00:00:00,2010-01-21 00:00:00,2047,29730,1,377.9475,GBP
2010-01-15 00:00:00,2010-01-21 00:00:00,2047,33015,1,377.9475,USD
2010-01-15 00:00:00,2010-01-21 00:00:00,2047,37013,1,377.9475,GBP
2010-01-15 00:00:00,2010-01-21 00:00:00,2050,64804,1,498.6975,USD
2010-01-15 00:00:00,2010-01-21 00:00:00,2056,34705,1,325.4475,GBP
2010-01-15 00:00:00,2010-01-21 00:00:00,2056,37660,1,320.1975,GBP
2010-01-15 00:00:00,2010-01-21 00:00:00,2056,64086,1,325.4475,USD
2010-01-15 00:00:00,2010-01-21 00:00:00,2056,66762,1,325.4475,GBP
2010-01-15 00:00:00,2010-01-21 00:00:00,2056,72762,1,325.4475,GBP
2010-01-15 00:00:00,2010-01-21 00:00:00,2056,75751,1,325.4475,USD
2010-01-15 00:00:00,2010-01-21 00:00:00,2056,83202,1,325.4475,USD
2010-01-15 00:00:00,2010-01-21 00:00:00,2056,92324,1,325.4475,USD
2010-01-15 00:00:00,2010-01-21 00:00:00,2056,92405,1,325.4475,GBP
2010-01-15 00:00:00,2010-01-21 00:00:00,2056,92804,1,325.4475,USD
2010-01-15 00:00:00,2010-01-21 00:00:00,2057,90803,1,472.4475,USD
2010-01-15 00:00:00,2010-01-21 00:00:00,2057,94605,1,472.4475,GBP
2010-01-15 00:00:00,2010-01-21 00:00:00,2064,19809,2,976.395,GBP
2010-01-15 00:00:00,2010-01-21 00:00:00,2064,29730,1,488.1975,USD
2010-01-15 00:00:00,2010-01-21 00:00:00,2064,33709,1,488.1975,GBP
2010-01-15 00:00:00,2010-01-21 00:00:00,2064,65622,1,488.1975,USD
2010-01-15 00:00:00,2010-01-21 00:00:00,2064,85051,1,488.1975,USD
2010-01-15 00:00:00,2010-01-21 00:00:00,2064,91016,1,488.1975,USD
2010-01-15 00:00:00,2010-01-21 00:00:00,2064,92604,1,488.1975,GBP
2010-01-15 00:00:00,2010-01-21 00:00:00,2070,33139,1,519.6975,GBP
2010-01-15 00:00:00,2010-01-21 00:00:00,2070,35620,1,519.6975,USD
2010-01-15 00:00:00,2010-01-21 00:00:00,2070,37013,1,519.6975,USD
2010-01-15 00:00:00,2010-01-21 00:00:00,2070,70563,1,519.6975,GBP
2010-01-15 00:00:00,2010-01-21 00:00:00,2070,79118,1,519.6975,USD
2010-01-15 00:00:00,2010-01-21 00:00:00,2070,85303,1,519.6975,GBP
2010-01-15 00:00:00,2010-01-21 00:00:00,2070,85750,1,519.6975,GBP
2010-01-15 00:00:00,2010-01-21 00:00:00,2070,91744,1,519.6975,GBP
2010-01-15 00:00:00,2010-01-21 00:00:00,2074,32804,1,328.0725,GBP
2010-01-15 00:00:00,2010-01-21 00:00:00,2074,33594,1,328.0725,GBP
2010-01-15 00:00:00,2010-01-21 00:00:00,2074,34957,1,328.0725,USD
2010-01-15 00:00:00,2010-01-21 00:00:00,2074,72904,1,328.0725,GBP
2010-01-15 00:00:00,2010-01-21 00:00:00,2074,74701,1,328.0725,GBP
2010-01-15 00:00:00,2010-01-21 00:00:00,2074,77447,1,328.0725,USD
2010-01-15 00:00:00,2010-01-21 00:00:00,2074,90250,1,328.0725,GBP
2010-01-15 00:00:00,2010-01-21 00:00:00,2074,92831,1,328.0725,GBP
2010-01-15 00:00:00,2010-01-21 00:00:00,2074,97439,1,328.0725,USD
2010-01-15 00:00:00,2010-01-21 00:00:00,2081,32763,1,220.4475,GBP
2010-01-15 00:00:00,2010-01-21 00:00:00,2083,02537,1,309.6975,GBP
2010-01-15 00:00:00,2010-01-21 00:00:00,2083,02723,1,309.6975,USD
2010-01-15 00:00:00,2010-01-21 00:00:00,2083,33418,1,309.6975,GBP
2010-01-15 00:00:00,2010-01-21 00:00:00,2083,33810,1,309.6975,GBP
2010-01-15 00:00:00,2010-01-21 00:00:00,2083,85234,1,309.6975,USD
2010-01-15 00:00:00,2010-01-21 00:00:00,2083,92056,1,309.6975,GBP
2010-01-15 00:00:00,2010-01-21 00:00:00,2091,32583,1,152.1975,GBP
2010-01-15 00:00:00,2010-01-21 00:00:00,2091,72118,1,152.1975,GBP
2010-01-15 00:00:00,2010-01-21 00:00:00,2091,73115,1,152.1975,GBP
2010-01-15 00:00:00,2010-01-21 00:00:00,2091,73179,1,152.1975,GBP
2010-01-15 00:00:00,2010-01-21 00:00:00,2091,75227,1,152.1975,GBP
2010-01-15 00:00:00,2010-01-21 00:00:00,2091,90035,1,152.1975,GBP
2010-01-15 00:00:00,2010-01-21 00:00:00,2094,33624,1,433.0725,USD
2010-01-15 00:00:00,2010-01-21 00:00:00,2094,77627,1,433.0725,USD
2010-01-15 00:00:00,2010-01-21 00:00:00,2094,78256,1,433.0725,GBP
2010-01-15 00:00:00,2010-01-21 00:00:00,2094,92064,1,433.0725,USD
2010-01-15 00:00:00,2010-01-21 00:00:00,2094,92124,1,433.0725,GBP
2010-01-15 00:00:00,2010-01-21 00:00:00,2094,92139,1,433.0725,GBP
2010-01-15 00:00:00,2010-01-21 00:00:00,2111,47714,1,566.7375,GBP
2010-01-15 00:00:00,2010-01-21 00:00:00,2113,97303,1,472.2375,USD
2010-01-15 00:00:00,2010-01-21 00:00:00,2121,92111,1,619.2375,USD
2010-01-15 00:00:00,2010-01-21 00:00:00,2128,33629,1,398.7375,GBP
2010-01-15 00:00:00,2010-01-21 00:00:00,2130,32514,1,472.2375,GBP
2010-01-15 00:00:00,2010-01-21 00:00:00,2130,33301,1,472.2375,USD
2010-01-15 00:00:00,2010-01-21 00:00:00,2139,94070,1,456.6975,GBP
2010-01-15 00:00:00,2010-01-21 00:00:00,2167,37083,1,577.2375,USD
2010-01-15 00:00:00,2010-01-21 00:00:00,2175,77066,1,472.2375,GBP
2010-01-15 00:00:00,2010-01-21 00:00:00,2175,90250,1,472.2375,GBP
2010-01-15 00:00:00,2010-01-21 00:00:00,2188,37027,1,233.5725,USD
2010-01-15 00:00:00,2010-01-21 00:00:00,2188,83328,1,233.5725,GBP
2010-01-15 00:00:00,2010-01-21 00:00:00,2188,97814,1,233.5725,GBP
2010-01-15 00:00:00,2010-01-21 00:00:00,2199,37722,1,178.4475,USD
2010-01-15 00:00:00,2010-01-21 00:00:00,2199,67460,1,178.4475,USD
2010-01-15 00:00:00,2010-01-21 00:00:00,2199,84537,1,178.4475,USD
2010-01-15 00:00:00,2010-01-21 00:00:00,2199,94506,1,178.4475,USD
2010-01-15 00:00:00,2010-01-21 00:00:00,2199,95472,2,356.895,USD
2010-01-15 00:00:00,2010-01-21 00:00:00,2210,21114,2,215.145,USD
2010-01-15 00:00:00,2010-01-21 00:00:00,2210,32952,1,107.5725,USD
2010-01-15 00:00:00,2010-01-21 00:00:00,2210,33073,1,107.5725,GBP
2010-01-15 00:00:00,2010-01-21 00:00:00,2210,34745,1,107.5725,USD
2010-01-15 00:00:00,2010-01-21 00:00:00,2210,35215,1,107.5725,GBP
2010-01-15 00:00:00,2010-01-21 00:00:00,2210,36921,1,107.5725,GBP
2010-01-15 00:00:00,2010-01-21 00:00:00,2210,39443,1,107.5725,GBP
2010-01-15 00:00:00,2010-01-21 00:00:00,2210,73018,1,104.9475,USD
2010-01-15 00:00:00,2010-01-21 00:00:00,2210,73093,1,107.5725,GBP
2010-01-15 00:00:00,2010-01-21 00:00:00,2210,74033,1,107.5725,GBP
2010-01-15 00:00:00,2010-01-21 00:00:00,2210,77064,1,107.5725,GBP
2010-01-15 00:00:00,2010-01-21 00:00:00,2210,78728,1,107.5725,USD
2010-01-15 00:00:00,2010-01-21 00:00:00,2210,85255,3,322.7175,USD
2010-01-15 00:00:00,2010-01-21 00:00:00,2210,85282,2,215.145,USD
2010-01-15 00:00:00,2010-01-21 00:00:00,2210,95494,1,107.5725,USD
2010-01-15 00:00:00,2010-01-21 00:00:00,2211,21756,1,107.5725,USD
2010-01-15 00:00:00,2010-01-21 00:00:00,2211,38464,1,107.5725,GBP
2010-01-15 00:00:00,2010-01-21 00:00:00,2211,47433,1,107.5725,GBP
2010-01-15 00:00:00,2010-01-21 00:00:00,2211,63124,1,107.5725,GBP
2010-01-15 00:00:00,2010-01-21 00:00:00,2211,77354,1,107.5725,USD
2010-01-15 00:00:00,2010-01-21 00:00:00,2211,77505,1,107.5725,USD
2010-01-15 00:00:00,2010-01-21 00:00:00,2211,84720,1,107.5725,USD
2010-01-15 00:00:00,2010-01-21 00:00:00,2234,01005,1,65.5725,GBP
2010-01-15 00:00:00,2010-01-21 00:00:00,2234,01077,1,65.5725,GBP
2010-01-15 00:00:00,2010-01-21 00:00:00,2234,01604,1,65.5725,USD
2010-01-15 00:00:00,2010-01-21 00:00:00,2234,08012,2,131.145,USD
2010-01-15 00:00:00,2010-01-21 00:00:00,2234,08027,1,65.5725,USD
2010-01-15 00:00:00,2010-01-21 00:00:00,2234,08054,2,131.145,GBP
2010-01-15 00:00:00,2010-01-21 00:00:00,2234,20764,1,65.5725,USD
2010-01-15 00:00:00,2010-01-21 00:00:00,2234,20904,1,65.5725,USD
2010-01-15 00:00:00,2010-01-21 00:00:00,2234,21009,1,65.5725,USD
2010-01-15 00:00:00,2010-01-21 00:00:00,2234,25121,1,65.5725,USD
2010-01-15 00:00:00,2010-01-21 00:00:00,2234,29644,2,131.145,USD
2010-01-15 00:00:00,2010-01-21 00:00:00,2234,32008,1,65.5725,USD
2010-01-15 00:00:00,2010-01-21 00:00:00,2234,32124,2,131.145,GBP
2010-01-15 00:00:00,2010-01-21 00:00:00,2234,32927,1,65.5725,USD
2010-01-15 00:00:00,2010-01-21 00:00:00,2234,32955,1,65.5725,USD
2010-01-15 00:00:00,2010-01-21 00:00:00,2234,33054,1,65.5725,GBP
2010-01-15 00:00:00,2010-01-21 00:00:00,2234,33860,2,131.145,USD
2010-01-15 00:00:00,2010-01-21 00:00:00,2234,34286,1,65.5725,GBP
2010-01-15 00:00:00,2010-01-21 00:00:00,2234,34471,1,65.5725,GBP
2010-01-15 00:00:00,2010-01-21 00:00:00,2234,34683,1,65.5725,GBP
2010-01-15 00:00:00,2010-01-21 00:00:00,2234,37211,1,65.5725,USD
2010-01-15 00:00:00,2010-01-21 00:00:00,2234,38821,1,65.5725,USD
2010-01-15 00:00:00,2010-01-21 00:00:00,2234,39363,1,65.5725,USD
2010-01-15 00:00:00,2010-01-21 00:00:00,2234,39455,1,65.5725,USD
2010-01-15 00:00:00,2010-01-21 00:00:00,2234,39701,1,65.5725,USD
2010-01-15 00:00:00,2010-01-21 00:00:00,2234,41557,1,65.5725,USD
2010-01-15 00:00:00,2010-01-21 00:00:00,2234,52722,1,65.5725,USD
2010-01-15 00:00:00,2010-01-21 00:00:00,2234,55033,1,65.5725,GBP
2010-01-15 00:00:00,2010-01-21 00:00:00,2234,55341,1,65.5725,USD
2010-01-15 00:00:00,2010-01-21 00:00:00,2234,55379,1,65.5725,USD
2010-01-15 00:00:00,2010-01-21 00:00:00,2234,65459,1,65.5725,GBP
2010-01-15 00:00:00,2010-01-21 00:00:00,2234,66085,1,65.5725,GBP
2010-01-15 00:00:00,2010-01-21 00:00:00,2234,70518,1,65.5725,USD
2010-01-15 00:00:00,2010-01-21 00:00:00,2234,70774,1,65.5725,USD
2010-01-15 00:00:00,2010-01-21 00:00:00,2234,71291,1,65.5725,GBP
2010-01-15 00:00:00,2010-01-21 00:00:00,2234,71726,1,65.5725,USD
2010-01-15 00:00:00,2010-01-21 00:00:00,2234,73093,1,65.5725,GBP
2010-01-15 00:00:00,2010-01-21 00:00:00,2234,74501,1,65.5725,USD
2010-01-15 00:00:00,2010-01-21 00:00:00,2234,74701,1,65.5725,USD
2010-01-15 00:00:00,2010-01-21 00:00:00,2234,75236,1,65.5725,GBP
2010-01-15 00:00:00,2010-01-21 00:00:00,2234,76051,1,65.5725,GBP
2010-01-15 00:00:00,2010-01-21 00:00:00,2234,76522,1,65.5725,GBP
2010-01-15 00:00:00,2010-01-21 00:00:00,2234,77068,1,65.5725,USD
2010-01-15 00:00:00,2010-01-21 00:00:00,2234,77345,1,65.5725,USD
2010-01-15 00:00:00,2010-01-21 00:00:00,2234,77571,1,65.5725,USD
2010-01-15 00:00:00,2010-01-21 00:00:00,2234,77713,1,65.5725,USD
2010-01-15 00:00:00,2010-01-21 00:00:00,2234,78501,1,65.5725,GBP
2010-01-15 00:00:00,2010-01-21 00:00:00,2234,79762,1,65.5725,GBP
2010-01-15 00:00:00,2010-01-21 00:00:00,2234,83316,1,65.5725,GBP
2010-01-15 00:00:00,2010-01-21 00:00:00,2234,84004,1,65.5725,USD
2010-01-15 00:00:00,2010-01-21 00:00:00,2234,85028,1,65.5725,USD
2010-01-15 00:00:00,2010-01-21 00:00:00,2234,86302,1,65.5725,GBP
2010-01-15 00:00:00,2010-01-21 00:00:00,2234,88310,1,65.5725,USD
2010-01-15 00:00:00,2010-01-21 00:00:00,2234,91761,1,65.5725,GBP
2010-01-15 00:00:00,2010-01-21 00:00:00,2234,92065,1,65.5725,GBP
2010-01-15 00:00:00,2010-01-21 00:00:00,2234,92110,1,65.5725,USD
2010-01-15 00:00:00,2010-01-21 00:00:00,2234,92590,1,65.5725,USD
2010-01-15 00:00:00,2010-01-21 00:00:00,2234,93551,1,65.5725,USD
2010-01-15 00:00:00,2010-01-21 00:00:00,2234,94566,1,65.5725,USD
2010-01-15 00:00:00,2010-01-21 00:00:00,2234,95035,1,65.5725,USD
2010-01-15 00:00:00,2010-01-21 00:00:00,2234,96007,1,65.5725,USD
2010-01-15 00:00:00,2010-01-21 00:00:00,2234,97305,1,65.5725,USD
2010-01-15 00:00:00,2010-01-21 00:00:00,2235,01077,1,65.5725,GBP
2010-01-15 00:00:00,2010-01-21 00:00:00,2235,06420,1,65.5725,USD
2010-01-15 00:00:00,2010-01-21 00:00:00,2235,08027,1,65.5725,USD
2010-01-15 00:00:00,2010-01-21 00:00:00,2235,25025,1,65.5725,GBP
2010-01-15 00:00:00,2010-01-21 00:00:00,2235,25570,1,65.5725,USD
2010-01-15 00:00:00,2010-01-21 00:00:00,2235,29385,1,65.5725,GBP
2010-01-15 00:00:00,2010-01-21 00:00:00,2235,29671,1,65.5725,USD
2010-01-15 00:00:00,2010-01-21 00:00:00,2235,29687,2,131.145,GBP
2010-01-15 00:00:00,2010-01-21 00:00:00,2235,32038,1,65.5725,USD
2010-01-15 00:00:00,2010-01-21 00:00:00,2235,32653,1,65.5725,USD
2010-01-15 00:00:00,2010-01-21 00:00:00,2235,32686,1,65.5725,GBP
2010-01-15 00:00:00,2010-01-21 00:00:00,2235,32763,1,65.5725,USD
2010-01-15 00:00:00,2010-01-21 00:00:00,2235,33031,1,65.5725,GBP
2010-01-15 00:00:00,2010-01-21 00:00:00,2235,34602,1,65.5725,GBP
2010-01-15 00:00:00,2010-01-21 00:00:00,2235,34786,1,65.5725,GBP
2010-01-15 00:00:00,2010-01-21 00:00:00,2235,35592,1,65.5725,GBP
2010-01-15 00:00:00,2010-01-21 00:00:00,2235,37308,1,65.5725,GBP
2010-01-15 00:00:00,2010-01-21 00:00:00,2235,38821,1,65.5725,GBP
2010-01-15 00:00:00,2010-01-21 00:00:00,2235,39213,1,65.5725,GBP
2010-01-15 00:00:00,2010-01-21 00:00:00,2235,40065,1,65.5725,GBP
2010-01-15 00:00:00,2010-01-21 00:00:00,2235,40216,1,65.5725,GBP
2010-01-15 00:00:00,2010-01-21 00:00:00,2235,51560,1,65.5725,USD
2010-01-15 00:00:00,2010-01-21 00:00:00,2235,52101,1,65.5725,GBP
2010-01-15 00:00:00,2010-01-21 00:00:00,2235,63901,1,65.5725,USD
2010-01-15 00:00:00,2010-01-21 00:00:00,2235,66218,1,65.5725,GBP
2010-01-15 00:00:00,2010-01-21 00:00:00,2235,70454,1,65.5725,USD
2010-01-15 00:00:00,2010-01-21 00:00:00,2235,72351,1,65.5725,GBP
2010-01-15 00:00:00,2010-01-21 00:00:00,2235,73029,1,65.5725,GBP
2010-01-15 00:00:00,2010-01-21 00:00:00,2235,76522,1,65.5725,GBP
2010-01-15 00:00:00,2010-01-21 00:00:00,2235,77379,1,65.5725,GBP
2010-01-15 00:00:00,2010-01-21 00:00:00,2235,77571,1,65.5725,GBP
2010-01-15 00:00:00,2010-01-21 00:00:00,2235,79762,1,65.5725,USD
2010-01-15 00:00:00,2010-01-21 00:00:00,2235,83617,1,65.5725,USD
2010-01-15 00:00:00,2010-01-21 00:00:00,2235,85282,1,65.5725,GBP
2010-01-15 00:00:00,2010-01-21 00:00:00,2235,85735,1,65.5725,GBP
2010-01-15 00:00:00,2010-01-21 00:00:00,2235,86403,1,65.5725,GBP
2010-01-15 00:00:00,2010-01-21 00:00:00,2235,91321,1,65.5725,GBP
2010-01-15 00:00:00,2010-01-21 00:00:00,2235,91350,2,131.145,GBP
2010-01-15 00:00:00,2010-01-21 00:00:00,2235,91761,1,65.5725,USD
2010-01-15 00:00:00,2010-01-21 00:00:00,2235,92019,1,65.5725,USD
2010-01-15 00:00:00,2010-01-21 00:00:00,2235,92392,1,65.5725,USD
2010-01-15 00:00:00,2010-01-21 00:00:00,2235,92503,2,131.145,GBP
2010-01-15 00:00:00,2010-01-21 00:00:00,2235,92563,1,65.5725,USD
2010-01-15 00:00:00,2010-01-21 00:00:00,2235,92821,1,65.5725,USD
2010-01-15 00:00:00,2010-01-21 00:00:00,2235,93021,1,65.5725,GBP
2010-01-15 00:00:00,2010-01-21 00:00:00,2235,93285,1,65.5725,GBP
2010-01-15 00:00:00,2010-01-21 00:00:00,2235,94566,1,65.5725,GBP
2010-01-15 00:00:00,2010-01-21 00:00:00,2235,95122,2,131.145,GBP
2010-01-15 00:00:00,2010-01-21 00:00:00,2235,95949,1,65.5725,GBP
2010-01-15 00:00:00,2010-01-21 00:00:00,2246,73084,1,131.1975,GBP
2010-01-15 00:00:00,2010-01-21 00:00:00,2246,76109,1,131.1975,USD
2010-01-15 00:00:00,2010-01-21 00:00:00,2246,85260,1,131.1975,GBP
2010-01-15 00:00:00,2010-01-21 00:00:00,2254,06484,1,57.6975,GBP
2010-01-15 00:00:00,2010-01-21 00:00:00,2254,07039,2,115.395,GBP
2010-01-15 00:00:00,2010-01-21 00:00:00,2254,08724,2,115.395,GBP
2010-01-15 00:00:00,2010-01-21 00:00:00,2254,08890,1,57.6975,GBP
2010-01-15 00:00:00,2010-01-21 00:00:00,2254,29661,1,57.6975,GBP
2010-01-15 00:00:00,2010-01-21 00:00:00,2254,32063,1,57.6975,USD
2010-01-15 00:00:00,2010-01-21 00:00:00,2254,36034,1,57.6975,USD
2010-01-15 00:00:00,2010-01-21 00:00:00,2254,36108,1,70.8225,GBP
2010-01-15 00:00:00,2010-01-21 00:00:00,2254,39452,1,57.6975,GBP
2010-01-15 00:00:00,2010-01-21 00:00:00,2254,41051,1,57.6975,USD
2010-01-15 00:00:00,2010-01-21 00:00:00,2254,41501,1,57.6975,GBP
2010-01-15 00:00:00,2010-01-21 00:00:00,2254,46241,1,57.6975,GBP
2010-01-15 00:00:00,2010-01-21 00:00:00,2254,50158,1,57.6975,USD
2010-01-15 00:00:00,2010-01-21 00:00:00,2254,50248,1,57.6975,USD
2010-01-15 00:00:00,2010-01-21 00:00:00,2254,52172,1,57.6975,GBP
2010-01-15 00:00:00,2010-01-21 00:00:00,2254,55021,1,57.6975,GBP
2010-01-15 00:00:00,2010-01-21 00:00:00,2254,63640,1,57.6975,USD
2010-01-15 00:00:00,2010-01-21 00:00:00,2254,70360,1,57.6975,GBP
2010-01-15 00:00:00,2010-01-21 00:00:00,2254,70404,1,57.6975,USD
2010-01-15 00:00:00,2010-01-21 00:00:00,2254,70512,1,57.6975,GBP
2010-01-15 00:00:00,2010-01-21 00:00:00,2254,71106,1,57.6975,USD
2010-01-15 00:00:00,2010-01-21 00:00:00,2254,75146,1,57.6975,USD
2010-01-15 00:00:00,2010-01-21 00:00:00,2254,75181,1,57.6975,GBP
2010-01-15 00:00:00,2010-01-21 00:00:00,2254,75605,1,57.6975,GBP
2010-01-15 00:00:00,2010-01-21 00:00:00,2254,76012,1,57.6975,GBP
2010-01-15 00:00:00,2010-01-21 00:00:00,2254,77346,1,57.6975,GBP
2010-01-15 00:00:00,2010-01-21 00:00:00,2254,83544,1,70.8225,GBP
2010-01-15 00:00:00,2010-01-21 00:00:00,2254,83856,1,57.6975,USD
2010-01-15 00:00:00,2010-01-21 00:00:00,2254,86403,1,57.6975,USD
2010-01-15 00:00:00,2010-01-21 00:00:00,2254,90731,1,57.6975,USD
2010-01-15 00:00:00,2010-01-21 00:00:00,2254,91355,1,57.6975,USD
2010-01-15 00:00:00,2010-01-21 00:00:00,2254,92154,1,57.6975,USD
2010-01-15 00:00:00,2010-01-21 00:00:00,2254,92503,2,115.395,GBP
2010-01-15 00:00:00,2010-01-21 00:00:00,2254,92692,1,57.6975,GBP
2010-01-15 00:00:00,2010-01-21 00:00:00,2254,95035,1,57.6975,GBP
2010-01-15 00:00:00,2010-01-21 00:00:00,2254,95301,3,173.0925,USD
2010-01-15 00:00:00,2010-01-21 00:00:00,2254,95388,1,57.6975,GBP
2010-01-15 00:00:00,2010-01-21 00:00:00,2254,95924,2,115.395,GBP
2010-01-15 00:00:00,2010-01-21 00:00:00,2254,97068,1,57.6975,GBP
2010-01-15 00:00:00,2010-01-21 00:00:00,2254,97415,1,57.6975,USD
2010-01-15 00:00:00,2010-01-21 00:00:00,2254,99504,1,57.6975,USD
2010-01-15 00:00:00,2010-01-21 00:00:00,2255,07039,2,115.395,GBP
2010-01-15 00:00:00,2010-01-21 00:00:00,2255,08865,1,57.6975,GBP
2010-01-15 00:00:00,2010-01-21 00:00:00,2255,20871,1,57.6975,GBP
2010-01-15 00:00:00,2010-01-21 00:00:00,2255,21060,1,57.6975,GBP
2010-01-15 00:00:00,2010-01-21 00:00:00,2255,21229,3,173.0925,GBP
2010-01-15 00:00:00,2010-01-21 00:00:00,2255,21784,1,57.6975,USD
2010-01-15 00:00:00,2010-01-21 00:00:00,2255,29115,1,57.6975,GBP
2010-01-15 00:00:00,2010-01-21 00:00:00,2255,29123,1,57.6975,USD
2010-01-15 00:00:00,2010-01-21 00:00:00,2255,29817,1,57.6975,USD
2010-01-15 00:00:00,2010-01-21 00:00:00,2255,32503,1,57.6975,GBP
2010-01-15 00:00:00,2010-01-21 00:00:00,2255,32653,1,57.6975,GBP
2010-01-15 00:00:00,2010-01-21 00:00:00,2255,32724,1,57.6975,USD
2010-01-15 00:00:00,2010-01-21 00:00:00,2255,34653,1,57.6975,USD
2010-01-15 00:00:00,2010-01-21 00:00:00,2255,35673,1,57.6975,GBP
2010-01-15 00:00:00,2010-01-21 00:00:00,2255,37042,1,57.6975,GBP
2010-01-15 00:00:00,2010-01-21 00:00:00,2255,39564,1,57.6975,GBP
2010-01-15 00:00:00,2010-01-21 00:00:00,2255,41502,1,57.6975,GBP
2010-01-15 00:00:00,2010-01-21 00:00:00,2255,46151,1,57.6975,GBP
2010-01-15 00:00:00,2010-01-21 00:00:00,2255,46256,1,57.6975,GBP
2010-01-15 00:00:00,2010-01-21 00:00:00,2255,54915,1,57.6975,GBP
2010-01-15 00:00:00,2010-01-21 00:00:00,2255,64504,1,70.8225,GBP
2010-01-15 00:00:00,2010-01-21 00:00:00,2255,70360,1,57.6975,USD
2010-01-15 00:00:00,2010-01-21 00:00:00,2255,73055,1,68.1975,GBP
2010-01-15 00:00:00,2010-01-21 00:00:00,2255,73160,1,57.6975,GBP
2010-01-15 00:00:00,2010-01-21 00:00:00,2255,74857,1,57.6975,USD
2010-01-15 00:00:00,2010-01-21 00:00:00,2255,85028,1,57.6975,GBP
2010-01-15 00:00:00,2010-01-21 00:00:00,2255,90023,1,57.6975,USD
2010-01-15 00:00:00,2010-01-21 00:00:00,2255,90504,1,57.6975,GBP
2010-01-15 00:00:00,2010-01-21 00:00:00,2255,91345,1,57.6975,GBP
2010-01-15 00:00:00,2010-01-21 00:00:00,2255,91768,1,57.6975,GBP
2010-01-15 00:00:00,2010-01-21 00:00:00,2255,92069,1,57.6975,USD
2010-01-15 00:00:00,2010-01-21 00:00:00,2255,92154,1,57.6975,USD
2010-01-15 00:00:00,2010-01-21 00:00:00,2255,92866,1,57.6975,USD
2010-01-15 00:00:00,2010-01-21 00:00:00,2255,93210,1,57.6975,USD
2010-01-15 00:00:00,2010-01-21 00:00:00,2255,95485,1,57.6975,USD
2010-01-15 00:00:00,2010-01-21 00:00:00,2255,95924,2,115.395,GBP
2010-01-15 00:00:00,2010-01-21 00:00:00,2268,83406,1,309.6975,USD
2010-01-15 00:00:00,2010-01-21 00:00:00,2268,92308,1,309.6975,USD
2010-01-15 00:00:00,2010-01-21 00:00:00,2277,02864,1,251.9475,GBP
2010-01-15 00:00:00,2010-01-21 00:00:00,2277,05738,1,251.9475,GBP
2010-01-15 00:00:00,2010-01-21 00:00:00,2277,08332,2,503.895,GBP
2010-01-15 00:00:00,2010-01-21 00:00:00,2277,21401,1,251.9475,GBP
2010-01-15 00:00:00,2010-01-21 00:00:00,2277,29841,1,251.9475,GBP
2010-01-15 00:00:00,2010-01-21 00:00:00,2277,33162,1,251.9475,USD
2010-01-15 00:00:00,2010-01-21 00:00:00,2277,33462,1,251.9475,GBP
2010-01-15 00:00:00,2010-01-21 00:00:00,2277,34479,1,251.9475,GBP
2010-01-15 00:00:00,2010-01-21 00:00:00,2277,34759,1,249.3225,GBP
2010-01-15 00:00:00,2010-01-21 00:00:00,2277,36024,1,251.9475,GBP
2010-01-15 00:00:00,2010-01-21 00:00:00,2277,37308,1,251.9475,GBP
2010-01-15 00:00:00,2010-01-21 00:00:00,2277,55956,1,251.9475,GBP
2010-01-15 00:00:00,2010-01-21 00:00:00,2277,65345,1,251.9475,USD
2010-01-15 00:00:00,2010-01-21 00:00:00,2277,72758,1,251.9475,GBP
2010-01-15 00:00:00,2010-01-21 00:00:00,2277,73538,1,251.9475,GBP
2010-01-15 00:00:00,2010-01-21 00:00:00,2277,75087,2,503.895,USD
2010-01-15 00:00:00,2010-01-21 00:00:00,2277,75088,1,251.9475,GBP
2010-01-15 00:00:00,2010-01-21 00:00:00,2277,75253,1,251.9475,USD
2010-01-15 00:00:00,2010-01-21 00:00:00,2277,75662,1,251.9475,USD
2010-01-15 00:00:00,2010-01-21 00:00:00,2277,77092,1,251.9475,GBP
2010-01-15 00:00:00,2010-01-21 00:00:00,2277,85331,1,251.9475,GBP
2010-01-15 00:00:00,2010-01-21 00:00:00,2277,85735,1,251.9475,GBP
2010-01-15 00:00:00,2010-01-21 00:00:00,2277,87420,1,251.9475,GBP
2010-01-15 00:00:00,2010-01-21 00:00:00,2277,89431,2,503.895,GBP
2010-01-15 00:00:00,2010-01-21 00:00:00,2277,92069,1,251.9475,GBP
2010-01-15 00:00:00,2010-01-21 00:00:00,2277,92223,1,251.9475,GBP
2010-01-15 00:00:00,2010-01-21 00:00:00,2277,92865,2,503.895,USD
2010-01-15 00:00:00,2010-01-21 00:00:00,2277,94070,1,251.9475,GBP
2010-01-15 00:00:00,2010-01-21 00:00:00,2277,94303,1,251.9475,GBP
2010-01-15 00:00:00,2010-01-21 00:00:00,2277,94533,1,251.9475,USD
2010-01-15 00:00:00,2010-01-21 00:00:00,2277,95223,1,251.9475,USD
2010-01-15 00:00:00,2010-01-21 00:00:00,2277,97112,1,251.9475,USD
2010-01-15 00:00:00,2010-01-21 00:00:00,2277,97303,1,251.9475,USD
2010-01-15 00:00:00,2010-01-21 00:00:00,2279,32805,1,165.3225,USD
2010-01-15 00:00:00,2010-01-21 00:00:00,2279,32927,1,165.3225,USD
2010-01-15 00:00:00,2010-01-21 00:00:00,2279,33401,1,165.3225,USD
2010-01-15 00:00:00,2010-01-21 00:00:00,2279,39459,1,165.3225,USD
2010-01-15 00:00:00,2010-01-21 00:00:00,2279,41522,1,165.3225,USD
2010-01-15 00:00:00,2010-01-21 00:00:00,2279,70056,1,165.3225,USD
2010-01-15 00:00:00,2010-01-21 00:00:00,2279,75180,1,165.3225,GBP
2010-01-15 00:00:00,2010-01-21 00:00:00,2279,76126,1,165.3225,GBP
2010-01-15 00:00:00,2010-01-21 00:00:00,2279,77375,1,165.3225,GBP
2010-01-15 00:00:00,2010-01-21 00:00:00,2279,79927,1,165.3225,GBP
2010-01-15 00:00:00,2010-01-21 00:00:00,2279,83406,1,149.5725,USD
2010-01-15 00:00:00,2010-01-21 00:00:00,2279,85027,1,165.3225,USD
2010-01-15 00:00:00,2010-01-21 00:00:00,2279,87059,1,165.3225,GBP
2010-01-15 00:00:00,2010-01-21 00:00:00,2279,88011,1,165.3225,USD
2010-01-15 00:00:00,2010-01-21 00:00:00,2279,90265,1,165.3225,GBP
2010-01-15 00:00:00,2010-01-21 00:00:00,2279,91710,1,165.3225,GBP
2010-01-15 00:00:00,2010-01-21 00:00:00,2279,92019,1,165.3225,USD
2010-01-15 00:00:00,2010-01-21 00:00:00,2279,92056,1,165.3225,GBP
2010-01-15 00:00:00,2010-01-21 00:00:00,2279,92624,1,165.3225,USD
2010-01-15 00:00:00,2010-01-21 00:00:00,2279,92653,1,165.3225,GBP
2010-01-15 00:00:00,2010-01-21 00:00:00,2279,92821,1,165.3225,USD
2010-01-15 00:00:00,2010-01-21 00:00:00,2279,93543,1,165.3225,USD
2010-01-15 00:00:00,2010-01-21 00:00:00,2282,06770,1,304.4475,USD
2010-01-15 00:00:00,2010-01-21 00:00:00,2282,21047,1,304.4475,GBP
2010-01-15 00:00:00,2010-01-21 00:00:00,2282,25559,1,304.4475,USD
2010-01-15 00:00:00,2010-01-21 00:00:00,2282,32701,1,304.4475,GBP
2010-01-15 00:00:00,2010-01-21 00:00:00,2282,33134,1,304.4475,GBP
2010-01-15 00:00:00,2010-01-21 00:00:00,2282,33319,2,608.895,GBP
2010-01-15 00:00:00,2010-01-21 00:00:00,2282,33511,1,304.4475,GBP
2010-01-15 00:00:00,2010-01-21 00:00:00,2282,33610,1,304.4475,USD
2010-01-15 00:00:00,2010-01-21 00:00:00,2282,38104,1,304.4475,GBP
2010-01-15 00:00:00,2010-01-21 00:00:00,2282,46131,1,304.4475,GBP
2010-01-15 00:00:00,2010-01-21 00:00:00,2282,53121,1,304.4475,GBP
2010-01-15 00:00:00,2010-01-21 00:00:00,2282,53121,1,304.4475,USD
2010-01-15 00:00:00,2010-01-21 00:00:00,2282,63043,1,304.4475,GBP
2010-01-15 00:00:00,2010-01-21 00:00:00,2282,70764,1,304.4475,USD
2010-01-15 00:00:00,2010-01-21 00:00:00,2282,72202,1,304.4475,GBP
2010-01-15 00:00:00,2010-01-21 00:00:00,2282,74354,1,304.4475,GBP
2010-01-15 00:00:00,2010-01-21 00:00:00,2282,75209,1,304.4475,GBP
2010-01-15 00:00:00,2010-01-21 00:00:00,2282,75604,1,304.4475,USD
2010-01-15 00:00:00,2010-01-21 00:00:00,2282,77581,1,304.4475,USD
2010-01-15 00:00:00,2010-01-21 00:00:00,2282,78621,1,304.4475,GBP
2010-01-15 00:00:00,2010-01-21 00:00:00,2282,79339,1,304.4475,USD
2010-01-15 00:00:00,2010-01-21 00:00:00,2282,83539,1,304.4475,USD
2010-01-15 00:00:00,2010-01-21 00:00:00,2282,85048,1,304.4475,GBP
2010-01-15 00:00:00,2010-01-21 00:00:00,2282,86004,1,304.4475,GBP
2010-01-15 00:00:00,2010-01-21 00:00:00,2282,89129,1,304.4475,USD
2010-01-15 00:00:00,2010-01-21 00:00:00,2282,90620,1,304.4475,USD
2010-01-15 00:00:00,2010-01-21 00:00:00,2282,90623,1,304.4475,USD
2010-01-15 00:00:00,2010-01-21 00:00:00,2282,91381,1,304.4475,USD
2010-01-15 00:00:00,2010-01-21 00:00:00,2282,91710,1,304.4475,USD
2010-01-15 00:00:00,2010-01-21 00:00:00,2282,91979,1,304.4475,GBP
2010-01-15 00:00:00,2010-01-21 00:00:00,2282,92503,1,304.4475,GBP
2010-01-15 00:00:00,2010-01-21 00:00:00,2282,92563,1,304.4475,GBP
2010-01-15 00:00:00,2010-01-21 00:00:00,2282,92647,1,304.4475,GBP
2010-01-15 00:00:00,2010-01-21 00:00:00,2282,92866,1,304.4475,USD
2010-01-15 00:00:00,2010-01-21 00:00:00,2282,92887,3,913.3425,USD
2010-01-15 00:00:00,2010-01-21 00:00:00,2282,93257,1,304.4475,USD
2010-01-15 00:00:00,2010-01-21 00:00:00,2282,93545,2,608.895,GBP
2010-01-15 00:00:00,2010-01-21 00:00:00,2282,94401,2,608.895,USD
2010-01-15 00:00:00,2010-01-21 00:00:00,2282,94507,1,304.4475,USD
2010-01-15 00:00:00,2010-01-21 00:00:00,2282,94566,1,304.4475,GBP
2010-01-15 00:00:00,2010-01-21 00:00:00,2282,95747,1,304.4475,GBP
2010-01-15 00:00:00,2010-01-21 00:00:00,2282,97055,1,304.4475,GBP
2010-01-15 00:00:00,2010-01-21 00:00:00,2282,97401,1,304.4475,GBP
2010-01-15 00:00:00,2010-01-21 00:00:00,2282,97603,1,304.4475,GBP
2010-01-15 00:00:00,2010-01-21 00:00:00,2284,07407,1,293.9475,USD
2010-01-15 00:00:00,2010-01-21 00:00:00,2284,08315,1,293.9475,USD
2010-01-15 00:00:00,2010-01-21 00:00:00,2284,08837,1,293.9475,USD
2010-01-15 00:00:00,2010-01-21 00:00:00,2284,21122,1,293.9475,GBP
2010-01-15 00:00:00,2010-01-21 00:00:00,2284,29643,1,293.9475,USD
2010-01-15 00:00:00,2010-01-21 00:00:00,2284,29732,1,293.9475,USD
2010-01-15 00:00:00,2010-01-21 00:00:00,2284,33860,1,293.9475,USD
2010-01-15 00:00:00,2010-01-21 00:00:00,2284,37042,1,293.9475,USD
2010-01-15 00:00:00,2010-01-21 00:00:00,2284,50321,1,587.895,GBP
2010-01-15 00:00:00,2010-01-21 00:00:00,2284,55904,1,293.9475,USD
2010-01-15 00:00:00,2010-01-21 00:00:00,2284,63304,1,293.9475,USD
2010-01-15 00:00:00,2010-01-21 00:00:00,2284,64068,1,293.9475,GBP
2010-01-15 00:00:00,2010-01-21 00:00:00,2284,65804,1,293.9475,GBP
2010-01-15 00:00:00,2010-01-21 00:00:00,2284,68506,1,293.9475,USD
2010-01-15 00:00:00,2010-01-21 00:00:00,2284,74501,1,293.9475,GBP
2010-01-15 00:00:00,2010-01-21 00:00:00,2284,75081,1,293.9475,USD
2010-01-15 00:00:00,2010-01-21 00:00:00,2284,79339,1,293.9475,USD
2010-01-15 00:00:00,2010-01-21 00:00:00,2284,79414,1,293.9475,USD
2010-01-15 00:00:00,2010-01-21 00:00:00,2284,83340,1,293.9475,GBP
2010-01-15 00:00:00,2010-01-21 00:00:00,2284,83404,1,293.9475,GBP
2010-01-15 00:00:00,2010-01-21 00:00:00,2284,84604,1,293.9475,USD
2010-01-15 00:00:00,2010-01-21 00:00:00,2284,84654,1,293.9475,GBP
2010-01-15 00:00:00,2010-01-21 00:00:00,2284,85260,1,293.9475,USD
2010-01-15 00:00:00,2010-01-21 00:00:00,2284,86442,1,293.9475,USD
2010-01-15 00:00:00,2010-01-21 00:00:00,2284,87402,1,293.9475,GBP
2010-01-15 00:00:00,2010-01-21 00:00:00,2284,89012,1,293.9475,USD
2010-01-15 00:00:00,2010-01-21 00:00:00,2284,90680,1,293.9475,USD
2010-01-15 00:00:00,2010-01-21 00:00:00,2284,90815,1,293.9475,GBP
2010-01-15 00:00:00,2010-01-21 00:00:00,2284,91911,1,293.9475,USD
2010-01-15 00:00:00,2010-01-21 00:00:00,2284,92118,1,293.9475,USD
2010-01-15 00:00:00,2010-01-21 00:00:00,2284,92336,1,293.9475,USD
2010-01-15 00:00:00,2010-01-21 00:00:00,2284,92503,1,293.9475,USD
2010-01-15 00:00:00,2010-01-21 00:00:00,2284,92544,1,293.9475,USD
2010-01-15 00:00:00,2010-01-21 00:00:00,2284,92553,1,293.9475,GBP
2010-01-15 00:00:00,2010-01-21 00:00:00,2284,92564,1,293.9475,USD
2010-01-15 00:00:00,2010-01-21 00:00:00,2284,92887,1,293.9475,GBP
2010-01-15 00:00:00,2010-01-21 00:00:00,2284,93245,1,293.9475,USD
2010-01-15 00:00:00,2010-01-21 00:00:00,2284,93555,3,881.8425,GBP
2010-01-15 00:00:00,2010-01-21 00:00:00,2284,96003,1,293.9475,USD
2010-01-15 00:00:00,2010-01-21 00:00:00,2284,99577,1,293.9475,USD
2010-01-15 00:00:00,2010-01-21 00:00:00,2287,50036,1,839.9475,GBP
2010-01-15 00:00:00,2010-01-21 00:00:00,2287,76513,1,839.9475,GBP
2010-01-15 00:00:00,2010-01-21 00:00:00,2287,85033,1,839.9475,GBP
2010-01-15 00:00:00,2010-01-21 00:00:00,2287,88325,1,839.9475,GBP
2010-01-15 00:00:00,2010-01-21 00:00:00,2290,35670,1,795.3225,USD
2010-01-15 00:00:00,2010-01-21 00:00:00,2307,70633,1,278.1975,GBP
2010-01-15 00:00:00,2010-01-21 00:00:00,2307,75098,1,278.1975,GBP
2010-01-15 00:00:00,2010-01-21 00:00:00,2331,21093,1,535.4475,USD
2010-01-15 00:00:00,2010-01-21 00:00:00,2331,32703,1,535.4475,USD
2010-01-15 00:00:00,2010-01-21 00:00:00,2331,32751,1,535.4475,USD
2010-01-15 00:00:00,2010-01-21 00:00:00,2331,32789,1,535.4475,USD
2010-01-15 00:00:00,2010-01-21 00:00:00,2331,33901,1,535.4475,USD
2010-01-15 00:00:00,2010-01-21 00:00:00,2331,37122,1,535.4475,USD
2010-01-15 00:00:00,2010-01-21 00:00:00,2331,71923,1,535.4475,GBP
2010-01-15 00:00:00,2010-01-21 00:00:00,2331,75022,1,535.4475,USD
2010-01-15 00:00:00,2010-01-21 00:00:00,2331,85260,1,535.4475,GBP
2010-01-15 00:00:00,2010-01-21 00:00:00,2331,89129,1,535.4475,GBP
2010-01-15 00:00:00,2010-01-21 00:00:00,2331,97370,1,535.4475,USD
2010-01-15 00:00:00,2010-01-21 00:00:00,2351,29689,1,335.9475,USD
2010-01-15 00:00:00,2010-01-21 00:00:00,2351,47348,1,335.9475,USD
2010-01-15 00:00:00,2010-01-21 00:00:00,2351,85202,1,314.9475,USD
2010-01-15 00:00:00,2010-01-21 00:00:00,2352,63121,1,388.4475,GBP
2010-01-15 00:00:00,2010-01-21 00:00:00,2352,90740,1,367.4475,GBP
2010-01-15 00:00:00,2010-01-21 00:00:00,2352,92105,1,388.4475,GBP
2010-01-15 00:00:00,2010-01-21 00:00:00,2357,90049,1,278.1975,USD
2010-01-15 00:00:00,2010-01-21 00:00:00,2362,20774,1,751.8,USD
2010-01-15 00:00:00,2010-01-21 00:00:00,2362,54911,1,732.3225,USD
2010-01-15 00:00:00,2010-01-21 00:00:00,2371,38358,1,551.1975,USD
2010-01-15 00:00:00,2010-01-21 00:00:00,2371,71822,1,551.1975,GBP
2010-01-15 00:00:00,2010-01-21 00:00:00,2371,94587,1,551.1975,USD
2010-01-15 00:00:00,2010-01-21 00:00:00,2372,08071,1,398.9475,GBP
2010-01-15 00:00:00,2010-01-21 00:00:00,2372,34983,1,398.9475,GBP
2010-01-15 00:00:00,2010-01-21 00:00:00,2372,95136,1,398.9475,GBP
2010-01-15 00:00:00,2010-01-21 00:00:00,2372,97424,1,398.9475,GBP
2010-01-15 00:00:00,2010-01-21 00:00:00,2373,32130,1,3307.1850000000004,USD
2010-01-15 00:00:00,2010-01-21 00:00:00,2373,32751,1,551.1975,USD
2010-01-15 00:00:00,2010-01-21 00:00:00,2373,32765,1,551.1975,USD
2010-01-15 00:00:00,2010-01-21 00:00:00,2373,33032,1,551.1975,GBP
2010-01-15 00:00:00,2010-01-21 00:00:00,2373,33870,1,551.1975,GBP
2010-01-15 00:00:00,2010-01-21 00:00:00,2373,34995,1,551.1975,USD
2010-01-15 00:00:00,2010-01-21 00:00:00,2373,36117,1,551.1975,USD
2010-01-15 00:00:00,2010-01-21 00:00:00,2373,71913,1,551.1975,GBP
2010-01-15 00:00:00,2010-01-21 00:00:00,2373,73018,1,551.1975,GBP
2010-01-15 00:00:00,2010-01-21 00:00:00,2373,75062,1,551.1975,USD
2010-01-15 00:00:00,2010-01-21 00:00:00,2373,92223,1,551.1975,GBP
2010-01-15 00:00:00,2010-01-21 00:00:00,2373,92692,1,551.1975,USD
2010-01-15 00:00:00,2010-01-21 00:00:00,2373,95120,1,551.1975,USD
2010-01-15 00:00:00,2010-01-21 00:00:00,2379,33569,1,173.1975,USD
2010-01-15 00:00:00,2010-01-21 00:00:00,2379,37807,1,173.1975,GBP
2010-01-15 00:00:00,2010-01-21 00:00:00,2379,89015,1,173.1975,GBP
2010-01-15 00:00:00,2010-01-21 00:00:00,2379,90005,1,204.6975,GBP
2010-01-15 00:00:00,2010-01-21 00:00:00,2380,78233,1,309.6975,USD
2010-01-15 00:00:00,2010-01-21 00:00:00,2380,94533,1,293.9475,GBP
2010-01-15 00:00:00,2010-01-21 00:00:00,2388,32043,1,309.6975,USD
2010-01-15 00:00:00,2010-01-21 00:00:00,2388,32304,1,309.6975,USD
2010-01-15 00:00:00,2010-01-21 00:00:00,2388,34602,1,309.6975,USD
2010-01-15 00:00:00,2010-01-21 00:00:00,2388,41011,1,309.6975,USD
2010-01-15 00:00:00,2010-01-21 00:00:00,2388,56381,1,309.6975,USD
2010-01-15 00:00:00,2010-01-21 00:00:00,2388,63303,1,309.6975,USD
2010-01-15 00:00:00,2010-01-21 00:00:00,2388,71836,1,309.6975,GBP
2010-01-15 00:00:00,2010-01-21 00:00:00,2388,72717,1,309.6975,USD
2010-01-15 00:00:00,2010-01-21 00:00:00,2388,74840,1,309.6975,GBP
2010-01-15 00:00:00,2010-01-21 00:00:00,2388,77339,1,309.6975,USD
2010-01-15 00:00:00,2010-01-21 00:00:00,2388,77803,1,309.6975,USD
2010-01-15 00:00:00,2010-01-21 00:00:00,2388,88001,1,309.6975,USD
2010-01-15 00:00:00,2010-01-21 00:00:00,2388,89031,1,309.6975,USD
2010-01-15 00:00:00,2010-01-21 00:00:00,2388,91344,1,309.6975,USD
2010-01-15 00:00:00,2010-01-21 00:00:00,2388,92276,1,309.6975,GBP
2010-01-15 00:00:00,2010-01-21 00:00:00,2401,32301,1,162.6975,GBP
2010-01-15 00:00:00,2010-01-21 00:00:00,2401,36301,1,162.6975,GBP
2010-01-15 00:00:00,2010-01-21 00:00:00,2406,02904,1,86.5725,USD
2010-01-15 00:00:00,2010-01-21 00:00:00,2406,33810,2,178.395,GBP
2010-01-15 00:00:00,2010-01-21 00:00:00,2406,34602,2,178.395,USD
2010-01-15 00:00:00,2010-01-21 00:00:00,2406,39046,1,89.1975,USD
2010-01-15 00:00:00,2010-01-21 00:00:00,2406,46342,1,62.9475,GBP
2010-01-15 00:00:00,2010-01-21 00:00:00,2407,07306,1,73.4475,USD
2010-01-15 00:00:00,2010-01-21 00:00:00,2407,33009,1,73.4475,USD
2010-01-15 00:00:00,2010-01-21 00:00:00,2407,33142,1,73.4475,GBP
2010-01-15 00:00:00,2010-01-21 00:00:00,2407,34654,1,73.4475,GBP
2010-01-15 00:00:00,2010-01-21 00:00:00,2407,46052,1,73.4475,GBP
2010-01-15 00:00:00,2010-01-21 00:00:00,2407,63055,1,73.4475,USD
2010-01-15 00:00:00,2010-01-21 00:00:00,2407,66611,1,73.4475,GBP
2010-01-15 00:00:00,2010-01-21 00:00:00,2407,70818,1,73.4475,USD
2010-01-15 00:00:00,2010-01-21 00:00:00,2407,89128,1,73.4475,GBP
2010-01-15 00:00:00,2010-01-22 00:00:00,25,94080,1,792.75,GBP
2010-01-15 00:00:00,2010-01-22 00:00:00,36,94109,1,414.75,GBP
2010-01-15 00:00:00,2010-01-22 00:00:00,94,84108,1,866.25,USD
2010-01-15 00:00:00,2010-01-22 00:00:00,120,92673,1,829.5,GBP
2010-01-15 00:00:00,2010-01-22 00:00:00,120,93614,1,829.5,USD
2010-01-15 00:00:00,2010-01-22 00:00:00,120,95864,1,829.5,USD
2010-01-15 00:00:00,2010-01-22 00:00:00,139,32779,1,546,USD
2010-01-15 00:00:00,2010-01-22 00:00:00,184,85027,1,729.75,GBP
2010-01-15 00:00:00,2010-01-22 00:00:00,187,32174,1,819,GBP
2010-01-15 00:00:00,2010-01-22 00:00:00,195,89014,1,750.225,GBP
2010-01-15 00:00:00,2010-01-22 00:00:00,195,95726,1,750.225,GBP
2010-01-15 00:00:00,2010-01-22 00:00:00,234,94086,1,403.9875,GBP
2010-01-15 00:00:00,2010-01-22 00:00:00,248,92807,1,511.6125,USD
2010-01-15 00:00:00,2010-01-22 00:00:00,297,94107,1,708.4875,GBP
2010-01-15 00:00:00,2010-01-22 00:00:00,318,92283,1,865.9875,GBP
2010-01-15 00:00:00,2010-01-22 00:00:00,320,94901,1,1364.7375,USD
2010-01-15 00:00:00,2010-01-22 00:00:00,326,40204,1,708.4875,USD
2010-01-15 00:00:00,2010-01-22 00:00:00,370,08033,1,540.4875,GBP
2010-01-15 00:00:00,2010-01-22 00:00:00,370,77459,1,540.4875,USD
2010-01-15 00:00:00,2010-01-22 00:00:00,370,91724,1,540.4875,USD
2010-01-15 00:00:00,2010-01-22 00:00:00,396,02889,1,857.0625,GBP
2010-01-15 00:00:00,2010-01-22 00:00:00,396,08540,1,857.0625,USD
2010-01-15 00:00:00,2010-01-22 00:00:00,396,21871,1,857.0625,USD
2010-01-15 00:00:00,2010-01-22 00:00:00,396,32346,1,857.0625,USD
2010-01-15 00:00:00,2010-01-22 00:00:00,396,32533,1,857.0625,GBP
2010-01-15 00:00:00,2010-01-22 00:00:00,396,33417,1,857.0625,GBP
2010-01-15 00:00:00,2010-01-22 00:00:00,396,33441,1,857.0625,USD
2010-01-15 00:00:00,2010-01-22 00:00:00,396,33901,1,857.0625,GBP
2010-01-15 00:00:00,2010-01-22 00:00:00,396,35601,1,857.0625,USD
2010-01-15 00:00:00,2010-01-22 00:00:00,396,46151,1,857.0625,USD
2010-01-15 00:00:00,2010-01-22 00:00:00,396,50428,1,857.0625,USD
2010-01-15 00:00:00,2010-01-22 00:00:00,396,51106,1,857.0625,USD
2010-01-15 00:00:00,2010-01-22 00:00:00,396,52756,1,857.0625,GBP
2010-01-15 00:00:00,2010-01-22 00:00:00,396,53177,1,857.0625,GBP
2010-01-15 00:00:00,2010-01-22 00:00:00,396,55021,1,857.0625,USD
2010-01-15 00:00:00,2010-01-22 00:00:00,396,57101,1,857.0625,USD
2010-01-15 00:00:00,2010-01-22 00:00:00,396,57769,1,857.0625,USD
2010-01-15 00:00:00,2010-01-22 00:00:00,396,58075,1,857.0625,USD
2010-01-15 00:00:00,2010-01-22 00:00:00,396,64012,1,857.0625,USD
2010-01-15 00:00:00,2010-01-22 00:00:00,396,66054,1,857.0625,USD
2010-01-15 00:00:00,2010-01-22 00:00:00,396,67901,1,857.0625,GBP
2010-01-15 00:00:00,2010-01-22 00:00:00,396,70726,1,857.0625,USD
2010-01-15 00:00:00,2010-01-22 00:00:00,396,70733,1,857.0625,USD
2010-01-15 00:00:00,2010-01-22 00:00:00,396,70750,1,857.0625,USD
2010-01-15 00:00:00,2010-01-22 00:00:00,396,71302,1,857.0625,GBP
2010-01-15 00:00:00,2010-01-22 00:00:00,396,72212,1,857.0625,USD
2010-01-15 00:00:00,2010-01-22 00:00:00,396,75069,1,857.0625,GBP
2010-01-15 00:00:00,2010-01-22 00:00:00,396,75159,1,857.0625,GBP
2010-01-15 00:00:00,2010-01-22 00:00:00,396,75243,2,1714.125,USD
2010-01-15 00:00:00,2010-01-22 00:00:00,396,77845,1,857.0625,USD
2010-01-15 00:00:00,2010-01-22 00:00:00,396,78131,1,857.0625,USD
2010-01-15 00:00:00,2010-01-22 00:00:00,396,78411,2,1714.125,GBP
2010-01-15 00:00:00,2010-01-22 00:00:00,396,78415,1,857.0625,USD
2010-01-15 00:00:00,2010-01-22 00:00:00,396,83713,1,857.0625,USD
2010-01-15 00:00:00,2010-01-22 00:00:00,396,85546,1,857.0625,USD
2010-01-15 00:00:00,2010-01-22 00:00:00,396,85710,1,857.0625,GBP
2010-01-15 00:00:00,2010-01-22 00:00:00,396,91350,1,857.0625,USD
2010-01-15 00:00:00,2010-01-22 00:00:00,396,91764,1,857.0625,USD
2010-01-15 00:00:00,2010-01-22 00:00:00,396,92024,1,857.0625,GBP
2010-01-15 00:00:00,2010-01-22 00:00:00,396,92040,2,1714.125,GBP
2010-01-15 00:00:00,2010-01-22 00:00:00,396,92071,1,857.0625,USD
2010-01-15 00:00:00,2010-01-22 00:00:00,396,92688,1,857.0625,USD
2010-01-15 00:00:00,2010-01-22 00:00:00,396,93434,1,857.0625,USD
2010-01-15 00:00:00,2010-01-22 00:00:00,396,93906,1,857.0625,USD
2010-01-15 00:00:00,2010-01-22 00:00:00,396,94533,1,857.0625,USD
2010-01-15 00:00:00,2010-01-22 00:00:00,396,94552,1,857.0625,GBP
2010-01-15 00:00:00,2010-01-22 00:00:00,396,95230,1,857.0625,USD
2010-01-15 00:00:00,2010-01-22 00:00:00,396,95688,1,857.0625,USD
2010-01-15 00:00:00,2010-01-22 00:00:00,396,97123,1,857.0625,USD
2010-01-15 00:00:00,2010-01-22 00:00:00,396,99517,1,857.0625,USD
2010-01-15 00:00:00,2010-01-22 00:00:00,400,02886,1,683.8125,GBP
2010-01-15 00:00:00,2010-01-22 00:00:00,400,46738,1,683.8125,GBP
2010-01-15 00:00:00,2010-01-22 00:00:00,400,46929,1,683.8125,GBP
2010-01-15 00:00:00,2010-01-22 00:00:00,400,58201,1,683.8125,GBP
2010-01-15 00:00:00,2010-01-22 00:00:00,400,67215,1,683.8125,GBP
2010-01-15 00:00:00,2010-01-22 00:00:00,400,76513,1,683.8125,GBP
2010-01-15 00:00:00,2010-01-22 00:00:00,400,78217,1,683.8125,USD
2010-01-15 00:00:00,2010-01-22 00:00:00,400,87123,1,683.8125,USD
2010-01-15 00:00:00,2010-01-22 00:00:00,400,91360,1,697.725,GBP
2010-01-15 00:00:00,2010-01-22 00:00:00,400,92602,1,697.725,GBP
2010-01-15 00:00:00,2010-01-22 00:00:00,400,94519,1,697.725,GBP
2010-01-15 00:00:00,2010-01-22 00:00:00,415,21502,1,495.8625,GBP
2010-01-15 00:00:00,2010-01-22 00:00:00,415,77373,1,495.8625,GBP
2010-01-15 00:00:00,2010-01-22 00:00:00,415,77450,1,495.8625,GBP
2010-01-15 00:00:00,2010-01-22 00:00:00,433,38401,1,804.3,USD
2010-01-15 00:00:00,2010-01-22 00:00:00,433,53186,1,804.3,GBP
2010-01-15 00:00:00,2010-01-22 00:00:00,433,55009,1,804.3,USD
2010-01-15 00:00:00,2010-01-22 00:00:00,443,02864,1,790.9125,GBP
2010-01-15 00:00:00,2010-01-22 00:00:00,443,21043,1,790.9125,GBP
2010-01-15 00:00:00,2010-01-22 00:00:00,443,21770,1,790.9125,GBP
2010-01-15 00:00:00,2010-01-22 00:00:00,443,33408,1,790.9125,GBP
2010-01-15 00:00:00,2010-01-22 00:00:00,443,34997,1,790.9125,GBP
2010-01-15 00:00:00,2010-01-22 00:00:00,443,53901,1,790.9125,USD
2010-01-15 00:00:00,2010-01-22 00:00:00,443,63141,1,804.825,USD
2010-01-15 00:00:00,2010-01-22 00:00:00,443,73505,1,790.9125,GBP
2010-01-15 00:00:00,2010-01-22 00:00:00,443,75061,1,790.9125,GBP
2010-01-15 00:00:00,2010-01-22 00:00:00,443,76541,1,790.9125,USD
2010-01-15 00:00:00,2010-01-22 00:00:00,443,77380,1,790.9125,GBP
2010-01-15 00:00:00,2010-01-22 00:00:00,443,77627,1,790.9125,GBP
2010-01-15 00:00:00,2010-01-22 00:00:00,443,79101,1,790.9125,GBP
2010-01-15 00:00:00,2010-01-22 00:00:00,443,83301,1,790.9125,GBP
2010-01-15 00:00:00,2010-01-22 00:00:00,443,84047,1,790.9125,GBP
2010-01-15 00:00:00,2010-01-22 00:00:00,443,84060,1,790.9125,GBP
2010-01-15 00:00:00,2010-01-22 00:00:00,443,85331,1,790.9125,USD
2010-01-15 00:00:00,2010-01-22 00:00:00,443,85709,1,790.9125,GBP
2010-01-15 00:00:00,2010-01-22 00:00:00,443,92111,1,804.825,GBP
2010-01-15 00:00:00,2010-01-22 00:00:00,443,92530,1,804.825,GBP
2010-01-15 00:00:00,2010-01-22 00:00:00,443,95035,1,804.825,USD
2010-01-15 00:00:00,2010-01-22 00:00:00,443,95340,1,804.825,GBP
2010-01-15 00:00:00,2010-01-22 00:00:00,443,97701,1,790.9125,GBP
2010-01-15 00:00:00,2010-01-22 00:00:00,464,77598,1,566.2125,USD
2010-01-15 00:00:00,2010-01-22 00:00:00,475,02375,1,970.2,GBP
2010-01-15 00:00:00,2010-01-22 00:00:00,475,08723,1,970.2,USD
2010-01-15 00:00:00,2010-01-22 00:00:00,475,21754,1,970.2,USD
2010-01-15 00:00:00,2010-01-22 00:00:00,475,32174,1,970.2,USD
2010-01-15 00:00:00,2010-01-22 00:00:00,475,32605,1,970.2,GBP
2010-01-15 00:00:00,2010-01-22 00:00:00,475,33543,1,970.2,GBP
2010-01-15 00:00:00,2010-01-22 00:00:00,475,33785,1,970.2,USD
2010-01-15 00:00:00,2010-01-22 00:00:00,475,34482,1,970.2,USD
2010-01-15 00:00:00,2010-01-22 00:00:00,475,34984,1,970.2,USD
2010-01-15 00:00:00,2010-01-22 00:00:00,475,46278,1,970.2,USD
2010-01-15 00:00:00,2010-01-22 00:00:00,475,53027,1,970.2,GBP
2010-01-15 00:00:00,2010-01-22 00:00:00,475,53158,1,970.2,USD
2010-01-15 00:00:00,2010-01-22 00:00:00,475,53546,1,970.2,USD
2010-01-15 00:00:00,2010-01-22 00:00:00,475,53809,1,4851,GBP
2010-01-15 00:00:00,2010-01-22 00:00:00,475,53809,1,1940.4,USD
2010-01-15 00:00:00,2010-01-22 00:00:00,475,54451,1,970.2,USD
2010-01-15 00:00:00,2010-01-22 00:00:00,475,54656,1,970.2,GBP
2010-01-15 00:00:00,2010-01-22 00:00:00,475,57028,1,970.2,USD
2010-01-15 00:00:00,2010-01-22 00:00:00,475,57104,1,970.2,USD
2010-01-15 00:00:00,2010-01-22 00:00:00,475,70394,1,970.2,USD
2010-01-15 00:00:00,2010-01-22 00:00:00,475,77568,1,970.2,USD
2010-01-15 00:00:00,2010-01-22 00:00:00,475,79109,1,970.2,USD
2010-01-15 00:00:00,2010-01-22 00:00:00,475,79606,1,970.2,USD
2010-01-15 00:00:00,2010-01-22 00:00:00,475,87015,1,970.2,USD
2010-01-15 00:00:00,2010-01-22 00:00:00,475,89431,2,1940.4,USD
2010-01-15 00:00:00,2010-01-22 00:00:00,475,92861,1,975.45,GBP
2010-01-15 00:00:00,2010-01-22 00:00:00,485,42103,1,1614.375,GBP
2010-01-15 00:00:00,2010-01-22 00:00:00,485,42103,1,807.1875,USD
2010-01-15 00:00:00,2010-01-22 00:00:00,485,89015,1,807.1875,GBP
2010-01-15 00:00:00,2010-01-22 00:00:00,488,33405,1,970.2,GBP
2010-01-15 00:00:00,2010-01-22 00:00:00,488,46184,1,970.2,USD
2010-01-15 00:00:00,2010-01-22 00:00:00,488,59716,1,970.2,GBP
2010-01-15 00:00:00,2010-01-22 00:00:00,488,76354,1,970.2,USD
2010-01-15 00:00:00,2010-01-22 00:00:00,488,85749,1,970.2,USD
2010-01-15 00:00:00,2010-01-22 00:00:00,488,89030,1,970.2,GBP
2010-01-15 00:00:00,2010-01-22 00:00:00,491,01128,1,815.325,USD
2010-01-15 00:00:00,2010-01-22 00:00:00,491,06412,1,815.325,GBP
2010-01-15 00:00:00,2010-01-22 00:00:00,491,06516,1,815.325,USD
2010-01-15 00:00:00,2010-01-22 00:00:00,491,06611,1,815.325,USD
2010-01-15 00:00:00,2010-01-22 00:00:00,491,07059,1,815.325,USD
2010-01-15 00:00:00,2010-01-22 00:00:00,491,08805,1,815.325,USD
2010-01-15 00:00:00,2010-01-22 00:00:00,491,29316,1,815.325,GBP
2010-01-15 00:00:00,2010-01-22 00:00:00,491,29642,1,815.325,GBP
2010-01-15 00:00:00,2010-01-22 00:00:00,491,32216,1,815.325,GBP
2010-01-15 00:00:00,2010-01-22 00:00:00,491,32825,2,1630.65,GBP
2010-01-15 00:00:00,2010-01-22 00:00:00,491,34135,1,815.325,GBP
2010-01-15 00:00:00,2010-01-22 00:00:00,491,34229,1,815.325,USD
2010-01-15 00:00:00,2010-01-22 00:00:00,491,34785,1,815.325,USD
2010-01-15 00:00:00,2010-01-22 00:00:00,491,39056,1,815.325,USD
2010-01-15 00:00:00,2010-01-22 00:00:00,491,41844,1,815.325,GBP
2010-01-15 00:00:00,2010-01-22 00:00:00,491,41844,1,3261.3,USD
2010-01-15 00:00:00,2010-01-22 00:00:00,491,46319,1,815.325,GBP
2010-01-15 00:00:00,2010-01-22 00:00:00,491,46405,1,815.325,USD
2010-01-15 00:00:00,2010-01-22 00:00:00,491,46514,1,2445.9750000000004,GBP
2010-01-15 00:00:00,2010-01-22 00:00:00,491,46514,1,815.325,USD
2010-01-15 00:00:00,2010-01-22 00:00:00,491,52403,2,1630.65,USD
2010-01-15 00:00:00,2010-01-22 00:00:00,491,53224,1,815.325,GBP
2010-01-15 00:00:00,2010-01-22 00:00:00,491,53405,1,815.325,GBP
2010-01-15 00:00:00,2010-01-22 00:00:00,491,54313,1,815.325,USD
2010-01-15 00:00:00,2010-01-22 00:00:00,491,56751,1,815.325,USD
2010-01-15 00:00:00,2010-01-22 00:00:00,491,63021,1,815.325,GBP
2010-01-15 00:00:00,2010-01-22 00:00:00,491,64055,1,815.325,GBP
2010-01-15 00:00:00,2010-01-22 00:00:00,491,64079,1,815.325,USD
2010-01-15 00:00:00,2010-01-22 00:00:00,491,66111,1,815.325,GBP
2010-01-15 00:00:00,2010-01-22 00:00:00,491,67530,1,815.325,USD
2010-01-15 00:00:00,2010-01-22 00:00:00,491,72394,1,815.325,GBP
2010-01-15 00:00:00,2010-01-22 00:00:00,491,73044,1,815.325,USD
2010-01-15 00:00:00,2010-01-22 00:00:00,491,75088,1,815.325,USD
2010-01-15 00:00:00,2010-01-22 00:00:00,491,75204,1,815.325,USD
2010-01-15 00:00:00,2010-01-22 00:00:00,491,75604,1,815.325,GBP
2010-01-15 00:00:00,2010-01-22 00:00:00,491,76103,1,815.325,GBP
2010-01-15 00:00:00,2010-01-22 00:00:00,491,76449,1,815.325,USD
2010-01-15 00:00:00,2010-01-22 00:00:00,491,77061,1,815.325,GBP
2010-01-15 00:00:00,2010-01-22 00:00:00,491,77345,1,815.325,USD
2010-01-15 00:00:00,2010-01-22 00:00:00,491,77802,1,815.325,GBP
2010-01-15 00:00:00,2010-01-22 00:00:00,491,89122,1,815.325,GBP
2010-01-15 00:00:00,2010-01-22 00:00:00,491,99504,1,815.325,GBP
2010-01-15 00:00:00,2010-01-22 00:00:00,495,32223,1,560.9625,GBP
2010-01-15 00:00:00,2010-01-22 00:00:00,495,33063,1,560.9625,USD
2010-01-15 00:00:00,2010-01-22 00:00:00,495,33317,21,11780.2125,GBP
2010-01-15 00:00:00,2010-01-22 00:00:00,495,47904,1,560.9625,GBP
2010-01-15 00:00:00,2010-01-22 00:00:00,499,07438,1,846.3,GBP
2010-01-15 00:00:00,2010-01-22 00:00:00,499,25413,1,846.3,GBP
2010-01-15 00:00:00,2010-01-22 00:00:00,499,33318,1,846.3,USD
2010-01-15 00:00:00,2010-01-22 00:00:00,499,33414,1,846.3,GBP
2010-01-15 00:00:00,2010-01-22 00:00:00,499,33853,1,846.3,GBP
2010-01-15 00:00:00,2010-01-22 00:00:00,499,34264,1,846.3,USD
2010-01-15 00:00:00,2010-01-22 00:00:00,499,35674,1,846.3,GBP
2010-01-15 00:00:00,2010-01-22 00:00:00,499,40505,1,846.3,GBP
2010-01-15 00:00:00,2010-01-22 00:00:00,499,46143,1,846.3,GBP
2010-01-15 00:00:00,2010-01-22 00:00:00,499,47421,1,846.3,GBP
2010-01-15 00:00:00,2010-01-22 00:00:00,499,67550,1,846.3,GBP
2010-01-15 00:00:00,2010-01-22 00:00:00,499,71360,1,846.3,USD
2010-01-15 00:00:00,2010-01-22 00:00:00,499,75007,1,846.3,GBP
2010-01-15 00:00:00,2010-01-22 00:00:00,499,77270,1,846.3,GBP
2010-01-15 00:00:00,2010-01-22 00:00:00,499,85018,1,846.3,GBP
2010-01-15 00:00:00,2010-01-22 00:00:00,499,99654,1,846.3,GBP
2010-01-15 00:00:00,2010-01-22 00:00:00,510,78155,1,837.1125,GBP
2010-01-15 00:00:00,2010-01-22 00:00:00,513,20878,1,493.2375,GBP
2010-01-15 00:00:00,2010-01-22 00:00:00,513,32084,1,451.4475,USD
2010-01-15 00:00:00,2010-01-22 00:00:00,513,94110,1,456.6975,GBP
2010-01-15 00:00:00,2010-01-22 00:00:00,522,29609,1,624.75,GBP
2010-01-15 00:00:00,2010-01-22 00:00:00,530,91761,1,624.6975,GBP
2010-01-15 00:00:00,2010-01-22 00:00:00,532,21229,1,556.4475,USD
2010-01-15 00:00:00,2010-01-22 00:00:00,550,07755,1,403.9875,GBP
2010-01-15 00:00:00,2010-01-22 00:00:00,550,21122,1,403.9875,GBP
2010-01-15 00:00:00,2010-01-22 00:00:00,550,21701,1,403.9875,USD
2010-01-15 00:00:00,2010-01-22 00:00:00,550,53916,1,403.9875,USD
2010-01-15 00:00:00,2010-01-22 00:00:00,550,63129,1,403.9875,USD
2010-01-15 00:00:00,2010-01-22 00:00:00,550,85257,1,403.9875,GBP
2010-01-15 00:00:00,2010-01-22 00:00:00,559,02771,1,585.6375,USD
2010-01-15 00:00:00,2010-01-22 00:00:00,559,08215,1,585.6375,GBP
2010-01-15 00:00:00,2010-01-22 00:00:00,559,21220,1,585.6375,USD
2010-01-15 00:00:00,2010-01-22 00:00:00,559,32082,1,585.6375,GBP
2010-01-15 00:00:00,2010-01-22 00:00:00,559,32118,1,585.6375,USD
2010-01-15 00:00:00,2010-01-22 00:00:00,559,33843,1,585.6375,USD
2010-01-15 00:00:00,2010-01-22 00:00:00,559,37416,1,585.6375,USD
2010-01-15 00:00:00,2010-01-22 00:00:00,559,42301,1,585.6375,USD
2010-01-15 00:00:00,2010-01-22 00:00:00,559,69101,1,585.6375,USD
2010-01-15 00:00:00,2010-01-22 00:00:00,559,70460,1,585.6375,USD
2010-01-15 00:00:00,2010-01-22 00:00:00,559,75149,1,585.6375,GBP
2010-01-15 00:00:00,2010-01-22 00:00:00,559,75835,1,585.6375,USD
2010-01-15 00:00:00,2010-01-22 00:00:00,559,76624,1,585.6375,USD
2010-01-15 00:00:00,2010-01-22 00:00:00,559,85254,1,585.6375,USD
2010-01-15 00:00:00,2010-01-22 00:00:00,559,85743,1,585.6375,USD
2010-01-15 00:00:00,2010-01-22 00:00:00,559,92055,1,585.6375,USD
2010-01-15 00:00:00,2010-01-22 00:00:00,559,92345,1,600.6,GBP
2010-01-15 00:00:00,2010-01-22 00:00:00,559,93065,1,600.6,USD
2010-01-15 00:00:00,2010-01-22 00:00:00,559,93906,1,600.6,GBP
2010-01-15 00:00:00,2010-01-22 00:00:00,559,96003,1,600.6,USD
2010-01-15 00:00:00,2010-01-22 00:00:00,573,06457,1,280.6125,GBP
2010-01-15 00:00:00,2010-01-22 00:00:00,573,06611,1,280.6125,GBP
2010-01-15 00:00:00,2010-01-22 00:00:00,573,06907,1,280.6125,GBP
2010-01-15 00:00:00,2010-01-22 00:00:00,573,08733,1,280.6125,GBP
2010-01-15 00:00:00,2010-01-22 00:00:00,573,21214,1,280.6125,GBP
2010-01-15 00:00:00,2010-01-22 00:00:00,573,35071,1,280.6125,GBP
2010-01-15 00:00:00,2010-01-22 00:00:00,573,37066,1,280.6125,GBP
2010-01-15 00:00:00,2010-01-22 00:00:00,573,38017,1,280.6125,GBP
2010-01-15 00:00:00,2010-01-22 00:00:00,573,46240,1,280.6125,GBP
2010-01-15 00:00:00,2010-01-22 00:00:00,573,51334,1,280.6125,USD
2010-01-15 00:00:00,2010-01-22 00:00:00,573,53574,1,280.6125,GBP
2010-01-15 00:00:00,2010-01-22 00:00:00,573,53593,1,280.6125,USD
2010-01-15 00:00:00,2010-01-22 00:00:00,573,54143,1,280.6125,GBP
2010-01-15 00:00:00,2010-01-22 00:00:00,573,54494,2,561.225,GBP
2010-01-15 00:00:00,2010-01-22 00:00:00,573,68942,1,280.6125,GBP
2010-01-15 00:00:00,2010-01-22 00:00:00,573,70583,1,280.6125,GBP
2010-01-15 00:00:00,2010-01-22 00:00:00,573,71459,1,275.3625,USD
2010-01-15 00:00:00,2010-01-22 00:00:00,573,73159,1,280.6125,USD
2010-01-15 00:00:00,2010-01-22 00:00:00,573,74868,1,286.9125,GBP
2010-01-15 00:00:00,2010-01-22 00:00:00,573,75077,1,286.9125,GBP
2010-01-15 00:00:00,2010-01-22 00:00:00,573,77515,1,280.6125,USD
2010-01-15 00:00:00,2010-01-22 00:00:00,573,78469,1,280.6125,GBP
2010-01-15 00:00:00,2010-01-22 00:00:00,573,78543,1,280.6125,USD
2010-01-15 00:00:00,2010-01-22 00:00:00,573,85259,1,280.6125,USD
2010-01-15 00:00:00,2010-01-22 00:00:00,573,85749,1,275.3625,USD
2010-01-15 00:00:00,2010-01-22 00:00:00,573,89110,1,280.6125,GBP
2010-01-15 00:00:00,2010-01-22 00:00:00,573,92071,1,286.9125,GBP
2010-01-15 00:00:00,2010-01-22 00:00:00,573,95020,1,286.9125,GBP
2010-01-15 00:00:00,2010-01-22 00:00:00,573,95678,1,286.9125,GBP
2010-01-15 00:00:00,2010-01-22 00:00:00,574,90069,1,830.55,USD
2010-01-15 00:00:00,2010-01-22 00:00:00,574,91913,1,830.55,USD
2010-01-15 00:00:00,2010-01-22 00:00:00,574,92405,1,830.55,USD
2010-01-15 00:00:00,2010-01-22 00:00:00,574,92691,1,830.55,GBP
2010-01-15 00:00:00,2010-01-22 00:00:00,574,95008,1,830.55,USD
2010-01-15 00:00:00,2010-01-22 00:00:00,580,06488,1,734.7375,GBP
2010-01-15 00:00:00,2010-01-22 00:00:00,580,21146,1,734.7375,GBP
2010-01-15 00:00:00,2010-01-22 00:00:00,580,21204,1,734.7375,USD
2010-01-15 00:00:00,2010-01-22 00:00:00,580,32250,1,734.7375,GBP
2010-01-15 00:00:00,2010-01-22 00:00:00,580,32542,1,734.7375,USD
2010-01-15 00:00:00,2010-01-22 00:00:00,580,35601,1,734.7375,USD
2010-01-15 00:00:00,2010-01-22 00:00:00,580,38632,1,734.7375,USD
2010-01-15 00:00:00,2010-01-22 00:00:00,580,42103,1,734.7375,GBP
2010-01-15 00:00:00,2010-01-22 00:00:00,580,51561,1,734.7375,GBP
2010-01-15 00:00:00,2010-01-22 00:00:00,580,59422,1,734.7375,USD
2010-01-15 00:00:00,2010-01-22 00:00:00,580,92071,1,749.9625,USD
2010-01-15 00:00:00,2010-01-22 00:00:00,580,92241,1,749.9625,USD
2010-01-15 00:00:00,2010-01-22 00:00:00,580,95207,1,749.9625,USD
2010-01-15 00:00:00,2010-01-22 00:00:00,596,01056,1,746.55,GBP
2010-01-15 00:00:00,2010-01-22 00:00:00,596,07627,1,746.55,USD
2010-01-15 00:00:00,2010-01-22 00:00:00,596,08536,1,746.55,USD
2010-01-15 00:00:00,2010-01-22 00:00:00,596,19711,1,746.55,USD
2010-01-15 00:00:00,2010-01-22 00:00:00,596,32073,1,746.55,GBP
2010-01-15 00:00:00,2010-01-22 00:00:00,596,33075,1,746.55,USD
2010-01-15 00:00:00,2010-01-22 00:00:00,596,33594,1,746.55,GBP
2010-01-15 00:00:00,2010-01-22 00:00:00,596,33853,1,746.55,USD
2010-01-15 00:00:00,2010-01-22 00:00:00,596,33936,1,746.55,USD
2010-01-15 00:00:00,2010-01-22 00:00:00,596,34207,1,700.875,USD
2010-01-15 00:00:00,2010-01-22 00:00:00,596,38401,1,746.55,USD
2010-01-15 00:00:00,2010-01-22 00:00:00,596,52358,1,746.55,GBP
2010-01-15 00:00:00,2010-01-22 00:00:00,596,55409,1,746.55,USD
2010-01-15 00:00:00,2010-01-22 00:00:00,596,66503,1,746.55,GBP
2010-01-15 00:00:00,2010-01-22 00:00:00,596,70791,1,746.55,USD
2010-01-15 00:00:00,2010-01-22 00:00:00,596,75078,1,746.55,USD
2010-01-15 00:00:00,2010-01-22 00:00:00,596,84092,1,746.55,GBP
2010-01-15 00:00:00,2010-01-22 00:00:00,596,84770,1,746.55,USD
2010-01-15 00:00:00,2010-01-22 00:00:00,596,93035,1,761.5125,USD
2010-01-15 00:00:00,2010-01-22 00:00:00,596,95822,1,761.5125,GBP
2010-01-15 00:00:00,2010-01-22 00:00:00,599,06340,1,753.6375,GBP
2010-01-15 00:00:00,2010-01-22 00:00:00,599,08302,1,753.6375,USD
2010-01-15 00:00:00,2010-01-22 00:00:00,599,08822,1,753.6375,GBP
2010-01-15 00:00:00,2010-01-22 00:00:00,599,33040,1,753.6375,GBP
2010-01-15 00:00:00,2010-01-22 00:00:00,599,34491,1,753.6375,USD
2010-01-15 00:00:00,2010-01-22 00:00:00,599,50322,1,753.6375,GBP
2010-01-15 00:00:00,2010-01-22 00:00:00,599,58067,1,753.6375,USD
2010-01-15 00:00:00,2010-01-22 00:00:00,599,68106,1,753.6375,USD
2010-01-15 00:00:00,2010-01-22 00:00:00,599,75028,1,753.6375,GBP
2010-01-15 00:00:00,2010-01-22 00:00:00,599,77530,1,753.6375,GBP
2010-01-15 00:00:00,2010-01-22 00:00:00,604,08080,1,461.7375,GBP
2010-01-15 00:00:00,2010-01-22 00:00:00,604,21108,1,461.7375,GBP
2010-01-15 00:00:00,2010-01-22 00:00:00,604,25401,1,461.7375,USD
2010-01-15 00:00:00,2010-01-22 00:00:00,604,29902,1,461.7375,USD
2010-01-15 00:00:00,2010-01-22 00:00:00,604,37857,1,461.7375,GBP
2010-01-15 00:00:00,2010-01-22 00:00:00,604,37874,1,461.7375,GBP
2010-01-15 00:00:00,2010-01-22 00:00:00,604,40216,1,461.7375,GBP
2010-01-15 00:00:00,2010-01-22 00:00:00,604,53001,1,461.7375,GBP
2010-01-15 00:00:00,2010-01-22 00:00:00,604,53108,1,461.7375,GBP
2010-01-15 00:00:00,2010-01-22 00:00:00,604,54487,2,923.475,GBP
2010-01-15 00:00:00,2010-01-22 00:00:00,604,56633,1,461.7375,GBP
2010-01-15 00:00:00,2010-01-22 00:00:00,604,64012,1,461.7375,USD
2010-01-15 00:00:00,2010-01-22 00:00:00,604,68502,1,461.7375,USD
2010-01-15 00:00:00,2010-01-22 00:00:00,604,70058,1,461.7375,GBP
2010-01-15 00:00:00,2010-01-22 00:00:00,604,75205,1,461.7375,GBP
2010-01-15 00:00:00,2010-01-22 00:00:00,604,76015,1,461.7375,GBP
2010-01-15 00:00:00,2010-01-22 00:00:00,604,79022,1,461.7375,USD
2010-01-15 00:00:00,2010-01-22 00:00:00,604,82435,1,461.7375,GBP
2010-01-15 00:00:00,2010-01-22 00:00:00,604,89031,1,455.175,USD
2010-01-15 00:00:00,2010-01-22 00:00:00,604,91911,1,468.0375,USD
2010-01-15 00:00:00,2010-01-22 00:00:00,604,92235,1,468.0375,USD
2010-01-15 00:00:00,2010-01-22 00:00:00,604,97034,1,468.0375,GBP
2010-01-15 00:00:00,2010-01-22 00:00:00,604,97124,1,468.0375,GBP
2010-01-15 00:00:00,2010-01-22 00:00:00,606,01564,1,314.7375,GBP
2010-01-15 00:00:00,2010-01-22 00:00:00,606,07001,1,314.7375,USD
2010-01-15 00:00:00,2010-01-22 00:00:00,606,21037,1,314.7375,GBP
2010-01-15 00:00:00,2010-01-22 00:00:00,606,21037,1,314.7375,USD
2010-01-15 00:00:00,2010-01-22 00:00:00,606,21084,1,314.7375,USD
2010-01-15 00:00:00,2010-01-22 00:00:00,606,37115,1,314.7375,USD
2010-01-15 00:00:00,2010-01-22 00:00:00,606,37857,1,314.7375,GBP
2010-01-15 00:00:00,2010-01-22 00:00:00,606,53185,1,314.7375,USD
2010-01-15 00:00:00,2010-01-22 00:00:00,606,57401,1,314.7375,USD
2010-01-15 00:00:00,2010-01-22 00:00:00,606,63015,1,314.7375,USD
2010-01-15 00:00:00,2010-01-22 00:00:00,606,63116,1,314.7375,USD
2010-01-15 00:00:00,2010-01-22 00:00:00,606,73139,1,314.7375,GBP
2010-01-15 00:00:00,2010-01-22 00:00:00,606,75090,1,314.7375,GBP
2010-01-15 00:00:00,2010-01-22 00:00:00,606,75144,1,312.1125,USD
2010-01-15 00:00:00,2010-01-22 00:00:00,606,92055,1,318.4125,USD
2010-01-15 00:00:00,2010-01-22 00:00:00,606,94585,1,321.0375,GBP
2010-01-15 00:00:00,2010-01-22 00:00:00,609,02054,1,778.8375,USD
2010-01-15 00:00:00,2010-01-22 00:00:00,609,06415,1,778.8375,USD
2010-01-15 00:00:00,2010-01-22 00:00:00,609,06471,1,778.8375,GBP
2010-01-15 00:00:00,2010-01-22 00:00:00,609,06489,1,778.8375,USD
2010-01-15 00:00:00,2010-01-22 00:00:00,609,08884,1,778.8375,GBP
2010-01-15 00:00:00,2010-01-22 00:00:00,609,08904,1,778.8375,USD
2010-01-15 00:00:00,2010-01-22 00:00:00,609,21037,1,778.8375,USD
2010-01-15 00:00:00,2010-01-22 00:00:00,609,21111,1,778.8375,USD
2010-01-15 00:00:00,2010-01-22 00:00:00,609,29526,1,778.8375,USD
2010-01-15 00:00:00,2010-01-22 00:00:00,609,29691,1,778.8375,USD
2010-01-15 00:00:00,2010-01-22 00:00:00,609,32751,1,778.8375,USD
2010-01-15 00:00:00,2010-01-22 00:00:00,609,32779,1,778.8375,GBP
2010-01-15 00:00:00,2010-01-22 00:00:00,609,34284,2,1588.125,GBP
2010-01-15 00:00:00,2010-01-22 00:00:00,609,37160,1,778.8375,USD
2010-01-15 00:00:00,2010-01-22 00:00:00,609,40229,1,2336.5125,GBP
2010-01-15 00:00:00,2010-01-22 00:00:00,609,40229,1,3115.35,USD
2010-01-15 00:00:00,2010-01-22 00:00:00,609,42406,1,778.8375,USD
2010-01-15 00:00:00,2010-01-22 00:00:00,609,46203,1,778.8375,GBP
2010-01-15 00:00:00,2010-01-22 00:00:00,609,46240,1,1557.675,USD
2010-01-15 00:00:00,2010-01-22 00:00:00,609,46514,1,2336.5125,GBP
2010-01-15 00:00:00,2010-01-22 00:00:00,609,46514,1,2336.5125,USD
2010-01-15 00:00:00,2010-01-22 00:00:00,609,46721,1,778.8375,USD
2010-01-15 00:00:00,2010-01-22 00:00:00,609,47203,1,778.8375,USD
2010-01-15 00:00:00,2010-01-22 00:00:00,609,47905,1,778.8375,USD
2010-01-15 00:00:00,2010-01-22 00:00:00,609,50129,1,1557.675,GBP
2010-01-15 00:00:00,2010-01-22 00:00:00,609,50129,1,778.8375,USD
2010-01-15 00:00:00,2010-01-22 00:00:00,609,50161,1,778.8375,GBP
2010-01-15 00:00:00,2010-01-22 00:00:00,609,53095,1,778.8375,GBP
2010-01-15 00:00:00,2010-01-22 00:00:00,609,55347,1,794.0625,USD
2010-01-15 00:00:00,2010-01-22 00:00:00,609,57104,1,778.8375,USD
2010-01-15 00:00:00,2010-01-22 00:00:00,609,57201,1,778.8375,USD
2010-01-15 00:00:00,2010-01-22 00:00:00,609,63122,1,778.8375,USD
2010-01-15 00:00:00,2010-01-22 00:00:00,609,64068,2,1557.675,USD
2010-01-15 00:00:00,2010-01-22 00:00:00,609,64118,1,778.8375,USD
2010-01-15 00:00:00,2010-01-22 00:00:00,609,64152,1,778.8375,USD
2010-01-15 00:00:00,2010-01-22 00:00:00,609,70065,1,778.8375,USD
2010-01-15 00:00:00,2010-01-22 00:00:00,609,70124,1,778.8375,USD
2010-01-15 00:00:00,2010-01-22 00:00:00,609,71203,1,778.8375,USD
2010-01-15 00:00:00,2010-01-22 00:00:00,609,74104,1,778.8375,USD
2010-01-15 00:00:00,2010-01-22 00:00:00,609,75088,1,778.8375,USD
2010-01-15 00:00:00,2010-01-22 00:00:00,609,76006,3,2336.5125,GBP
2010-01-15 00:00:00,2010-01-22 00:00:00,609,76028,1,778.8375,USD
2010-01-15 00:00:00,2010-01-22 00:00:00,609,76207,1,778.8375,USD
2010-01-15 00:00:00,2010-01-22 00:00:00,609,77563,1,778.8375,USD
2010-01-15 00:00:00,2010-01-22 00:00:00,609,78248,1,778.8375,USD
2010-01-15 00:00:00,2010-01-22 00:00:00,609,78728,1,778.8375,USD
2010-01-15 00:00:00,2010-01-22 00:00:00,609,79079,1,778.8375,GBP
2010-01-15 00:00:00,2010-01-22 00:00:00,609,84116,1,778.8375,USD
2010-01-15 00:00:00,2010-01-22 00:00:00,609,84118,1,778.8375,USD
2010-01-15 00:00:00,2010-01-22 00:00:00,609,85364,1,778.8375,USD
2010-01-15 00:00:00,2010-01-22 00:00:00,609,85710,1,778.8375,USD
2010-01-15 00:00:00,2010-01-22 00:00:00,609,87375,1,778.8375,USD
2010-01-15 00:00:00,2010-01-22 00:00:00,609,90621,1,794.0625,GBP
2010-01-15 00:00:00,2010-01-22 00:00:00,609,90805,1,794.0625,GBP
2010-01-15 00:00:00,2010-01-22 00:00:00,609,92059,1,794.0625,GBP
2010-01-15 00:00:00,2010-01-22 00:00:00,609,92677,2,1588.125,GBP
2010-01-15 00:00:00,2010-01-22 00:00:00,609,92679,1,794.0625,USD
2010-01-15 00:00:00,2010-01-22 00:00:00,609,92691,2,1588.125,USD
2010-01-15 00:00:00,2010-01-22 00:00:00,609,92782,1,794.0625,USD
2010-01-15 00:00:00,2010-01-22 00:00:00,609,93906,1,794.0625,GBP
2010-01-15 00:00:00,2010-01-22 00:00:00,609,95037,1,794.0625,USD
2010-01-15 00:00:00,2010-01-22 00:00:00,609,95206,1,794.0625,USD
2010-01-15 00:00:00,2010-01-22 00:00:00,609,95351,1,794.0625,USD
2010-01-15 00:00:00,2010-01-22 00:00:00,609,95833,1,794.0625,USD
2010-01-15 00:00:00,2010-01-22 00:00:00,631,06460,1,346.2375,GBP
2010-01-15 00:00:00,2010-01-22 00:00:00,631,19904,1,346.2375,GBP
2010-01-15 00:00:00,2010-01-22 00:00:00,631,32114,1,346.2375,GBP
2010-01-15 00:00:00,2010-01-22 00:00:00,631,37343,1,346.2375,GBP
2010-01-15 00:00:00,2010-01-22 00:00:00,631,46250,1,346.2375,GBP
2010-01-15 00:00:00,2010-01-22 00:00:00,631,47949,1,346.2375,GBP
2010-01-15 00:00:00,2010-01-22 00:00:00,631,53402,2,692.475,GBP
2010-01-15 00:00:00,2010-01-22 00:00:00,631,64840,1,346.2375,GBP
2010-01-15 00:00:00,2010-01-22 00:00:00,631,68502,1,346.2375,GBP
2010-01-15 00:00:00,2010-01-22 00:00:00,631,72002,1,346.2375,GBP
2010-01-15 00:00:00,2010-01-22 00:00:00,631,78644,1,346.2375,GBP
2010-01-15 00:00:00,2010-01-22 00:00:00,631,87530,1,346.2375,GBP
2010-01-15 00:00:00,2010-01-22 00:00:00,631,88220,1,346.2375,GBP
2010-01-15 00:00:00,2010-01-22 00:00:00,631,90011,1,352.5375,USD
2010-01-15 00:00:00,2010-01-22 00:00:00,631,92692,1,352.5375,GBP
2010-01-15 00:00:00,2010-01-22 00:00:00,631,93240,1,352.5375,GBP
2010-01-15 00:00:00,2010-01-22 00:00:00,631,94587,1,352.5375,GBP
2010-01-15 00:00:00,2010-01-22 00:00:00,631,96002,1,352.5375,GBP
2010-01-15 00:00:00,2010-01-22 00:00:00,631,97221,1,352.5375,USD
2010-01-15 00:00:00,2010-01-22 00:00:00,645,08088,1,746.55,USD
2010-01-15 00:00:00,2010-01-22 00:00:00,645,19971,1,746.55,USD
2010-01-15 00:00:00,2010-01-22 00:00:00,645,21014,1,746.55,GBP
2010-01-15 00:00:00,2010-01-22 00:00:00,645,29566,1,746.55,USD
2010-01-15 00:00:00,2010-01-22 00:00:00,645,32117,1,746.55,USD
2010-01-15 00:00:00,2010-01-22 00:00:00,645,32169,1,746.55,GBP
2010-01-15 00:00:00,2010-01-22 00:00:00,645,32277,1,746.55,GBP
2010-01-15 00:00:00,2010-01-22 00:00:00,645,33483,1,746.55,GBP
2010-01-15 00:00:00,2010-01-22 00:00:00,645,33759,1,746.55,USD
2010-01-15 00:00:00,2010-01-22 00:00:00,645,34434,1,746.55,USD
2010-01-15 00:00:00,2010-01-22 00:00:00,645,37172,1,746.55,USD
2010-01-15 00:00:00,2010-01-22 00:00:00,645,37221,1,746.55,GBP
2010-01-15 00:00:00,2010-01-22 00:00:00,645,46224,1,746.55,USD
2010-01-15 00:00:00,2010-01-22 00:00:00,645,46322,1,746.55,GBP
2010-01-15 00:00:00,2010-01-22 00:00:00,645,67226,1,746.55,USD
2010-01-15 00:00:00,2010-01-22 00:00:00,645,77379,1,746.55,GBP
2010-01-15 00:00:00,2010-01-22 00:00:00,645,83236,1,746.55,GBP
2010-01-15 00:00:00,2010-01-22 00:00:00,645,92024,1,761.5125,GBP
2010-01-15 00:00:00,2010-01-22 00:00:00,645,93205,1,761.5125,GBP
2010-01-15 00:00:00,2010-01-22 00:00:00,645,94114,1,761.5125,GBP
2010-01-15 00:00:00,2010-01-22 00:00:00,645,96161,1,761.5125,GBP
2010-01-15 00:00:00,2010-01-22 00:00:00,658,33460,1,902.7375,USD
2010-01-15 00:00:00,2010-01-22 00:00:00,658,37766,1,902.7375,GBP
2010-01-15 00:00:00,2010-01-22 00:00:00,658,53207,1,902.7375,GBP
2010-01-15 00:00:00,2010-01-22 00:00:00,658,66044,1,902.7375,GBP
2010-01-15 00:00:00,2010-01-22 00:00:00,658,70733,1,902.7375,GBP
2010-01-15 00:00:00,2010-01-22 00:00:00,658,72653,1,902.7375,GBP
2010-01-15 00:00:00,2010-01-22 00:00:00,658,75418,1,902.7375,USD
2010-01-15 00:00:00,2010-01-22 00:00:00,658,77479,1,902.7375,GBP
2010-01-15 00:00:00,2010-01-22 00:00:00,658,85254,1,902.7375,GBP
2010-01-15 00:00:00,2010-01-22 00:00:00,658,87196,1,902.7375,GBP
2010-01-15 00:00:00,2010-01-22 00:00:00,658,95010,2,1835.925,USD
2010-01-15 00:00:00,2010-01-22 00:00:00,658,95037,1,917.9625,USD
2010-01-15 00:00:00,2010-01-22 00:00:00,658,99737,1,902.7375,USD
2010-01-15 00:00:00,2010-01-22 00:00:00,663,21122,1,765.45,GBP
2010-01-15 00:00:00,2010-01-22 00:00:00,663,33410,1,765.45,GBP
2010-01-15 00:00:00,2010-01-22 00:00:00,663,34786,1,765.45,USD
2010-01-15 00:00:00,2010-01-22 00:00:00,663,52301,1,765.45,USD
2010-01-15 00:00:00,2010-01-22 00:00:00,663,53051,1,765.45,GBP
2010-01-15 00:00:00,2010-01-22 00:00:00,663,92270,1,780.4125,USD
2010-01-15 00:00:00,2010-01-22 00:00:00,663,95340,1,780.4125,USD
2010-01-15 00:00:00,2010-01-22 00:00:00,663,95630,2,1560.825,USD
2010-01-15 00:00:00,2010-01-22 00:00:00,676,06096,1,801.9375,USD
2010-01-15 00:00:00,2010-01-22 00:00:00,676,06443,1,801.9375,USD
2010-01-15 00:00:00,2010-01-22 00:00:00,676,06902,2,1603.875,USD
2010-01-15 00:00:00,2010-01-22 00:00:00,676,07071,1,801.9375,USD
2010-01-15 00:00:00,2010-01-22 00:00:00,676,08232,1,801.9375,USD
2010-01-15 00:00:00,2010-01-22 00:00:00,676,08723,1,801.9375,USD
2010-01-15 00:00:00,2010-01-22 00:00:00,676,08753,1,801.9375,GBP
2010-01-15 00:00:00,2010-01-22 00:00:00,676,20744,1,801.9375,USD
2010-01-15 00:00:00,2010-01-22 00:00:00,676,29483,1,801.9375,USD
2010-01-15 00:00:00,2010-01-22 00:00:00,676,32095,1,801.9375,USD
2010-01-15 00:00:00,2010-01-22 00:00:00,676,32210,1,801.9375,GBP
2010-01-15 00:00:00,2010-01-22 00:00:00,676,33156,1,801.9375,USD
2010-01-15 00:00:00,2010-01-22 00:00:00,676,33161,1,801.9375,GBP
2010-01-15 00:00:00,2010-01-22 00:00:00,676,33296,1,801.9375,GBP
2010-01-15 00:00:00,2010-01-22 00:00:00,676,33324,2,1603.875,GBP
2010-01-15 00:00:00,2010-01-22 00:00:00,676,33810,1,801.9375,USD
2010-01-15 00:00:00,2010-01-22 00:00:00,676,35242,1,801.9375,GBP
2010-01-15 00:00:00,2010-01-22 00:00:00,676,42303,1,801.9375,USD
2010-01-15 00:00:00,2010-01-22 00:00:00,676,46011,1,801.9375,USD
2010-01-15 00:00:00,2010-01-22 00:00:00,676,46237,1,801.9375,GBP
2010-01-15 00:00:00,2010-01-22 00:00:00,676,46516,1,801.9375,GBP
2010-01-15 00:00:00,2010-01-22 00:00:00,676,50666,1,801.9375,GBP
2010-01-15 00:00:00,2010-01-22 00:00:00,676,50670,1,1603.875,USD
2010-01-15 00:00:00,2010-01-22 00:00:00,676,53010,2,1603.875,USD
2010-01-15 00:00:00,2010-01-22 00:00:00,676,53959,1,801.9375,GBP
2010-01-15 00:00:00,2010-01-22 00:00:00,676,54449,1,801.9375,USD
2010-01-15 00:00:00,2010-01-22 00:00:00,676,54669,1,801.9375,USD
2010-01-15 00:00:00,2010-01-22 00:00:00,676,58104,1,801.9375,USD
2010-01-15 00:00:00,2010-01-22 00:00:00,676,58545,1,801.9375,USD
2010-01-15 00:00:00,2010-01-22 00:00:00,676,59061,1,801.9375,USD
2010-01-15 00:00:00,2010-01-22 00:00:00,676,59604,1,801.9375,USD
2010-01-15 00:00:00,2010-01-22 00:00:00,676,65804,1,801.9375,USD
2010-01-15 00:00:00,2010-01-22 00:00:00,676,67665,1,801.9375,USD
2010-01-15 00:00:00,2010-01-22 00:00:00,676,67880,1,801.9375,USD
2010-01-15 00:00:00,2010-01-22 00:00:00,676,77378,1,801.9375,USD
2010-01-15 00:00:00,2010-01-22 00:00:00,676,78414,1,801.9375,USD
2010-01-15 00:00:00,2010-01-22 00:00:00,676,78597,1,801.9375,USD
2010-01-15 00:00:00,2010-01-22 00:00:00,676,82833,1,801.9375,GBP
2010-01-15 00:00:00,2010-01-22 00:00:00,676,84057,1,801.9375,USD
2010-01-15 00:00:00,2010-01-22 00:00:00,676,85743,1,801.9375,USD
2010-01-15 00:00:00,2010-01-22 00:00:00,676,89014,1,801.9375,USD
2010-01-15 00:00:00,2010-01-22 00:00:00,676,91206,1,816.9,USD
2010-01-15 00:00:00,2010-01-22 00:00:00,676,91709,1,816.9,USD
2010-01-15 00:00:00,2010-01-22 00:00:00,676,91935,1,816.9,GBP
2010-01-15 00:00:00,2010-01-22 00:00:00,676,92130,2,1633.8,USD
2010-01-15 00:00:00,2010-01-22 00:00:00,676,92320,1,816.9,USD
2010-01-15 00:00:00,2010-01-22 00:00:00,676,92807,1,816.9,USD
2010-01-15 00:00:00,2010-01-22 00:00:00,676,93635,1,816.9,GBP
2010-01-15 00:00:00,2010-01-22 00:00:00,676,93901,1,816.9,USD
2010-01-15 00:00:00,2010-01-22 00:00:00,676,94538,1,816.9,GBP
2010-01-15 00:00:00,2010-01-22 00:00:00,676,94547,1,816.9,GBP
2010-01-15 00:00:00,2010-01-22 00:00:00,676,95630,1,816.9,GBP
2010-01-15 00:00:00,2010-01-22 00:00:00,676,95762,1,816.9,USD
2010-01-15 00:00:00,2010-01-22 00:00:00,681,06905,1,629.7375,USD
2010-01-15 00:00:00,2010-01-22 00:00:00,681,19720,1,629.7375,GBP
2010-01-15 00:00:00,2010-01-22 00:00:00,681,19803,1,629.7375,USD
2010-01-15 00:00:00,2010-01-22 00:00:00,681,32656,1,629.7375,USD
2010-01-15 00:00:00,2010-01-22 00:00:00,681,37075,1,629.7375,USD
2010-01-15 00:00:00,2010-01-22 00:00:00,681,52531,1,1889.2124999999999,GBP
2010-01-15 00:00:00,2010-01-22 00:00:00,681,52531,1,3778.425,USD
2010-01-15 00:00:00,2010-01-22 00:00:00,681,66048,1,629.7375,USD
2010-01-15 00:00:00,2010-01-22 00:00:00,681,68848,1,629.7375,USD
2010-01-15 00:00:00,2010-01-22 00:00:00,681,69143,1,629.7375,USD
2010-01-15 00:00:00,2010-01-22 00:00:00,681,70094,1,629.7375,USD
2010-01-15 00:00:00,2010-01-22 00:00:00,681,84405,1,629.7375,GBP
2010-01-15 00:00:00,2010-01-22 00:00:00,681,92021,1,644.9625,GBP
2010-01-15 00:00:00,2010-01-22 00:00:00,683,07436,1,788.025,GBP
2010-01-15 00:00:00,2010-01-22 00:00:00,683,08080,1,788.025,USD
2010-01-15 00:00:00,2010-01-22 00:00:00,683,41042,1,788.025,GBP
2010-01-15 00:00:00,2010-01-22 00:00:00,683,53121,1,788.025,GBP
2010-01-15 00:00:00,2010-01-22 00:00:00,683,56007,1,788.025,USD
2010-01-15 00:00:00,2010-01-22 00:00:00,683,63131,1,788.025,GBP
2010-01-15 00:00:00,2010-01-22 00:00:00,683,70005,1,788.025,GBP
2010-01-15 00:00:00,2010-01-22 00:00:00,683,77805,1,788.025,GBP
2010-01-15 00:00:00,2010-01-22 00:00:00,683,78629,1,788.025,USD
2010-01-15 00:00:00,2010-01-22 00:00:00,683,79605,1,788.025,GBP
2010-01-15 00:00:00,2010-01-22 00:00:00,683,85364,1,788.025,GBP
2010-01-15 00:00:00,2010-01-22 00:00:00,687,08753,1,445.9875,GBP
2010-01-15 00:00:00,2010-01-22 00:00:00,687,08876,1,445.9875,USD
2010-01-15 00:00:00,2010-01-22 00:00:00,687,32084,1,445.9875,USD
2010-01-15 00:00:00,2010-01-22 00:00:00,687,32561,1,445.9875,GBP
2010-01-15 00:00:00,2010-01-22 00:00:00,687,33027,1,445.9875,GBP
2010-01-15 00:00:00,2010-01-22 00:00:00,687,36701,1,445.9875,GBP
2010-01-15 00:00:00,2010-01-22 00:00:00,687,46017,1,445.9875,GBP
2010-01-15 00:00:00,2010-01-22 00:00:00,687,52213,1,445.9875,GBP
2010-01-15 00:00:00,2010-01-22 00:00:00,687,54014,1,445.9875,GBP
2010-01-15 00:00:00,2010-01-22 00:00:00,687,57013,1,445.9875,USD
2010-01-15 00:00:00,2010-01-22 00:00:00,687,70094,1,440.7375,USD
2010-01-15 00:00:00,2010-01-22 00:00:00,687,70605,1,445.9875,USD
2010-01-15 00:00:00,2010-01-22 00:00:00,687,84078,1,445.9875,USD
2010-01-15 00:00:00,2010-01-22 00:00:00,687,93005,1,452.2875,USD
2010-01-15 00:00:00,2010-01-22 00:00:00,687,94268,1,445.9875,USD
2010-01-15 00:00:00,2010-01-22 00:00:00,702,85650,1,286.0725,GBP
2010-01-15 00:00:00,2010-01-22 00:00:00,702,90713,1,286.0725,USD
2010-01-15 00:00:00,2010-01-22 00:00:00,702,93432,1,286.0725,USD
2010-01-15 00:00:00,2010-01-22 00:00:00,702,93635,1,286.0725,GBP
2010-01-15 00:00:00,2010-01-22 00:00:00,713,33150,1,160.0725,USD
2010-01-15 00:00:00,2010-01-22 00:00:00,713,37134,1,160.0725,GBP
2010-01-15 00:00:00,2010-01-22 00:00:00,713,40208,1,160.0725,USD
2010-01-15 00:00:00,2010-01-22 00:00:00,713,46774,1,160.0725,USD
2010-01-15 00:00:00,2010-01-22 00:00:00,713,47905,1,160.0725,USD
2010-01-15 00:00:00,2010-01-22 00:00:00,713,76053,1,160.0725,USD
2010-01-15 00:00:00,2010-01-22 00:00:00,713,85361,1,160.0725,USD
2010-01-15 00:00:00,2010-01-22 00:00:00,713,92373,1,160.0725,USD
2010-01-15 00:00:00,2010-01-22 00:00:00,713,93021,1,160.0725,USD
2010-01-15 00:00:00,2010-01-22 00:00:00,713,95746,1,160.0725,USD
2010-01-15 00:00:00,2010-01-22 00:00:00,713,97539,1,160.0725,USD
2010-01-15 00:00:00,2010-01-22 00:00:00,714,19720,1,160.0725,GBP
2010-01-15 00:00:00,2010-01-22 00:00:00,714,29715,1,160.0725,GBP
2010-01-15 00:00:00,2010-01-22 00:00:00,714,33409,1,160.0725,GBP
2010-01-15 00:00:00,2010-01-22 00:00:00,714,38356,1,160.0725,GBP
2010-01-15 00:00:00,2010-01-22 00:00:00,714,85361,1,160.0725,USD
2010-01-15 00:00:00,2010-01-22 00:00:00,714,92071,1,160.0725,GBP
2010-01-15 00:00:00,2010-01-22 00:00:00,714,92335,2,320.145,GBP
2010-01-15 00:00:00,2010-01-22 00:00:00,714,95746,1,160.0725,USD
2010-01-15 00:00:00,2010-01-22 00:00:00,725,02668,1,115.4475,GBP
2010-01-15 00:00:00,2010-01-22 00:00:00,725,06339,1,115.4475,GBP
2010-01-15 00:00:00,2010-01-22 00:00:00,725,07675,1,115.4475,GBP
2010-01-15 00:00:00,2010-01-22 00:00:00,725,08318,1,115.4475,GBP
2010-01-15 00:00:00,2010-01-22 00:00:00,725,08610,1,115.4475,GBP
2010-01-15 00:00:00,2010-01-22 00:00:00,725,19943,1,115.4475,GBP
2010-01-15 00:00:00,2010-01-22 00:00:00,725,21776,2,230.895,GBP
2010-01-15 00:00:00,2010-01-22 00:00:00,725,21797,1,115.4475,GBP
2010-01-15 00:00:00,2010-01-22 00:00:00,725,21826,1,115.4475,GBP
2010-01-15 00:00:00,2010-01-22 00:00:00,725,21835,1,115.4475,USD
2010-01-15 00:00:00,2010-01-22 00:00:00,725,29316,1,115.4475,GBP
2010-01-15 00:00:00,2010-01-22 00:00:00,725,29341,1,115.4475,GBP
2010-01-15 00:00:00,2010-01-22 00:00:00,725,29501,1,115.4475,GBP
2010-01-15 00:00:00,2010-01-22 00:00:00,725,29550,1,115.4475,USD
2010-01-15 00:00:00,2010-01-22 00:00:00,725,29687,1,115.4475,GBP
2010-01-15 00:00:00,2010-01-22 00:00:00,725,32577,1,115.4475,USD
2010-01-15 00:00:00,2010-01-22 00:00:00,725,32798,1,115.4475,GBP
2010-01-15 00:00:00,2010-01-22 00:00:00,725,33823,1,115.4475,USD
2010-01-15 00:00:00,2010-01-22 00:00:00,725,35111,1,115.4475,USD
2010-01-15 00:00:00,2010-01-22 00:00:00,725,35580,1,115.4475,GBP
2010-01-15 00:00:00,2010-01-22 00:00:00,725,37075,1,115.4475,GBP
2010-01-15 00:00:00,2010-01-22 00:00:00,725,37130,1,115.4475,GBP
2010-01-15 00:00:00,2010-01-22 00:00:00,725,39180,1,115.4475,GBP
2010-01-15 00:00:00,2010-01-22 00:00:00,725,40962,1,115.4475,USD
2010-01-15 00:00:00,2010-01-22 00:00:00,725,40965,1,115.4475,USD
2010-01-15 00:00:00,2010-01-22 00:00:00,725,41502,1,115.4475,GBP
2010-01-15 00:00:00,2010-01-22 00:00:00,725,42445,2,230.895,USD
2010-01-15 00:00:00,2010-01-22 00:00:00,725,52627,1,115.4475,GBP
2010-01-15 00:00:00,2010-01-22 00:00:00,725,56304,1,115.4475,GBP
2010-01-15 00:00:00,2010-01-22 00:00:00,725,70769,1,115.4475,GBP
2010-01-15 00:00:00,2010-01-22 00:00:00,725,71225,1,115.4475,USD
2010-01-15 00:00:00,2010-01-22 00:00:00,725,74727,1,115.4475,GBP
2010-01-15 00:00:00,2010-01-22 00:00:00,725,75951,1,115.4475,GBP
2010-01-15 00:00:00,2010-01-22 00:00:00,725,77084,1,115.4475,GBP
2010-01-15 00:00:00,2010-01-22 00:00:00,725,77479,1,115.4475,GBP
2010-01-15 00:00:00,2010-01-22 00:00:00,725,89410,1,115.4475,GBP
2010-01-15 00:00:00,2010-01-22 00:00:00,725,91381,1,115.4475,GBP
2010-01-15 00:00:00,2010-01-22 00:00:00,725,91411,1,115.4475,USD
2010-01-15 00:00:00,2010-01-22 00:00:00,725,95023,2,230.895,GBP
2010-01-15 00:00:00,2010-01-22 00:00:00,725,95616,1,115.4475,GBP
2010-01-15 00:00:00,2010-01-22 00:00:00,725,97009,1,115.4475,USD
2010-01-15 00:00:00,2010-01-22 00:00:00,725,97266,1,115.4475,GBP
2010-01-15 00:00:00,2010-01-22 00:00:00,726,06484,1,115.4475,USD
2010-01-15 00:00:00,2010-01-22 00:00:00,726,07748,1,115.4475,USD
2010-01-15 00:00:00,2010-01-22 00:00:00,726,07960,1,115.4475,USD
2010-01-15 00:00:00,2010-01-22 00:00:00,726,08619,1,115.4475,GBP
2010-01-15 00:00:00,2010-01-22 00:00:00,726,19953,1,115.4475,GBP
2010-01-15 00:00:00,2010-01-22 00:00:00,726,20639,1,115.4475,USD
2010-01-15 00:00:00,2010-01-22 00:00:00,726,20748,1,115.4475,USD
2010-01-15 00:00:00,2010-01-22 00:00:00,726,20882,1,115.4475,USD
2010-01-15 00:00:00,2010-01-22 00:00:00,726,21050,1,115.4475,GBP
2010-01-15 00:00:00,2010-01-22 00:00:00,726,21701,1,115.4475,USD
2010-01-15 00:00:00,2010-01-22 00:00:00,726,21784,1,115.4475,USD
2010-01-15 00:00:00,2010-01-22 00:00:00,726,21797,1,115.4475,USD
2010-01-15 00:00:00,2010-01-22 00:00:00,726,25674,1,115.4475,GBP
2010-01-15 00:00:00,2010-01-22 00:00:00,726,26505,1,115.4475,GBP
2010-01-15 00:00:00,2010-01-22 00:00:00,726,29115,1,115.4475,GBP
2010-01-15 00:00:00,2010-01-22 00:00:00,726,29316,1,115.4475,GBP
2010-01-15 00:00:00,2010-01-22 00:00:00,726,29449,1,115.4475,USD
2010-01-15 00:00:00,2010-01-22 00:00:00,726,29554,1,115.4475,USD
2010-01-15 00:00:00,2010-01-22 00:00:00,726,33981,1,115.4475,USD
2010-01-15 00:00:00,2010-01-22 00:00:00,726,35146,1,115.4475,GBP
2010-01-15 00:00:00,2010-01-22 00:00:00,726,35580,1,115.4475,GBP
2010-01-15 00:00:00,2010-01-22 00:00:00,726,37207,1,115.4475,USD
2010-01-15 00:00:00,2010-01-22 00:00:00,726,39204,1,115.4475,USD
2010-01-15 00:00:00,2010-01-22 00:00:00,726,40965,1,115.4475,USD
2010-01-15 00:00:00,2010-01-22 00:00:00,726,42445,2,230.895,GBP
2010-01-15 00:00:00,2010-01-22 00:00:00,726,46140,1,115.4475,USD
2010-01-15 00:00:00,2010-01-22 00:00:00,726,46750,1,115.4475,USD
2010-01-15 00:00:00,2010-01-22 00:00:00,726,47905,1,115.4475,USD
2010-01-15 00:00:00,2010-01-22 00:00:00,726,63026,2,230.895,USD
2010-01-15 00:00:00,2010-01-22 00:00:00,726,68467,1,115.4475,GBP
2010-01-15 00:00:00,2010-01-22 00:00:00,726,70503,1,115.4475,USD
2010-01-15 00:00:00,2010-01-22 00:00:00,726,70726,1,115.4475,GBP
2010-01-15 00:00:00,2010-01-22 00:00:00,726,70817,1,115.4475,USD
2010-01-15 00:00:00,2010-01-22 00:00:00,726,71006,1,115.4475,GBP
2010-01-15 00:00:00,2010-01-22 00:00:00,726,71270,1,115.4475,USD
2010-01-15 00:00:00,2010-01-22 00:00:00,726,71749,1,115.4475,USD
2010-01-15 00:00:00,2010-01-22 00:00:00,726,72012,1,115.4475,USD
2010-01-15 00:00:00,2010-01-22 00:00:00,726,72015,1,115.4475,GBP
2010-01-15 00:00:00,2010-01-22 00:00:00,726,73044,1,115.4475,GBP
2010-01-15 00:00:00,2010-01-22 00:00:00,726,73550,1,115.4475,USD
2010-01-15 00:00:00,2010-01-22 00:00:00,726,75224,1,115.4475,USD
2010-01-15 00:00:00,2010-01-22 00:00:00,726,77084,1,115.4475,GBP
2010-01-15 00:00:00,2010-01-22 00:00:00,726,77511,2,228.27,GBP
2010-01-15 00:00:00,2010-01-22 00:00:00,726,78666,1,115.4475,GBP
2010-01-15 00:00:00,2010-01-22 00:00:00,726,82501,1,115.4475,USD
2010-01-15 00:00:00,2010-01-22 00:00:00,726,83101,1,115.4475,GBP
2010-01-15 00:00:00,2010-01-22 00:00:00,726,85255,1,115.4475,GBP
2010-01-15 00:00:00,2010-01-22 00:00:00,726,90808,1,115.4475,GBP
2010-01-15 00:00:00,2010-01-22 00:00:00,726,91331,1,115.4475,GBP
2010-01-15 00:00:00,2010-01-22 00:00:00,726,92082,1,115.4475,USD
2010-01-15 00:00:00,2010-01-22 00:00:00,726,92242,1,115.4475,GBP
2010-01-15 00:00:00,2010-01-22 00:00:00,726,94506,1,115.4475,GBP
2010-01-15 00:00:00,2010-01-22 00:00:00,726,94533,2,230.895,GBP
2010-01-15 00:00:00,2010-01-22 00:00:00,726,97212,1,115.4475,GBP
2010-01-15 00:00:00,2010-01-22 00:00:00,726,97408,1,115.4475,USD
2010-01-15 00:00:00,2010-01-22 00:00:00,726,99711,1,115.4475,USD
2010-01-15 00:00:00,2010-01-22 00:00:00,727,06907,2,125.895,USD
2010-01-15 00:00:00,2010-01-22 00:00:00,727,07438,1,62.9475,GBP
2010-01-15 00:00:00,2010-01-22 00:00:00,727,08302,1,62.9475,GBP
2010-01-15 00:00:00,2010-01-22 00:00:00,727,08332,1,62.9475,GBP
2010-01-15 00:00:00,2010-01-22 00:00:00,727,19733,1,62.9475,GBP
2010-01-15 00:00:00,2010-01-22 00:00:00,727,20720,2,125.895,GBP
2010-01-15 00:00:00,2010-01-22 00:00:00,727,21037,1,188.8425,USD
2010-01-15 00:00:00,2010-01-22 00:00:00,727,21084,1,62.9475,GBP
2010-01-15 00:00:00,2010-01-22 00:00:00,727,21738,1,62.9475,GBP
2010-01-15 00:00:00,2010-01-22 00:00:00,727,21742,1,68.1975,GBP
2010-01-15 00:00:00,2010-01-22 00:00:00,727,21771,2,136.395,USD
2010-01-15 00:00:00,2010-01-22 00:00:00,727,25271,1,68.1975,GBP
2010-01-15 00:00:00,2010-01-22 00:00:00,727,26039,1,68.1975,GBP
2010-01-15 00:00:00,2010-01-22 00:00:00,727,29679,1,62.9475,GBP
2010-01-15 00:00:00,2010-01-22 00:00:00,727,32561,1,68.1975,GBP
2010-01-15 00:00:00,2010-01-22 00:00:00,727,32967,1,62.9475,GBP
2010-01-15 00:00:00,2010-01-22 00:00:00,727,33066,1,62.9475,GBP
2010-01-15 00:00:00,2010-01-22 00:00:00,727,33067,1,68.1975,USD
2010-01-15 00:00:00,2010-01-22 00:00:00,727,33317,1,68.1975,GBP
2010-01-15 00:00:00,2010-01-22 00:00:00,727,35242,1,62.9475,GBP
2010-01-15 00:00:00,2010-01-22 00:00:00,727,36054,1,62.9475,GBP
2010-01-15 00:00:00,2010-01-22 00:00:00,727,36863,2,136.395,GBP
2010-01-15 00:00:00,2010-01-22 00:00:00,727,37128,2,125.895,GBP
2010-01-15 00:00:00,2010-01-22 00:00:00,727,37917,1,62.9475,GBP
2010-01-15 00:00:00,2010-01-22 00:00:00,727,38001,1,62.9475,GBP
2010-01-15 00:00:00,2010-01-22 00:00:00,727,39730,1,68.1975,GBP
2010-01-15 00:00:00,2010-01-22 00:00:00,727,40214,1,62.9475,GBP
2010-01-15 00:00:00,2010-01-22 00:00:00,727,41219,1,62.9475,GBP
2010-01-15 00:00:00,2010-01-22 00:00:00,727,71111,1,62.9475,GBP
2010-01-15 00:00:00,2010-01-22 00:00:00,727,71119,1,62.9475,GBP
2010-01-15 00:00:00,2010-01-22 00:00:00,727,73130,1,62.9475,GBP
2010-01-15 00:00:00,2010-01-22 00:00:00,727,75043,1,62.9475,USD
2010-01-15 00:00:00,2010-01-22 00:00:00,727,78253,1,62.9475,GBP
2010-01-15 00:00:00,2010-01-22 00:00:00,727,78852,1,62.9475,USD
2010-01-15 00:00:00,2010-01-22 00:00:00,727,83864,3,194.0925,GBP
2010-01-15 00:00:00,2010-01-22 00:00:00,727,84404,1,62.9475,USD
2010-01-15 00:00:00,2010-01-22 00:00:00,727,91352,1,62.9475,USD
2010-01-15 00:00:00,2010-01-22 00:00:00,727,91367,1,62.9475,GBP
2010-01-15 00:00:00,2010-01-22 00:00:00,727,91701,1,62.9475,GBP
2010-01-15 00:00:00,2010-01-22 00:00:00,727,92019,1,62.9475,USD
2010-01-15 00:00:00,2010-01-22 00:00:00,727,92064,1,62.9475,GBP
2010-01-15 00:00:00,2010-01-22 00:00:00,727,92324,1,62.9475,USD
2010-01-15 00:00:00,2010-01-22 00:00:00,727,92544,2,125.895,USD
2010-01-15 00:00:00,2010-01-22 00:00:00,727,92677,1,62.9475,GBP
2010-01-15 00:00:00,2010-01-22 00:00:00,727,93001,1,62.9475,GBP
2010-01-15 00:00:00,2010-01-22 00:00:00,727,93516,1,62.9475,GBP
2010-01-15 00:00:00,2010-01-22 00:00:00,727,93662,1,62.9475,GBP
2010-01-15 00:00:00,2010-01-22 00:00:00,727,93940,1,62.9475,GBP
2010-01-15 00:00:00,2010-01-22 00:00:00,727,94587,1,62.9475,GBP
2010-01-15 00:00:00,2010-01-22 00:00:00,727,95340,1,62.9475,GBP
2010-01-15 00:00:00,2010-01-22 00:00:00,727,95461,1,62.9475,GBP
2010-01-15 00:00:00,2010-01-22 00:00:00,727,95492,1,62.9475,GBP
2010-01-15 00:00:00,2010-01-22 00:00:00,728,02364,1,68.1975,GBP
2010-01-15 00:00:00,2010-01-22 00:00:00,728,21037,1,188.8425,GBP
2010-01-15 00:00:00,2010-01-22 00:00:00,728,21037,1,125.895,USD
2010-01-15 00:00:00,2010-01-22 00:00:00,728,21122,1,62.9475,GBP
2010-01-15 00:00:00,2010-01-22 00:00:00,728,29153,1,62.9475,GBP
2010-01-15 00:00:00,2010-01-22 00:00:00,728,32404,1,68.1975,GBP
2010-01-15 00:00:00,2010-01-22 00:00:00,728,32577,2,125.895,GBP
2010-01-15 00:00:00,2010-01-22 00:00:00,728,33066,1,62.9475,USD
2010-01-15 00:00:00,2010-01-22 00:00:00,728,33067,1,68.1975,GBP
2010-01-15 00:00:00,2010-01-22 00:00:00,728,33813,2,136.395,GBP
2010-01-15 00:00:00,2010-01-22 00:00:00,728,33880,1,62.9475,USD
2010-01-15 00:00:00,2010-01-22 00:00:00,728,35226,1,62.9475,USD
2010-01-15 00:00:00,2010-01-22 00:00:00,728,35466,1,62.9475,GBP
2010-01-15 00:00:00,2010-01-22 00:00:00,728,36863,2,136.395,GBP
2010-01-15 00:00:00,2010-01-22 00:00:00,728,37043,1,62.9475,GBP
2010-01-15 00:00:00,2010-01-22 00:00:00,728,37617,1,62.9475,USD
2010-01-15 00:00:00,2010-01-22 00:00:00,728,38001,1,62.9475,GBP
2010-01-15 00:00:00,2010-01-22 00:00:00,728,53952,1,62.9475,GBP
2010-01-15 00:00:00,2010-01-22 00:00:00,728,64076,1,62.9475,GBP
2010-01-15 00:00:00,2010-01-22 00:00:00,728,65583,1,62.9475,GBP
2010-01-15 00:00:00,2010-01-22 00:00:00,728,70461,2,125.895,USD
2010-01-15 00:00:00,2010-01-22 00:00:00,728,75670,1,62.9475,GBP
2010-01-15 00:00:00,2010-01-22 00:00:00,728,75683,1,62.9475,USD
2010-01-15 00:00:00,2010-01-22 00:00:00,728,76140,1,62.9475,USD
2010-01-15 00:00:00,2010-01-22 00:00:00,728,77346,1,62.9475,USD
2010-01-15 00:00:00,2010-01-22 00:00:00,728,77384,1,62.9475,GBP
2010-01-15 00:00:00,2010-01-22 00:00:00,728,77505,1,62.9475,GBP
2010-01-15 00:00:00,2010-01-22 00:00:00,728,77546,1,62.9475,GBP
2010-01-15 00:00:00,2010-01-22 00:00:00,728,85213,1,62.9475,GBP
2010-01-15 00:00:00,2010-01-22 00:00:00,728,87401,1,62.9475,GBP
2010-01-15 00:00:00,2010-01-22 00:00:00,728,90293,2,125.895,USD
2010-01-15 00:00:00,2010-01-22 00:00:00,728,91352,1,62.9475,GBP
2010-01-15 00:00:00,2010-01-22 00:00:00,728,92067,1,62.9475,GBP
2010-01-15 00:00:00,2010-01-22 00:00:00,728,92595,2,125.895,GBP
2010-01-15 00:00:00,2010-01-22 00:00:00,728,92677,1,62.9475,USD
2010-01-15 00:00:00,2010-01-22 00:00:00,728,93516,1,62.9475,GBP
2010-01-15 00:00:00,2010-01-22 00:00:00,728,93550,1,62.9475,USD
2010-01-15 00:00:00,2010-01-22 00:00:00,728,94595,1,62.9475,GBP
2010-01-15 00:00:00,2010-01-22 00:00:00,728,95492,1,62.9475,USD
2010-01-15 00:00:00,2010-01-22 00:00:00,728,95993,1,62.9475,GBP
2010-01-15 00:00:00,2010-01-22 00:00:00,730,53520,1,301.8225,USD
2010-01-15 00:00:00,2010-01-22 00:00:00,730,92111,1,301.8225,USD
2010-01-15 00:00:00,2010-01-22 00:00:00,739,29506,1,170.5725,GBP
2010-01-15 00:00:00,2010-01-22 00:00:00,739,33860,1,170.5725,GBP
2010-01-15 00:00:00,2010-01-22 00:00:00,739,35071,1,170.5725,GBP
2010-01-15 00:00:00,2010-01-22 00:00:00,739,35747,1,170.5725,GBP
2010-01-15 00:00:00,2010-01-22 00:00:00,739,35986,1,170.5725,GBP
2010-01-15 00:00:00,2010-01-22 00:00:00,739,36256,1,170.5725,USD
2010-01-15 00:00:00,2010-01-22 00:00:00,739,38843,1,170.5725,GBP
2010-01-15 00:00:00,2010-01-22 00:00:00,739,54511,1,170.5725,GBP
2010-01-15 00:00:00,2010-01-22 00:00:00,739,55042,1,170.5725,GBP
2010-01-15 00:00:00,2010-01-22 00:00:00,739,57763,1,167.9475,USD
2010-01-15 00:00:00,2010-01-22 00:00:00,739,73071,1,170.5725,USD
2010-01-15 00:00:00,2010-01-22 00:00:00,739,75476,1,170.5725,USD
2010-01-15 00:00:00,2010-01-22 00:00:00,739,78263,2,341.145,GBP
2010-01-15 00:00:00,2010-01-22 00:00:00,739,79109,1,170.5725,GBP
2010-01-15 00:00:00,2010-01-22 00:00:00,739,83616,1,170.5725,GBP
2010-01-15 00:00:00,2010-01-22 00:00:00,739,94041,1,170.5725,GBP
2010-01-15 00:00:00,2010-01-22 00:00:00,739,95425,1,170.5725,GBP
2010-01-15 00:00:00,2010-01-22 00:00:00,739,95825,1,170.5725,GBP
2010-01-15 00:00:00,2010-01-22 00:00:00,739,95953,1,170.5725,GBP
2010-01-15 00:00:00,2010-01-22 00:00:00,740,40755,1,170.5725,GBP
2010-01-15 00:00:00,2010-01-22 00:00:00,740,57763,1,167.9475,GBP
2010-01-15 00:00:00,2010-01-22 00:00:00,740,75476,1,170.5725,GBP
2010-01-15 00:00:00,2010-01-22 00:00:00,740,79769,2,341.145,GBP
2010-01-15 00:00:00,2010-01-22 00:00:00,740,83616,1,170.5725,USD
2010-01-15 00:00:00,2010-01-22 00:00:00,740,83856,1,170.5725,USD
2010-01-15 00:00:00,2010-01-22 00:00:00,740,91311,1,170.5725,USD
2010-01-15 00:00:00,2010-01-22 00:00:00,740,92129,1,170.5725,USD
2010-01-15 00:00:00,2010-01-22 00:00:00,740,93240,4,682.29,GBP
2010-01-15 00:00:00,2010-01-22 00:00:00,740,93550,1,170.5725,GBP
2010-01-15 00:00:00,2010-01-22 00:00:00,740,95121,1,170.5725,GBP
2010-01-15 00:00:00,2010-01-22 00:00:00,740,95249,1,170.5725,USD
2010-01-15 00:00:00,2010-01-22 00:00:00,743,08852,1,267.6975,GBP
2010-01-15 00:00:00,2010-01-22 00:00:00,744,95065,1,270.3225,GBP
2010-01-15 00:00:00,2010-01-22 00:00:00,747,75040,1,291.3225,USD
2010-01-15 00:00:00,2010-01-22 00:00:00,747,84065,1,291.3225,USD
2010-01-15 00:00:00,2010-01-22 00:00:00,747,84401,1,291.3225,GBP
2010-01-15 00:00:00,2010-01-22 00:00:00,747,89403,1,291.3225,GBP
2010-01-15 00:00:00,2010-01-22 00:00:00,747,94549,1,291.3225,GBP
2010-01-15 00:00:00,2010-01-22 00:00:00,748,40962,1,291.3225,GBP
2010-01-15 00:00:00,2010-01-22 00:00:00,748,87410,1,291.3225,GBP
2010-01-15 00:00:00,2010-01-22 00:00:00,748,89447,1,291.3225,GBP
2010-01-15 00:00:00,2010-01-22 00:00:00,748,92627,1,291.3225,GBP
2010-01-15 00:00:00,2010-01-22 00:00:00,753,29073,1,244.0725,GBP
2010-01-15 00:00:00,2010-01-22 00:00:00,753,37110,1,244.0725,GBP
2010-01-15 00:00:00,2010-01-22 00:00:00,753,50801,1,241.4475,GBP
2010-01-15 00:00:00,2010-01-22 00:00:00,753,63123,1,236.1975,USD
2010-01-15 00:00:00,2010-01-22 00:00:00,753,69346,1,241.4475,GBP
2010-01-15 00:00:00,2010-01-22 00:00:00,753,74401,1,244.0725,USD
2010-01-15 00:00:00,2010-01-22 00:00:00,753,83686,1,241.4475,USD
2010-01-15 00:00:00,2010-01-22 00:00:00,753,85206,1,244.0725,USD
2010-01-15 00:00:00,2010-01-22 00:00:00,753,91360,1,241.4475,USD
2010-01-15 00:00:00,2010-01-22 00:00:00,753,91701,1,244.0725,GBP
2010-01-15 00:00:00,2010-01-22 00:00:00,753,97535,1,244.0725,USD
2010-01-15 00:00:00,2010-01-22 00:00:00,754,63026,1,244.0725,GBP
2010-01-15 00:00:00,2010-01-22 00:00:00,754,67665,1,241.4475,GBP
2010-01-15 00:00:00,2010-01-22 00:00:00,754,85282,1,241.4475,GBP
2010-01-15 00:00:00,2010-01-22 00:00:00,754,85706,1,241.4475,USD
2010-01-15 00:00:00,2010-01-22 00:00:00,754,90041,1,241.4475,GBP
2010-01-15 00:00:00,2010-01-22 00:00:00,754,91311,1,241.4475,GBP
2010-01-15 00:00:00,2010-01-22 00:00:00,754,94587,1,244.0725,USD
2010-01-15 00:00:00,2010-01-22 00:00:00,754,97535,1,244.0725,USD
2010-01-15 00:00:00,2010-01-22 00:00:00,757,02769,1,83.9475,GBP
2010-01-15 00:00:00,2010-01-22 00:00:00,757,06478,2,167.895,GBP
2010-01-15 00:00:00,2010-01-22 00:00:00,757,08215,1,83.9475,GBP
2010-01-15 00:00:00,2010-01-22 00:00:00,757,08361,1,83.9475,GBP
2010-01-15 00:00:00,2010-01-22 00:00:00,757,19713,1,83.9475,GBP
2010-01-15 00:00:00,2010-01-22 00:00:00,757,21078,1,83.9475,USD
2010-01-15 00:00:00,2010-01-22 00:00:00,757,21122,1,83.9475,USD
2010-01-15 00:00:00,2010-01-22 00:00:00,757,21133,1,83.9475,GBP
2010-01-15 00:00:00,2010-01-22 00:00:00,757,21771,1,83.9475,GBP
2010-01-15 00:00:00,2010-01-22 00:00:00,757,29153,1,83.9475,USD
2010-01-15 00:00:00,2010-01-22 00:00:00,757,32216,1,83.9475,USD
2010-01-15 00:00:00,2010-01-22 00:00:00,757,32824,1,83.9475,GBP
2010-01-15 00:00:00,2010-01-22 00:00:00,757,33024,1,83.9475,USD
2010-01-15 00:00:00,2010-01-22 00:00:00,757,33801,1,83.9475,USD
2010-01-15 00:00:00,2010-01-22 00:00:00,757,34602,1,83.9475,GBP
2010-01-15 00:00:00,2010-01-22 00:00:00,757,34986,1,83.9475,GBP
2010-01-15 00:00:00,2010-01-22 00:00:00,757,35126,2,167.895,GBP
2010-01-15 00:00:00,2010-01-22 00:00:00,757,35502,1,83.9475,USD
2010-01-15 00:00:00,2010-01-22 00:00:00,757,35504,2,167.895,GBP
2010-01-15 00:00:00,2010-01-22 00:00:00,757,35763,1,83.9475,USD
2010-01-15 00:00:00,2010-01-22 00:00:00,757,37138,1,83.9475,USD
2010-01-15 00:00:00,2010-01-22 00:00:00,757,37660,1,83.9475,GBP
2010-01-15 00:00:00,2010-01-22 00:00:00,757,37752,1,83.9475,GBP
2010-01-15 00:00:00,2010-01-22 00:00:00,757,38824,1,83.9475,GBP
2010-01-15 00:00:00,2010-01-22 00:00:00,757,39046,1,83.9475,USD
2010-01-15 00:00:00,2010-01-22 00:00:00,757,40107,1,83.9475,USD
2010-01-15 00:00:00,2010-01-22 00:00:00,757,46383,2,167.895,GBP
2010-01-15 00:00:00,2010-01-22 00:00:00,757,46385,1,83.9475,USD
2010-01-15 00:00:00,2010-01-22 00:00:00,757,47635,1,83.9475,GBP
2010-01-15 00:00:00,2010-01-22 00:00:00,757,47940,1,83.9475,USD
2010-01-15 00:00:00,2010-01-22 00:00:00,757,68135,1,83.9475,GBP
2010-01-15 00:00:00,2010-01-22 00:00:00,757,70001,1,83.9475,GBP
2010-01-15 00:00:00,2010-01-22 00:00:00,757,70767,1,83.9475,GBP
2010-01-15 00:00:00,2010-01-22 00:00:00,757,72101,1,83.9475,GBP
2010-01-15 00:00:00,2010-01-22 00:00:00,757,72811,1,83.9475,GBP
2010-01-15 00:00:00,2010-01-22 00:00:00,757,76061,1,83.9475,GBP
2010-01-15 00:00:00,2010-01-22 00:00:00,757,77423,1,83.9475,GBP
2010-01-15 00:00:00,2010-01-22 00:00:00,757,77702,2,167.895,GBP
2010-01-15 00:00:00,2010-01-22 00:00:00,757,79543,1,83.9475,GBP
2010-01-15 00:00:00,2010-01-22 00:00:00,757,84119,1,83.9475,GBP
2010-01-15 00:00:00,2010-01-22 00:00:00,757,90715,1,83.9475,USD
2010-01-15 00:00:00,2010-01-22 00:00:00,757,91791,1,83.9475,GBP
2010-01-15 00:00:00,2010-01-22 00:00:00,757,92504,1,83.9475,USD
2010-01-15 00:00:00,2010-01-22 00:00:00,757,93268,1,83.9475,GBP
2010-01-15 00:00:00,2010-01-22 00:00:00,757,94960,1,83.9475,GBP
2010-01-15 00:00:00,2010-01-22 00:00:00,757,95473,1,83.9475,GBP
2010-01-15 00:00:00,2010-01-22 00:00:00,757,95476,1,83.9475,GBP
2010-01-15 00:00:00,2010-01-22 00:00:00,757,97702,3,251.8425,USD
2010-01-15 00:00:00,2010-01-22 00:00:00,758,08060,1,83.9475,USD
2010-01-15 00:00:00,2010-01-22 00:00:00,758,08361,1,83.9475,GBP
2010-01-15 00:00:00,2010-01-22 00:00:00,758,08723,1,83.9475,GBP
2010-01-15 00:00:00,2010-01-22 00:00:00,758,19702,1,83.9475,GBP
2010-01-15 00:00:00,2010-01-22 00:00:00,758,19956,1,83.9475,GBP
2010-01-15 00:00:00,2010-01-22 00:00:00,758,20607,1,83.9475,USD
2010-01-15 00:00:00,2010-01-22 00:00:00,758,29690,1,83.9475,USD
2010-01-15 00:00:00,2010-01-22 00:00:00,758,32667,1,83.9475,USD
2010-01-15 00:00:00,2010-01-22 00:00:00,758,32732,1,83.9475,GBP
2010-01-15 00:00:00,2010-01-22 00:00:00,758,32750,1,83.9475,GBP
2010-01-15 00:00:00,2010-01-22 00:00:00,758,33176,1,83.9475,GBP
2010-01-15 00:00:00,2010-01-22 00:00:00,758,34996,1,83.9475,USD
2010-01-15 00:00:00,2010-01-22 00:00:00,758,35503,1,83.9475,USD
2010-01-15 00:00:00,2010-01-22 00:00:00,758,35504,2,167.895,USD
2010-01-15 00:00:00,2010-01-22 00:00:00,758,35652,1,83.9475,GBP
2010-01-15 00:00:00,2010-01-22 00:00:00,758,36572,1,83.9475,USD
2010-01-15 00:00:00,2010-01-22 00:00:00,758,37938,1,83.9475,GBP
2010-01-15 00:00:00,2010-01-22 00:00:00,758,38965,1,83.9475,GBP
2010-01-15 00:00:00,2010-01-22 00:00:00,758,41265,1,83.9475,USD
2010-01-15 00:00:00,2010-01-22 00:00:00,758,41332,1,83.9475,USD
2010-01-15 00:00:00,2010-01-22 00:00:00,758,46807,1,83.9475,GBP
2010-01-15 00:00:00,2010-01-22 00:00:00,758,67060,1,83.9475,USD
2010-01-15 00:00:00,2010-01-22 00:00:00,758,72450,1,83.9475,USD
2010-01-15 00:00:00,2010-01-22 00:00:00,758,75605,1,83.9475,USD
2010-01-15 00:00:00,2010-01-22 00:00:00,758,76031,1,83.9475,GBP
2010-01-15 00:00:00,2010-01-22 00:00:00,758,79543,1,83.9475,USD
2010-01-15 00:00:00,2010-01-22 00:00:00,758,85035,1,83.9475,USD
2010-01-15 00:00:00,2010-01-22 00:00:00,758,92111,1,83.9475,GBP
2010-01-15 00:00:00,2010-01-22 00:00:00,758,93514,1,83.9475,USD
2010-01-15 00:00:00,2010-01-22 00:00:00,758,94947,1,83.9475,USD
2010-01-15 00:00:00,2010-01-22 00:00:00,758,95473,1,83.9475,GBP
2010-01-15 00:00:00,2010-01-22 00:00:00,758,97412,1,83.9475,USD
2010-01-15 00:00:00,2010-01-22 00:00:00,767,07074,1,104.9475,USD
2010-01-15 00:00:00,2010-01-22 00:00:00,767,20715,1,104.9475,USD
2010-01-15 00:00:00,2010-01-22 00:00:00,767,21028,1,104.9475,GBP
2010-01-15 00:00:00,2010-01-22 00:00:00,767,21037,1,104.9475,GBP
2010-01-15 00:00:00,2010-01-22 00:00:00,767,21037,1,209.895,USD
2010-01-15 00:00:00,2010-01-22 00:00:00,767,21797,1,104.9475,GBP
2010-01-15 00:00:00,2010-01-22 00:00:00,767,29449,1,104.9475,GBP
2010-01-15 00:00:00,2010-01-22 00:00:00,767,29583,1,104.9475,GBP
2010-01-15 00:00:00,2010-01-22 00:00:00,767,33133,1,104.9475,USD
2010-01-15 00:00:00,2010-01-22 00:00:00,767,33175,1,104.9475,GBP
2010-01-15 00:00:00,2010-01-22 00:00:00,767,33549,1,104.9475,USD
2010-01-15 00:00:00,2010-01-22 00:00:00,767,33809,2,209.895,GBP
2010-01-15 00:00:00,2010-01-22 00:00:00,767,33852,1,104.9475,GBP
2010-01-15 00:00:00,2010-01-22 00:00:00,767,35180,1,104.9475,GBP
2010-01-15 00:00:00,2010-01-22 00:00:00,767,35210,1,104.9475,GBP
2010-01-15 00:00:00,2010-01-22 00:00:00,767,36863,1,104.9475,USD
2010-01-15 00:00:00,2010-01-22 00:00:00,767,37075,1,104.9475,GBP
2010-01-15 00:00:00,2010-01-22 00:00:00,767,37129,1,104.9475,GBP
2010-01-15 00:00:00,2010-01-22 00:00:00,767,38344,1,104.9475,USD
2010-01-15 00:00:00,2010-01-22 00:00:00,767,38829,1,104.9475,USD
2010-01-15 00:00:00,2010-01-22 00:00:00,767,39571,1,104.9475,USD
2010-01-15 00:00:00,2010-01-22 00:00:00,767,40701,1,104.9475,GBP
2010-01-15 00:00:00,2010-01-22 00:00:00,767,41164,1,104.9475,USD
2010-01-15 00:00:00,2010-01-22 00:00:00,767,47041,1,104.9475,USD
2010-01-15 00:00:00,2010-01-22 00:00:00,767,63084,1,104.9475,GBP
2010-01-15 00:00:00,2010-01-22 00:00:00,767,74426,1,104.9475,USD
2010-01-15 00:00:00,2010-01-22 00:00:00,767,75227,1,104.9475,USD
2010-01-15 00:00:00,2010-01-22 00:00:00,767,76148,1,104.9475,GBP
2010-01-15 00:00:00,2010-01-22 00:00:00,767,77082,1,104.9475,GBP
2010-01-15 00:00:00,2010-01-22 00:00:00,767,79602,1,104.9475,GBP
2010-01-15 00:00:00,2010-01-22 00:00:00,767,85020,1,104.9475,USD
2010-01-15 00:00:00,2010-01-22 00:00:00,767,86001,1,104.9475,USD
2010-01-15 00:00:00,2010-01-22 00:00:00,767,91040,1,104.9475,GBP
2010-01-15 00:00:00,2010-01-22 00:00:00,767,91356,1,104.9475,GBP
2010-01-15 00:00:00,2010-01-22 00:00:00,767,92026,1,104.9475,GBP
2010-01-15 00:00:00,2010-01-22 00:00:00,767,92648,2,209.895,GBP
2010-01-15 00:00:00,2010-01-22 00:00:00,767,95501,1,104.9475,GBP
2010-01-15 00:00:00,2010-01-22 00:00:00,767,97009,1,104.9475,USD
2010-01-15 00:00:00,2010-01-22 00:00:00,768,02050,1,104.9475,GBP
2010-01-15 00:00:00,2010-01-22 00:00:00,768,07866,1,104.9475,USD
2010-01-15 00:00:00,2010-01-22 00:00:00,768,19808,1,104.9475,GBP
2010-01-15 00:00:00,2010-01-22 00:00:00,768,20646,1,104.9475,USD
2010-01-15 00:00:00,2010-01-22 00:00:00,768,20715,1,104.9475,GBP
2010-01-15 00:00:00,2010-01-22 00:00:00,768,21009,1,104.9475,USD
2010-01-15 00:00:00,2010-01-22 00:00:00,768,21037,1,314.84250000000003,GBP
2010-01-15 00:00:00,2010-01-22 00:00:00,768,21037,1,314.84250000000003,USD
2010-01-15 00:00:00,2010-01-22 00:00:00,768,21048,1,104.9475,GBP
2010-01-15 00:00:00,2010-01-22 00:00:00,768,21797,1,104.9475,USD
2010-01-15 00:00:00,2010-01-22 00:00:00,768,21875,1,104.9475,USD
2010-01-15 00:00:00,2010-01-22 00:00:00,768,25686,1,104.9475,USD
2010-01-15 00:00:00,2010-01-22 00:00:00,768,29570,1,104.9475,GBP
2010-01-15 00:00:00,2010-01-22 00:00:00,768,29720,1,104.9475,GBP
2010-01-15 00:00:00,2010-01-22 00:00:00,768,33175,1,104.9475,GBP
2010-01-15 00:00:00,2010-01-22 00:00:00,768,34981,1,104.9475,USD
2010-01-15 00:00:00,2010-01-22 00:00:00,768,35042,1,104.9475,USD
2010-01-15 00:00:00,2010-01-22 00:00:00,768,35077,1,104.9475,USD
2010-01-15 00:00:00,2010-01-22 00:00:00,768,35111,1,104.9475,GBP
2010-01-15 00:00:00,2010-01-22 00:00:00,768,36301,1,104.9475,GBP
2010-01-15 00:00:00,2010-01-22 00:00:00,768,37129,1,104.9475,GBP
2010-01-15 00:00:00,2010-01-22 00:00:00,768,46140,1,104.9475,USD
2010-01-15 00:00:00,2010-01-22 00:00:00,768,63005,1,104.9475,USD
2010-01-15 00:00:00,2010-01-22 00:00:00,768,66083,1,104.9475,USD
2010-01-15 00:00:00,2010-01-22 00:00:00,768,66085,1,104.9475,USD
2010-01-15 00:00:00,2010-01-22 00:00:00,768,70435,1,104.9475,USD
2010-01-15 00:00:00,2010-01-22 00:00:00,768,72843,1,104.9475,GBP
2010-01-15 00:00:00,2010-01-22 00:00:00,768,73539,1,104.9475,USD
2010-01-15 00:00:00,2010-01-22 00:00:00,768,78132,1,104.9475,USD
2010-01-15 00:00:00,2010-01-22 00:00:00,768,85337,1,104.9475,USD
2010-01-15 00:00:00,2010-01-22 00:00:00,768,85629,1,104.9475,GBP
2010-01-15 00:00:00,2010-01-22 00:00:00,768,89015,1,104.9475,USD
2010-01-15 00:00:00,2010-01-22 00:00:00,768,90605,1,104.9475,GBP
2010-01-15 00:00:00,2010-01-22 00:00:00,768,91356,1,104.9475,USD
2010-01-15 00:00:00,2010-01-22 00:00:00,768,91744,1,104.9475,GBP
2010-01-15 00:00:00,2010-01-22 00:00:00,768,93035,1,104.9475,USD
2010-01-15 00:00:00,2010-01-22 00:00:00,768,93240,1,104.9475,USD
2010-01-15 00:00:00,2010-01-22 00:00:00,768,94587,1,104.9475,USD
2010-01-15 00:00:00,2010-01-22 00:00:00,768,95501,1,104.9475,USD
2010-01-15 00:00:00,2010-01-22 00:00:00,768,95746,1,104.9475,GBP
2010-01-15 00:00:00,2010-01-22 00:00:00,768,96032,1,104.9475,USD
2010-01-15 00:00:00,2010-01-22 00:00:00,769,07029,1,257.1975,GBP
2010-01-15 00:00:00,2010-01-22 00:00:00,769,07105,1,257.1975,GBP
2010-01-15 00:00:00,2010-01-22 00:00:00,769,21206,1,257.1975,GBP
2010-01-15 00:00:00,2010-01-22 00:00:00,769,21234,1,257.1975,GBP
2010-01-15 00:00:00,2010-01-22 00:00:00,769,33469,1,257.1975,GBP
2010-01-15 00:00:00,2010-01-22 00:00:00,769,39657,1,257.1975,GBP
2010-01-15 00:00:00,2010-01-22 00:00:00,769,41093,1,257.1975,GBP
2010-01-15 00:00:00,2010-01-22 00:00:00,769,46118,1,257.1975,GBP
2010-01-15 00:00:00,2010-01-22 00:00:00,769,51360,1,257.1975,GBP
2010-01-15 00:00:00,2010-01-22 00:00:00,769,71968,1,257.1975,GBP
2010-01-15 00:00:00,2010-01-22 00:00:00,769,92663,1,257.1975,USD
2010-01-15 00:00:00,2010-01-22 00:00:00,769,93421,1,257.1975,USD
2010-01-15 00:00:00,2010-01-22 00:00:00,770,01540,1,257.1975,GBP
2010-01-15 00:00:00,2010-01-22 00:00:00,770,06354,1,257.1975,USD
2010-01-15 00:00:00,2010-01-22 00:00:00,770,07105,1,257.1975,GBP
2010-01-15 00:00:00,2010-01-22 00:00:00,770,21234,1,257.1975,GBP
2010-01-15 00:00:00,2010-01-22 00:00:00,770,29673,1,257.1975,GBP
2010-01-15 00:00:00,2010-01-22 00:00:00,770,39047,1,257.1975,GBP
2010-01-15 00:00:00,2010-01-22 00:00:00,770,41093,1,257.1975,GBP
2010-01-15 00:00:00,2010-01-22 00:00:00,770,46230,2,514.395,GBP
2010-01-15 00:00:00,2010-01-22 00:00:00,770,64804,1,257.1975,GBP
2010-01-15 00:00:00,2010-01-22 00:00:00,770,70427,1,257.1975,GBP
2010-01-15 00:00:00,2010-01-22 00:00:00,770,84037,1,257.1975,GBP
2010-01-15 00:00:00,2010-01-22 00:00:00,770,90274,1,257.1975,GBP
2010-01-15 00:00:00,2010-01-22 00:00:00,770,91910,1,257.1975,GBP
2010-01-15 00:00:00,2010-01-22 00:00:00,770,92663,1,257.1975,GBP
2010-01-15 00:00:00,2010-01-22 00:00:00,770,97128,1,257.1975,GBP
2010-01-15 00:00:00,2010-01-22 00:00:00,771,32940,1,165.3225,USD
2010-01-15 00:00:00,2010-01-22 00:00:00,771,39350,1,165.3225,GBP
2010-01-15 00:00:00,2010-01-22 00:00:00,771,41042,1,165.3225,USD
2010-01-15 00:00:00,2010-01-22 00:00:00,771,90503,2,330.645,USD
2010-01-15 00:00:00,2010-01-22 00:00:00,771,92805,1,165.3225,USD
2010-01-15 00:00:00,2010-01-22 00:00:00,772,84119,1,165.3225,GBP
2010-01-15 00:00:00,2010-01-22 00:00:00,772,85329,1,165.3225,GBP
2010-01-15 00:00:00,2010-01-22 00:00:00,795,21114,1,275.5725,USD
2010-01-15 00:00:00,2010-01-22 00:00:00,795,90025,1,275.5725,USD
2010-01-15 00:00:00,2010-01-22 00:00:00,795,91354,1,275.5725,GBP
2010-01-15 00:00:00,2010-01-22 00:00:00,795,91935,1,275.5725,USD
2010-01-15 00:00:00,2010-01-22 00:00:00,795,92427,1,275.5725,USD
2010-01-15 00:00:00,2010-01-22 00:00:00,795,92507,1,275.5725,USD
2010-01-15 00:00:00,2010-01-22 00:00:00,795,94947,1,275.5725,USD
2010-01-15 00:00:00,2010-01-22 00:00:00,795,95351,1,275.5725,USD
2010-01-15 00:00:00,2010-01-22 00:00:00,796,21532,1,272.9475,GBP
2010-01-15 00:00:00,2010-01-22 00:00:00,796,32583,1,275.5725,GBP
2010-01-15 00:00:00,2010-01-22 00:00:00,796,76148,1,275.5725,USD
2010-01-15 00:00:00,2010-01-22 00:00:00,796,90505,1,275.5725,USD
2010-01-15 00:00:00,2010-01-22 00:00:00,796,90638,1,275.5725,USD
2010-01-15 00:00:00,2010-01-22 00:00:00,796,91978,1,275.5725,GBP
2010-01-15 00:00:00,2010-01-22 00:00:00,796,92120,1,275.5725,GBP
2010-01-15 00:00:00,2010-01-22 00:00:00,796,92131,1,275.5725,GBP
2010-01-15 00:00:00,2010-01-22 00:00:00,796,92313,1,275.5725,USD
2010-01-15 00:00:00,2010-01-22 00:00:00,796,92503,1,275.5725,GBP
2010-01-15 00:00:00,2010-01-22 00:00:00,796,95661,2,551.145,GBP
2010-01-15 00:00:00,2010-01-22 00:00:00,796,95746,1,275.5725,USD
2010-01-15 00:00:00,2010-01-22 00:00:00,796,96003,1,275.5725,USD
2010-01-15 00:00:00,2010-01-22 00:00:00,796,97062,1,275.5725,GBP
2010-01-15 00:00:00,2010-01-22 00:00:00,797,08723,1,301.8225,USD
2010-01-15 00:00:00,2010-01-22 00:00:00,797,50401,1,301.8225,USD
2010-01-15 00:00:00,2010-01-22 00:00:00,797,78526,1,301.8225,USD
2010-01-15 00:00:00,2010-01-22 00:00:00,797,82801,1,301.8225,GBP
2010-01-15 00:00:00,2010-01-22 00:00:00,797,83440,1,301.8225,GBP
2010-01-15 00:00:00,2010-01-22 00:00:00,797,84044,1,301.8225,USD
2010-01-15 00:00:00,2010-01-22 00:00:00,797,84128,1,301.8225,GBP
2010-01-15 00:00:00,2010-01-22 00:00:00,797,84701,1,301.8225,GBP
2010-01-15 00:00:00,2010-01-22 00:00:00,797,85303,1,301.8225,USD
2010-01-15 00:00:00,2010-01-22 00:00:00,797,85704,2,603.645,GBP
2010-01-15 00:00:00,2010-01-22 00:00:00,797,89120,1,301.8225,GBP
2010-01-15 00:00:00,2010-01-22 00:00:00,797,93581,1,301.8225,GBP
2010-01-15 00:00:00,2010-01-22 00:00:00,797,94018,1,301.8225,GBP
2010-01-15 00:00:00,2010-01-22 00:00:00,797,94568,1,301.8225,GBP
2010-01-15 00:00:00,2010-01-22 00:00:00,797,95129,1,301.8225,GBP
2010-01-15 00:00:00,2010-01-22 00:00:00,797,97124,1,301.8225,GBP
2010-01-15 00:00:00,2010-01-22 00:00:00,797,97128,1,301.8225,USD
2010-01-15 00:00:00,2010-01-22 00:00:00,801,92119,1,291.3225,GBP
2010-01-15 00:00:00,2010-01-22 00:00:00,801,93309,1,288.6975,USD
2010-01-15 00:00:00,2010-01-22 00:00:00,801,93543,1,291.3225,USD
2010-01-15 00:00:00,2010-01-22 00:00:00,823,79762,1,619.4475,GBP
2010-01-15 00:00:00,2010-01-22 00:00:00,833,08016,1,803.1975,GBP
2010-01-15 00:00:00,2010-01-22 00:00:00,833,53021,1,797.9475,GBP
2010-01-15 00:00:00,2010-01-22 00:00:00,833,70558,1,787.4475,USD
2010-01-15 00:00:00,2010-01-22 00:00:00,833,77505,1,792.6975,GBP
2010-01-15 00:00:00,2010-01-22 00:00:00,837,32114,1,813.6975,USD
2010-01-15 00:00:00,2010-01-22 00:00:00,837,32962,1,813.6975,USD
2010-01-15 00:00:00,2010-01-22 00:00:00,837,33436,1,813.6975,GBP
2010-01-15 00:00:00,2010-01-22 00:00:00,838,32073,1,939.6975,GBP
2010-01-15 00:00:00,2010-01-22 00:00:00,838,32534,1,934.4475,USD
2010-01-15 00:00:00,2010-01-22 00:00:00,838,34685,1,918.6975,USD
2010-01-15 00:00:00,2010-01-22 00:00:00,838,63960,1,944.9475,GBP
2010-01-15 00:00:00,2010-01-22 00:00:00,838,70458,1,944.9475,USD
2010-01-15 00:00:00,2010-01-22 00:00:00,838,70533,1,929.1975,GBP
2010-01-15 00:00:00,2010-01-22 00:00:00,838,74132,1,929.1975,USD
2010-01-15 00:00:00,2010-01-22 00:00:00,838,79403,1,944.9475,USD
2010-01-15 00:00:00,2010-01-22 00:00:00,838,92656,1,944.9475,GBP
2010-01-15 00:00:00,2010-01-22 00:00:00,838,92688,1,944.9475,GBP
2010-01-15 00:00:00,2010-01-22 00:00:00,838,97461,1,939.6975,GBP
2010-01-15 00:00:00,2010-01-22 00:00:00,847,33033,1,603.6975,USD
2010-01-15 00:00:00,2010-01-22 00:00:00,847,39576,1,603.6975,GBP
2010-01-15 00:00:00,2010-01-22 00:00:00,847,41017,1,551.1975,USD
2010-01-15 00:00:00,2010-01-22 00:00:00,901,32937,1,409.4475,GBP
2010-01-15 00:00:00,2010-01-22 00:00:00,901,33455,1,409.4475,GBP
2010-01-15 00:00:00,2010-01-22 00:00:00,901,34668,1,409.4475,USD
2010-01-15 00:00:00,2010-01-22 00:00:00,901,46240,1,409.4475,GBP
2010-01-15 00:00:00,2010-01-22 00:00:00,901,46240,1,409.4475,USD
2010-01-15 00:00:00,2010-01-22 00:00:00,901,72227,1,409.4475,USD
2010-01-15 00:00:00,2010-01-22 00:00:00,901,84047,1,409.4475,USD
2010-01-15 00:00:00,2010-01-22 00:00:00,901,85268,1,409.4475,USD
2010-01-15 00:00:00,2010-01-22 00:00:00,910,36322,1,414.6975,USD
2010-01-15 00:00:00,2010-01-22 00:00:00,914,21769,1,603.6975,GBP
2010-01-15 00:00:00,2010-01-22 00:00:00,921,21221,1,524.9475,GBP
2010-01-15 00:00:00,2010-01-22 00:00:00,921,35064,1,524.9475,GBP
2010-01-15 00:00:00,2010-01-22 00:00:00,921,39648,1,524.9475,GBP
2010-01-15 00:00:00,2010-01-22 00:00:00,921,89119,1,524.9475,GBP
2010-01-15 00:00:00,2010-01-22 00:00:00,921,94560,1,524.9475,USD
2010-01-15 00:00:00,2010-01-22 00:00:00,922,77082,1,472.4475,USD
2010-01-15 00:00:00,2010-01-22 00:00:00,922,94002,1,472.4475,USD
2010-01-15 00:00:00,2010-01-22 00:00:00,922,95062,1,472.4475,GBP
2010-01-15 00:00:00,2010-01-22 00:00:00,936,85281,1,498.6975,GBP
2010-01-15 00:00:00,2010-01-22 00:00:00,936,93022,1,498.6975,GBP
2010-01-15 00:00:00,2010-01-22 00:00:00,940,33511,1,687.6975,USD
2010-01-15 00:00:00,2010-01-22 00:00:00,940,33710,1,671.9475,GBP
2010-01-15 00:00:00,2010-01-22 00:00:00,940,53538,1,687.6975,USD
2010-01-15 00:00:00,2010-01-22 00:00:00,940,70548,1,671.9475,USD
2010-01-15 00:00:00,2010-01-22 00:00:00,940,78249,1,671.9475,GBP
2010-01-15 00:00:00,2010-01-22 00:00:00,940,78744,1,687.6975,USD
2010-01-15 00:00:00,2010-01-22 00:00:00,940,92115,1,687.6975,GBP
2010-01-15 00:00:00,2010-01-22 00:00:00,940,94402,1,687.6975,GBP
2010-01-15 00:00:00,2010-01-22 00:00:00,940,97113,1,687.6975,GBP
2010-01-15 00:00:00,2010-01-22 00:00:00,952,46311,1,262.4475,USD
2010-01-15 00:00:00,2010-01-22 00:00:00,962,32713,1,524.9475,USD
2010-01-15 00:00:00,2010-01-22 00:00:00,962,34953,1,524.9475,GBP
2010-01-15 00:00:00,2010-01-22 00:00:00,962,59833,1,509.1975,USD
2010-01-15 00:00:00,2010-01-22 00:00:00,962,77346,1,509.1975,USD
2010-01-15 00:00:00,2010-01-22 00:00:00,962,94541,2,1049.895,USD
2010-01-15 00:00:00,2010-01-22 00:00:00,964,07930,1,356.9475,GBP
2010-01-15 00:00:00,2010-01-22 00:00:00,964,32233,1,346.4475,USD
2010-01-15 00:00:00,2010-01-22 00:00:00,964,33177,1,346.4475,USD
2010-01-15 00:00:00,2010-01-22 00:00:00,964,33411,1,356.9475,USD
2010-01-15 00:00:00,2010-01-22 00:00:00,964,36575,1,346.4475,GBP
2010-01-15 00:00:00,2010-01-22 00:00:00,964,70072,1,356.9475,GBP
2010-01-15 00:00:00,2010-01-22 00:00:00,964,70570,1,346.4475,USD
2010-01-15 00:00:00,2010-01-22 00:00:00,964,77025,1,346.4475,USD
2010-01-15 00:00:00,2010-01-22 00:00:00,964,77611,1,356.9475,USD
2010-01-15 00:00:00,2010-01-22 00:00:00,964,78401,1,356.9475,GBP
2010-01-15 00:00:00,2010-01-22 00:00:00,964,85044,1,346.4475,GBP
2010-01-15 00:00:00,2010-01-22 00:00:00,964,85048,1,356.9475,GBP
2010-01-15 00:00:00,2010-01-22 00:00:00,964,93010,1,346.4475,USD
2010-01-15 00:00:00,2010-01-22 00:00:00,964,94920,1,356.9475,USD
2010-01-15 00:00:00,2010-01-22 00:00:00,979,32962,1,409.4475,USD
2010-01-15 00:00:00,2010-01-22 00:00:00,979,33142,1,393.6975,USD
2010-01-15 00:00:00,2010-01-22 00:00:00,979,37721,1,393.6975,GBP
2010-01-15 00:00:00,2010-01-22 00:00:00,981,32137,1,157.4475,GBP
2010-01-15 00:00:00,2010-01-22 00:00:00,981,33311,1,167.9475,GBP
2010-01-15 00:00:00,2010-01-22 00:00:00,981,34744,1,157.4475,USD
2010-01-15 00:00:00,2010-01-22 00:00:00,981,38127,1,157.4475,USD
2010-01-15 00:00:00,2010-01-22 00:00:00,981,92843,1,157.4475,GBP
2010-01-15 00:00:00,2010-01-22 00:00:00,989,33853,1,467.1975,GBP
2010-01-15 00:00:00,2010-01-22 00:00:00,989,41749,1,1354.3425,USD
2010-01-15 00:00:00,2010-01-22 00:00:00,989,70764,1,451.4475,GBP
2010-01-15 00:00:00,2010-01-22 00:00:00,989,70767,1,467.1975,USD
2010-01-15 00:00:00,2010-01-22 00:00:00,989,73036,1,451.4475,GBP
2010-01-15 00:00:00,2010-01-22 00:00:00,989,94070,1,451.4475,GBP
2010-01-15 00:00:00,2010-01-22 00:00:00,990,46410,1,503.9475,GBP
2010-01-15 00:00:00,2010-01-22 00:00:00,990,65053,1,530.1975,USD
2010-01-15 00:00:00,2010-01-22 00:00:00,990,84105,1,482.9475,USD
2010-01-15 00:00:00,2010-01-22 00:00:00,990,85302,1,472.4475,GBP
2010-01-15 00:00:00,2010-01-22 00:00:00,990,92620,1,503.9475,USD
2010-01-15 00:00:00,2010-01-22 00:00:00,990,92630,1,482.9475,GBP
2010-01-15 00:00:00,2010-01-22 00:00:00,990,92648,1,503.9475,USD
2010-01-15 00:00:00,2010-01-22 00:00:00,992,33131,1,288.6975,GBP
2010-01-15 00:00:00,2010-01-22 00:00:00,992,33145,1,278.1975,USD
2010-01-15 00:00:00,2010-01-22 00:00:00,992,33196,1,278.1975,GBP
2010-01-15 00:00:00,2010-01-22 00:00:00,992,37129,1,278.1975,GBP
2010-01-15 00:00:00,2010-01-22 00:00:00,992,71292,1,314.9475,USD
2010-01-15 00:00:00,2010-01-22 00:00:00,992,72756,1,278.1975,USD
2010-01-15 00:00:00,2010-01-22 00:00:00,992,76039,1,278.1975,GBP
2010-01-15 00:00:00,2010-01-22 00:00:00,992,77050,1,278.1975,GBP
2010-01-15 00:00:00,2010-01-22 00:00:00,992,94577,1,278.1975,USD
2010-01-15 00:00:00,2010-01-22 00:00:00,992,95685,1,278.1975,GBP
2010-01-15 00:00:00,2010-01-22 00:00:00,1003,40356,1,86.5725,GBP
2010-01-15 00:00:00,2010-01-22 00:00:00,1003,72202,1,86.5725,USD
2010-01-15 00:00:00,2010-01-22 00:00:00,1003,75225,1,86.5725,GBP
2010-01-15 00:00:00,2010-01-22 00:00:00,1005,29150,1,107.5725,GBP
2010-01-15 00:00:00,2010-01-22 00:00:00,1005,38663,1,107.5725,USD
2010-01-15 00:00:00,2010-01-22 00:00:00,1005,70578,1,107.5725,GBP
2010-01-15 00:00:00,2010-01-22 00:00:00,1005,72160,1,107.5725,GBP
2010-01-15 00:00:00,2010-01-22 00:00:00,1005,73112,1,107.5725,USD
2010-01-15 00:00:00,2010-01-22 00:00:00,1008,01085,1,236.1975,USD
2010-01-15 00:00:00,2010-01-22 00:00:00,1008,33868,1,236.1975,USD
2010-01-15 00:00:00,2010-01-22 00:00:00,1008,85259,1,236.1975,USD
2010-01-15 00:00:00,2010-01-22 00:00:00,1014,29040,1,86.5725,GBP
2010-01-15 00:00:00,2010-01-22 00:00:00,1014,29550,1,86.5725,USD
2010-01-15 00:00:00,2010-01-22 00:00:00,1014,40214,1,86.5725,GBP
2010-01-15 00:00:00,2010-01-22 00:00:00,1014,47130,1,86.5725,GBP
2010-01-15 00:00:00,2010-01-22 00:00:00,1014,53217,1,86.5725,USD
2010-01-15 00:00:00,2010-01-22 00:00:00,1045,01507,1,207.3225,GBP
2010-01-15 00:00:00,2010-01-22 00:00:00,1045,37748,1,207.3225,GBP
2010-01-15 00:00:00,2010-01-22 00:00:00,1045,83704,1,207.3225,GBP
2010-01-15 00:00:00,2010-01-22 00:00:00,1045,97303,1,207.3225,GBP
2010-01-15 00:00:00,2010-01-22 00:00:00,1046,29436,1,99.6975,USD
2010-01-15 00:00:00,2010-01-22 00:00:00,1046,32226,1,99.6975,USD
2010-01-15 00:00:00,2010-01-22 00:00:00,1046,35126,1,99.6975,GBP
2010-01-15 00:00:00,2010-01-22 00:00:00,1046,35215,1,99.6975,USD
2010-01-15 00:00:00,2010-01-22 00:00:00,1046,67335,1,99.6975,USD
2010-01-15 00:00:00,2010-01-22 00:00:00,1046,72111,1,99.6975,USD
2010-01-15 00:00:00,2010-01-22 00:00:00,1046,74129,1,99.6975,GBP
2010-01-15 00:00:00,2010-01-22 00:00:00,1046,78102,1,99.6975,GBP
2010-01-15 00:00:00,2010-01-22 00:00:00,1046,87401,1,99.6975,GBP
2010-01-15 00:00:00,2010-01-22 00:00:00,1053,32009,1,251.9475,GBP
2010-01-15 00:00:00,2010-01-22 00:00:00,1053,89015,1,251.9475,USD
2010-01-15 00:00:00,2010-01-22 00:00:00,1063,92082,1,233.5725,USD
2010-01-15 00:00:00,2010-01-22 00:00:00,1065,06010,1,296.5725,GBP
2010-01-15 00:00:00,2010-01-22 00:00:00,1065,07717,1,296.5725,USD
2010-01-15 00:00:00,2010-01-22 00:00:00,1065,08050,1,296.5725,GBP
2010-01-15 00:00:00,2010-01-22 00:00:00,1065,08302,1,296.5725,GBP
2010-01-15 00:00:00,2010-01-22 00:00:00,1065,08742,1,296.5725,USD
2010-01-15 00:00:00,2010-01-22 00:00:00,1065,08880,1,296.5725,USD
2010-01-15 00:00:00,2010-01-22 00:00:00,1065,32726,1,296.5725,GBP
2010-01-15 00:00:00,2010-01-22 00:00:00,1065,33463,1,296.5725,GBP
2010-01-15 00:00:00,2010-01-22 00:00:00,1065,33470,1,296.5725,USD
2010-01-15 00:00:00,2010-01-22 00:00:00,1065,35115,1,296.5725,USD
2010-01-15 00:00:00,2010-01-22 00:00:00,1065,37604,1,296.5725,USD
2010-01-15 00:00:00,2010-01-22 00:00:00,1065,46614,1,296.5725,USD
2010-01-15 00:00:00,2010-01-22 00:00:00,1065,50211,1,296.5725,USD
2010-01-15 00:00:00,2010-01-22 00:00:00,1065,50238,1,296.5725,GBP
2010-01-15 00:00:00,2010-01-22 00:00:00,1065,54449,1,296.5725,GBP
2010-01-15 00:00:00,2010-01-22 00:00:00,1065,56143,1,296.5725,USD
2010-01-15 00:00:00,2010-01-22 00:00:00,1065,72758,1,296.5725,GBP
2010-01-15 00:00:00,2010-01-22 00:00:00,1065,73034,1,296.5725,GBP
2010-01-15 00:00:00,2010-01-22 00:00:00,1065,73127,1,296.5725,USD
2010-01-15 00:00:00,2010-01-22 00:00:00,1065,75040,1,296.5725,USD
2010-01-15 00:00:00,2010-01-22 00:00:00,1065,75240,1,296.5725,GBP
2010-01-15 00:00:00,2010-01-22 00:00:00,1065,76028,1,296.5725,USD
2010-01-15 00:00:00,2010-01-22 00:00:00,1065,76108,1,296.5725,USD
2010-01-15 00:00:00,2010-01-22 00:00:00,1065,76248,1,296.5725,USD
2010-01-15 00:00:00,2010-01-22 00:00:00,1065,78263,1,296.5725,USD
2010-01-15 00:00:00,2010-01-22 00:00:00,1065,82070,1,296.5725,GBP
2010-01-15 00:00:00,2010-01-22 00:00:00,1065,82717,1,296.5725,GBP
2010-01-15 00:00:00,2010-01-22 00:00:00,1065,83201,1,296.5725,USD
2010-01-15 00:00:00,2010-01-22 00:00:00,1065,84601,1,296.5725,GBP
2010-01-15 00:00:00,2010-01-22 00:00:00,1065,85201,1,296.5725,USD
2010-01-15 00:00:00,2010-01-22 00:00:00,1065,89423,1,296.5725,GBP
2010-01-15 00:00:00,2010-01-22 00:00:00,1065,92067,1,296.5725,USD
2010-01-15 00:00:00,2010-01-22 00:00:00,1065,92335,1,296.5725,USD
2010-01-15 00:00:00,2010-01-22 00:00:00,1065,95032,1,296.5725,USD
2010-01-15 00:00:00,2010-01-22 00:00:00,1065,96118,1,296.5725,GBP
2010-01-15 00:00:00,2010-01-22 00:00:00,1066,06010,1,296.5725,GBP
2010-01-15 00:00:00,2010-01-22 00:00:00,1066,07717,1,296.5725,GBP
2010-01-15 00:00:00,2010-01-22 00:00:00,1066,07825,1,296.5725,GBP
2010-01-15 00:00:00,2010-01-22 00:00:00,1066,07940,1,296.5725,GBP
2010-01-15 00:00:00,2010-01-22 00:00:00,1066,08901,1,296.5725,GBP
2010-01-15 00:00:00,2010-01-22 00:00:00,1066,25428,1,296.5725,GBP
2010-01-15 00:00:00,2010-01-22 00:00:00,1066,34683,1,296.5725,GBP
2010-01-15 00:00:00,2010-01-22 00:00:00,1066,41051,2,593.145,GBP
2010-01-15 00:00:00,2010-01-22 00:00:00,1066,46342,1,296.5725,USD
2010-01-15 00:00:00,2010-01-22 00:00:00,1066,46516,1,296.5725,USD
2010-01-15 00:00:00,2010-01-22 00:00:00,1066,47006,1,296.5725,GBP
2010-01-15 00:00:00,2010-01-22 00:00:00,1066,50211,1,296.5725,GBP
2010-01-15 00:00:00,2010-01-22 00:00:00,1066,51106,1,296.5725,GBP
2010-01-15 00:00:00,2010-01-22 00:00:00,1066,54724,1,296.5725,GBP
2010-01-15 00:00:00,2010-01-22 00:00:00,1066,56143,1,296.5725,GBP
2010-01-15 00:00:00,2010-01-22 00:00:00,1066,59301,1,296.5725,GBP
2010-01-15 00:00:00,2010-01-22 00:00:00,1066,69339,1,296.5725,GBP
2010-01-15 00:00:00,2010-01-22 00:00:00,1066,70458,1,296.5725,GBP
2010-01-15 00:00:00,2010-01-22 00:00:00,1066,71078,1,296.5725,GBP
2010-01-15 00:00:00,2010-01-22 00:00:00,1066,73034,1,296.5725,GBP
2010-01-15 00:00:00,2010-01-22 00:00:00,1066,75701,1,296.5725,GBP
2010-01-15 00:00:00,2010-01-22 00:00:00,1066,76201,2,593.145,GBP
2010-01-15 00:00:00,2010-01-22 00:00:00,1066,77430,1,296.5725,GBP
2010-01-15 00:00:00,2010-01-22 00:00:00,1066,77703,1,296.5725,GBP
2010-01-15 00:00:00,2010-01-22 00:00:00,1066,79703,1,296.5725,GBP
2010-01-15 00:00:00,2010-01-22 00:00:00,1066,84780,1,296.5725,USD
2010-01-15 00:00:00,2010-01-22 00:00:00,1066,85262,1,296.5725,GBP
2010-01-15 00:00:00,2010-01-22 00:00:00,1066,85308,1,296.5725,USD
2010-01-15 00:00:00,2010-01-22 00:00:00,1066,89012,1,296.5725,GBP
2010-01-15 00:00:00,2010-01-22 00:00:00,1066,89014,1,296.5725,GBP
2010-01-15 00:00:00,2010-01-22 00:00:00,1066,89128,1,296.5725,GBP
2010-01-15 00:00:00,2010-01-22 00:00:00,1066,90066,1,296.5725,GBP
2010-01-15 00:00:00,2010-01-22 00:00:00,1066,90808,1,296.5725,GBP
2010-01-15 00:00:00,2010-01-22 00:00:00,1066,92021,1,296.5725,USD
2010-01-15 00:00:00,2010-01-22 00:00:00,1066,92065,1,296.5725,USD
2010-01-15 00:00:00,2010-01-22 00:00:00,1066,92335,1,296.5725,GBP
2010-01-15 00:00:00,2010-01-22 00:00:00,1066,92346,1,296.5725,GBP
2010-01-15 00:00:00,2010-01-22 00:00:00,1066,92679,1,296.5725,USD
2010-01-15 00:00:00,2010-01-22 00:00:00,1066,92688,1,296.5725,GBP
2010-01-15 00:00:00,2010-01-22 00:00:00,1066,93268,1,296.5725,GBP
2010-01-15 00:00:00,2010-01-22 00:00:00,1066,93308,1,296.5725,GBP
2010-01-15 00:00:00,2010-01-22 00:00:00,1066,93906,1,296.5725,GBP
2010-01-15 00:00:00,2010-01-22 00:00:00,1066,94947,1,296.5725,GBP
2010-01-15 00:00:00,2010-01-22 00:00:00,1066,94954,1,296.5725,USD
2010-01-15 00:00:00,2010-01-22 00:00:00,1066,97045,2,593.145,GBP
2010-01-15 00:00:00,2010-01-22 00:00:00,1079,20743,1,262.4475,USD
2010-01-15 00:00:00,2010-01-22 00:00:00,1079,33470,1,262.4475,GBP
2010-01-15 00:00:00,2010-01-22 00:00:00,1079,89134,1,262.4475,GBP
2010-01-15 00:00:00,2010-01-22 00:00:00,1079,91401,1,262.4475,GBP
2010-01-15 00:00:00,2010-01-22 00:00:00,1079,93561,1,262.4475,GBP
2010-01-15 00:00:00,2010-01-22 00:00:00,1079,93635,1,262.4475,GBP
2010-01-15 00:00:00,2010-01-22 00:00:00,1079,93722,1,262.4475,GBP
2010-01-15 00:00:00,2010-01-22 00:00:00,1080,02532,1,262.4475,GBP
2010-01-15 00:00:00,2010-01-22 00:00:00,1080,08102,1,262.4475,GBP
2010-01-15 00:00:00,2010-01-22 00:00:00,1080,29654,1,262.4475,USD
2010-01-15 00:00:00,2010-01-22 00:00:00,1080,84065,1,262.4475,GBP
2010-01-15 00:00:00,2010-01-22 00:00:00,1080,89134,1,262.4475,GBP
2010-01-15 00:00:00,2010-01-22 00:00:00,1081,26101,1,225.6975,GBP
2010-01-15 00:00:00,2010-01-22 00:00:00,1081,33166,1,225.6975,GBP
2010-01-15 00:00:00,2010-01-22 00:00:00,1081,75119,1,225.6975,USD
2010-01-15 00:00:00,2010-01-22 00:00:00,1081,86001,1,225.6975,GBP
2010-01-15 00:00:00,2010-01-22 00:00:00,1082,32746,1,225.6975,GBP
2010-01-15 00:00:00,2010-01-22 00:00:00,1082,33175,1,225.6975,GBP
2010-01-15 00:00:00,2010-01-22 00:00:00,1082,42303,1,225.6975,GBP
2010-01-15 00:00:00,2010-01-22 00:00:00,1082,74070,1,225.6975,GBP
2010-01-15 00:00:00,2010-01-22 00:00:00,1082,89131,1,225.6975,GBP
2010-01-15 00:00:00,2010-01-22 00:00:00,1091,02907,1,169.5225,USD
2010-01-15 00:00:00,2010-01-22 00:00:00,1091,59714,1,167.9475,USD
2010-01-15 00:00:00,2010-01-22 00:00:00,1092,02907,1,169.5225,USD
2010-01-15 00:00:00,2010-01-22 00:00:00,1105,34215,1,246.6975,USD
2010-01-15 00:00:00,2010-01-22 00:00:00,1105,46528,1,246.6975,GBP
2010-01-15 00:00:00,2010-01-22 00:00:00,1105,47807,1,493.395,USD
2010-01-15 00:00:00,2010-01-22 00:00:00,1105,47933,1,246.6975,USD
2010-01-15 00:00:00,2010-01-22 00:00:00,1105,92314,2,493.395,GBP
2010-01-15 00:00:00,2010-01-22 00:00:00,1105,92587,1,246.6975,USD
2010-01-15 00:00:00,2010-01-22 00:00:00,1105,95476,1,246.6975,GBP
2010-01-15 00:00:00,2010-01-22 00:00:00,1106,08005,1,246.6975,USD
2010-01-15 00:00:00,2010-01-22 00:00:00,1106,33142,1,246.6975,USD
2010-01-15 00:00:00,2010-01-22 00:00:00,1106,47807,1,246.6975,GBP
2010-01-15 00:00:00,2010-01-22 00:00:00,1106,47807,1,493.395,USD
2010-01-15 00:00:00,2010-01-22 00:00:00,1106,76116,1,246.6975,USD
2010-01-15 00:00:00,2010-01-22 00:00:00,1106,90266,1,246.6975,USD
2010-01-15 00:00:00,2010-01-22 00:00:00,1106,92504,1,246.6975,USD
2010-01-15 00:00:00,2010-01-22 00:00:00,1106,94552,1,246.6975,USD
2010-01-15 00:00:00,2010-01-22 00:00:00,1109,02332,1,209.9475,GBP
2010-01-15 00:00:00,2010-01-22 00:00:00,1109,20743,1,209.9475,GBP
2010-01-15 00:00:00,2010-01-22 00:00:00,1109,38829,1,209.9475,GBP
2010-01-15 00:00:00,2010-01-22 00:00:00,1109,66109,1,209.9475,USD
2010-01-15 00:00:00,2010-01-22 00:00:00,1109,74059,1,209.9475,GBP
2010-01-15 00:00:00,2010-01-22 00:00:00,1109,89429,1,209.9475,GBP
2010-01-15 00:00:00,2010-01-22 00:00:00,1109,97402,1,209.9475,GBP
2010-01-15 00:00:00,2010-01-22 00:00:00,1111,07421,1,116.4975,GBP
2010-01-15 00:00:00,2010-01-22 00:00:00,1111,29640,1,116.4975,GBP
2010-01-15 00:00:00,2010-01-22 00:00:00,1111,36106,1,116.4975,GBP
2010-01-15 00:00:00,2010-01-22 00:00:00,1111,58622,1,116.4975,GBP
2010-01-15 00:00:00,2010-01-22 00:00:00,1111,58801,1,116.4975,GBP
2010-01-15 00:00:00,2010-01-22 00:00:00,1111,67846,1,116.4975,USD
2010-01-15 00:00:00,2010-01-22 00:00:00,1111,83638,1,116.4975,USD
2010-01-15 00:00:00,2010-01-22 00:00:00,1111,85222,1,116.4975,GBP
2010-01-15 00:00:00,2010-01-22 00:00:00,1111,90045,1,116.4975,USD
2010-01-15 00:00:00,2010-01-22 00:00:00,1111,90265,1,116.4975,GBP
2010-01-15 00:00:00,2010-01-22 00:00:00,1111,90815,1,116.4975,GBP
2010-01-15 00:00:00,2010-01-22 00:00:00,1111,91732,1,116.4975,GBP
2010-01-15 00:00:00,2010-01-22 00:00:00,1111,92688,1,116.4975,GBP
2010-01-15 00:00:00,2010-01-22 00:00:00,1111,93212,1,116.4975,GBP
2010-01-15 00:00:00,2010-01-22 00:00:00,1111,94541,1,116.4975,GBP
2010-01-15 00:00:00,2010-01-22 00:00:00,1111,95688,1,116.4975,USD
2010-01-15 00:00:00,2010-01-22 00:00:00,1112,35117,1,116.4975,GBP
2010-01-15 00:00:00,2010-01-22 00:00:00,1112,52722,1,116.4975,GBP
2010-01-15 00:00:00,2010-01-22 00:00:00,1112,63383,1,116.4975,USD
2010-01-15 00:00:00,2010-01-22 00:00:00,1112,83401,1,116.4975,GBP
2010-01-15 00:00:00,2010-01-22 00:00:00,1112,88201,1,116.4975,USD
2010-01-15 00:00:00,2010-01-22 00:00:00,1112,90265,1,116.4975,GBP
2010-01-15 00:00:00,2010-01-22 00:00:00,1112,91732,1,116.4975,GBP
2010-01-15 00:00:00,2010-01-22 00:00:00,1112,91745,2,232.995,USD
2010-01-15 00:00:00,2010-01-22 00:00:00,1112,92316,1,116.4975,USD
2010-01-15 00:00:00,2010-01-22 00:00:00,1112,92509,2,232.995,GBP
2010-01-15 00:00:00,2010-01-22 00:00:00,1112,97203,1,116.4975,USD
2010-01-15 00:00:00,2010-01-22 00:00:00,1112,97442,1,116.4975,USD
2010-01-15 00:00:00,2010-01-22 00:00:00,1116,07450,1,251.9475,GBP
2010-01-15 00:00:00,2010-01-22 00:00:00,1116,33125,1,251.9475,GBP
2010-01-15 00:00:00,2010-01-22 00:00:00,1116,33176,1,251.9475,GBP
2010-01-15 00:00:00,2010-01-22 00:00:00,1116,37683,1,251.9475,USD
2010-01-15 00:00:00,2010-01-22 00:00:00,1116,52571,1,251.9475,USD
2010-01-15 00:00:00,2010-01-22 00:00:00,1116,56587,1,251.9475,GBP
2010-01-15 00:00:00,2010-01-22 00:00:00,1116,69033,1,251.9475,USD
2010-01-15 00:00:00,2010-01-22 00:00:00,1116,75410,1,251.9475,GBP
2010-01-15 00:00:00,2010-01-22 00:00:00,1116,76180,1,251.9475,GBP
2010-01-15 00:00:00,2010-01-22 00:00:00,1116,85282,1,251.9475,USD
2010-01-15 00:00:00,2010-01-22 00:00:00,1116,92509,2,503.895,GBP
2010-01-15 00:00:00,2010-01-22 00:00:00,1116,93907,1,251.9475,USD
2010-01-15 00:00:00,2010-01-22 00:00:00,1116,95125,1,251.9475,USD
2010-01-15 00:00:00,2010-01-22 00:00:00,1116,95691,1,251.9475,GBP
2010-01-15 00:00:00,2010-01-22 00:00:00,1116,95746,1,251.9475,USD
2010-01-15 00:00:00,2010-01-22 00:00:00,1120,06611,1,173.1975,USD
2010-01-15 00:00:00,2010-01-22 00:00:00,1120,21037,1,173.1975,USD
2010-01-15 00:00:00,2010-01-22 00:00:00,1120,70537,1,173.1975,GBP
2010-01-15 00:00:00,2010-01-22 00:00:00,1120,73026,1,173.1975,GBP
2010-01-15 00:00:00,2010-01-22 00:00:00,1120,87747,1,173.1975,GBP
2010-01-15 00:00:00,2010-01-22 00:00:00,1120,91908,1,173.1975,USD
2010-01-15 00:00:00,2010-01-22 00:00:00,1120,92376,1,173.1975,GBP
2010-01-15 00:00:00,2010-01-22 00:00:00,1120,97128,1,173.1975,GBP
2010-01-15 00:00:00,2010-01-22 00:00:00,1122,05262,1,157.4475,GBP
2010-01-15 00:00:00,2010-01-22 00:00:00,1122,20723,1,157.4475,USD
2010-01-15 00:00:00,2010-01-22 00:00:00,1122,29730,1,157.4475,GBP
2010-01-15 00:00:00,2010-01-22 00:00:00,1122,33407,1,157.4475,USD
2010-01-15 00:00:00,2010-01-22 00:00:00,1122,35215,1,157.4475,GBP
2010-01-15 00:00:00,2010-01-22 00:00:00,1122,68521,1,157.4475,USD
2010-01-15 00:00:00,2010-01-22 00:00:00,1122,70301,1,157.4475,USD
2010-01-15 00:00:00,2010-01-22 00:00:00,1122,75428,1,157.4475,GBP
2010-01-15 00:00:00,2010-01-22 00:00:00,1122,79079,1,157.4475,USD
2010-01-15 00:00:00,2010-01-22 00:00:00,1122,79360,1,147.9975,USD
2010-01-15 00:00:00,2010-01-22 00:00:00,1122,87015,1,157.4475,USD
2010-01-15 00:00:00,2010-01-22 00:00:00,1122,89147,1,157.4475,USD
2010-01-15 00:00:00,2010-01-22 00:00:00,1122,92399,1,157.4475,GBP
2010-01-15 00:00:00,2010-01-22 00:00:00,1122,92505,1,157.4475,GBP
2010-01-15 00:00:00,2010-01-22 00:00:00,1122,97128,1,157.4475,GBP
2010-01-15 00:00:00,2010-01-22 00:00:00,1131,32277,1,419.9475,GBP
2010-01-15 00:00:00,2010-01-22 00:00:00,1131,92831,1,419.9475,GBP
2010-01-15 00:00:00,2010-01-22 00:00:00,1131,94580,1,419.9475,GBP
2010-01-15 00:00:00,2010-01-22 00:00:00,1132,33853,1,629.9475,USD
2010-01-15 00:00:00,2010-01-22 00:00:00,1132,76114,1,629.9475,GBP
2010-01-15 00:00:00,2010-01-22 00:00:00,1132,92007,1,629.9475,GBP
2010-01-15 00:00:00,2010-01-22 00:00:00,1150,93706,5,1963.5,GBP
2010-01-15 00:00:00,2010-01-22 00:00:00,1157,20878,1,377.9475,GBP
2010-01-15 00:00:00,2010-01-22 00:00:00,1157,46580,1,377.9475,USD
2010-01-15 00:00:00,2010-01-22 00:00:00,1157,67211,1,377.9475,GBP
2010-01-15 00:00:00,2010-01-22 00:00:00,1157,76107,1,377.9475,USD
2010-01-15 00:00:00,2010-01-22 00:00:00,1157,77627,1,377.9475,USD
2010-01-15 00:00:00,2010-01-22 00:00:00,1157,78729,1,377.9475,GBP
2010-01-15 00:00:00,2010-01-22 00:00:00,1157,87124,1,377.9475,USD
2010-01-15 00:00:00,2010-01-22 00:00:00,1166,97232,1,524.9475,USD
2010-01-15 00:00:00,2010-01-22 00:00:00,1168,32810,1,367.4475,USD
2010-01-15 00:00:00,2010-01-22 00:00:00,1168,46012,1,367.4475,USD
2010-01-15 00:00:00,2010-01-22 00:00:00,1173,20720,1,524.9475,USD
2010-01-15 00:00:00,2010-01-22 00:00:00,1173,32216,1,524.9475,GBP
2010-01-15 00:00:00,2010-01-22 00:00:00,1173,33016,1,524.9475,GBP
2010-01-15 00:00:00,2010-01-22 00:00:00,1173,33176,1,524.9475,GBP
2010-01-15 00:00:00,2010-01-22 00:00:00,1173,33180,1,524.9475,GBP
2010-01-15 00:00:00,2010-01-22 00:00:00,1173,34606,1,524.9475,GBP
2010-01-15 00:00:00,2010-01-22 00:00:00,1173,42103,1,2099.79,GBP
2010-01-15 00:00:00,2010-01-22 00:00:00,1173,70068,1,524.9475,GBP
2010-01-15 00:00:00,2010-01-22 00:00:00,1173,75243,1,524.9475,GBP
2010-01-15 00:00:00,2010-01-22 00:00:00,1173,75839,1,524.9475,GBP
2010-01-15 00:00:00,2010-01-22 00:00:00,1173,77401,1,524.9475,GBP
2010-01-15 00:00:00,2010-01-22 00:00:00,1173,90278,1,524.9475,USD
2010-01-15 00:00:00,2010-01-22 00:00:00,1173,91773,1,524.9475,GBP
2010-01-15 00:00:00,2010-01-22 00:00:00,1173,92399,1,524.9475,GBP
2010-01-15 00:00:00,2010-01-22 00:00:00,1173,92677,1,524.9475,GBP
2010-01-15 00:00:00,2010-01-22 00:00:00,1182,29153,1,157.4475,GBP
2010-01-15 00:00:00,2010-01-22 00:00:00,1182,33140,1,157.4475,GBP
2010-01-15 00:00:00,2010-01-22 00:00:00,1182,36072,1,157.4475,GBP
2010-01-15 00:00:00,2010-01-22 00:00:00,1182,78214,1,157.4475,USD
2010-01-15 00:00:00,2010-01-22 00:00:00,1182,85022,1,157.4475,USD
2010-01-15 00:00:00,2010-01-22 00:00:00,1182,91709,1,157.4475,GBP
2010-01-15 00:00:00,2010-01-22 00:00:00,1182,92649,1,157.4475,USD
2010-01-15 00:00:00,2010-01-22 00:00:00,1185,32256,2,839.895,GBP
2010-01-15 00:00:00,2010-01-22 00:00:00,1185,33309,1,419.9475,USD
2010-01-15 00:00:00,2010-01-22 00:00:00,1185,33411,1,419.9475,GBP
2010-01-15 00:00:00,2010-01-22 00:00:00,1185,72120,1,419.9475,USD
2010-01-15 00:00:00,2010-01-22 00:00:00,1185,75839,1,419.9475,GBP
2010-01-15 00:00:00,2010-01-22 00:00:00,1185,76201,1,419.9475,USD
2010-01-15 00:00:00,2010-01-22 00:00:00,1185,92707,1,419.9475,USD
2010-01-15 00:00:00,2010-01-22 00:00:00,1185,94704,1,419.9475,GBP
2010-01-15 00:00:00,2010-01-22 00:00:00,1188,29650,1,472.4475,USD
2010-01-15 00:00:00,2010-01-22 00:00:00,1188,33130,1,472.4475,GBP
2010-01-15 00:00:00,2010-01-22 00:00:00,1188,85705,1,472.4475,USD
2010-01-15 00:00:00,2010-01-22 00:00:00,1191,29404,1,262.4475,GBP
2010-01-15 00:00:00,2010-01-22 00:00:00,1191,32837,1,262.4475,GBP
2010-01-15 00:00:00,2010-01-22 00:00:00,1191,34238,1,262.4475,GBP
2010-01-15 00:00:00,2010-01-22 00:00:00,1191,70037,1,262.4475,GBP
2010-01-15 00:00:00,2010-01-22 00:00:00,1191,74954,1,262.4475,GBP
2010-01-15 00:00:00,2010-01-22 00:00:00,1191,76123,1,262.4475,GBP
2010-01-15 00:00:00,2010-01-22 00:00:00,1191,97401,1,262.4475,USD
2010-01-15 00:00:00,2010-01-22 00:00:00,1203,33063,1,314.9475,USD
2010-01-15 00:00:00,2010-01-22 00:00:00,1203,33175,1,314.9475,USD
2010-01-15 00:00:00,2010-01-22 00:00:00,1203,33920,1,314.9475,USD
2010-01-15 00:00:00,2010-01-22 00:00:00,1203,85029,1,314.9475,GBP
2010-01-15 00:00:00,2010-01-22 00:00:00,1204,76901,1,419.9475,GBP
2010-01-15 00:00:00,2010-01-22 00:00:00,1204,93312,1,419.9475,GBP
2010-01-15 00:00:00,2010-01-22 00:00:00,1205,35094,1,409.4475,USD
2010-01-15 00:00:00,2010-01-22 00:00:00,1215,07832,1,356.9475,GBP
2010-01-15 00:00:00,2010-01-22 00:00:00,1215,56353,1,356.9475,USD
2010-01-15 00:00:00,2010-01-22 00:00:00,1215,84790,1,356.9475,GBP
2010-01-15 00:00:00,2010-01-22 00:00:00,1215,85351,1,356.9475,GBP
2010-01-15 00:00:00,2010-01-22 00:00:00,1215,89108,1,356.9475,USD
2010-01-15 00:00:00,2010-01-22 00:00:00,1225,87112,1,257.1975,GBP
2010-01-15 00:00:00,2010-01-22 00:00:00,1225,90295,1,236.1975,GBP
2010-01-15 00:00:00,2010-01-22 00:00:00,1227,63026,1,314.9475,GBP
2010-01-15 00:00:00,2010-01-22 00:00:00,1227,74464,1,314.9475,USD
2010-01-15 00:00:00,2010-01-22 00:00:00,1227,92544,1,314.9475,GBP
2010-01-15 00:00:00,2010-01-22 00:00:00,1229,77331,1,236.1975,USD
2010-01-15 00:00:00,2010-01-22 00:00:00,1230,07070,1,519.6975,GBP
2010-01-15 00:00:00,2010-01-22 00:00:00,1230,34442,1,519.6975,USD
2010-01-15 00:00:00,2010-01-22 00:00:00,1230,52353,1,519.6975,GBP
2010-01-15 00:00:00,2010-01-22 00:00:00,1230,70080,1,519.6975,GBP
2010-01-15 00:00:00,2010-01-22 00:00:00,1230,76018,2,1044.645,USD
2010-01-15 00:00:00,2010-01-22 00:00:00,1230,95672,1,519.6975,GBP
2010-01-15 00:00:00,2010-01-22 00:00:00,1270,08087,1,346.395,GBP
2010-01-15 00:00:00,2010-01-22 00:00:00,1270,64834,1,355.845,GBP
2010-01-15 00:00:00,2010-01-22 00:00:00,1270,97355,1,355.845,GBP
2010-01-15 00:00:00,2010-01-22 00:00:00,1298,92026,1,346.395,GBP
2010-01-15 00:00:00,2010-01-22 00:00:00,1318,08332,1,307.02,USD
2010-01-15 00:00:00,2010-01-22 00:00:00,1318,33334,1,288.645,GBP
2010-01-15 00:00:00,2010-01-22 00:00:00,1318,91739,1,304.395,USD
2010-01-15 00:00:00,2010-01-22 00:00:00,1318,97206,2,614.04,GBP
2010-01-15 00:00:00,2010-01-22 00:00:00,1329,47112,1,92.82,GBP
2010-01-15 00:00:00,2010-01-22 00:00:00,1329,50129,2,742.56,GBP
2010-01-15 00:00:00,2010-01-22 00:00:00,1329,70092,1,92.82,GBP
2010-01-15 00:00:00,2010-01-22 00:00:00,1329,89014,1,92.82,GBP
2010-01-15 00:00:00,2010-01-22 00:00:00,1329,92646,1,92.82,GBP
2010-01-15 00:00:00,2010-01-22 00:00:00,1330,42431,1,92.82,USD
2010-01-15 00:00:00,2010-01-22 00:00:00,1330,50129,2,185.64,GBP
2010-01-15 00:00:00,2010-01-22 00:00:00,1330,63389,1,92.82,GBP
2010-01-15 00:00:00,2010-01-22 00:00:00,1330,70706,1,92.82,USD
2010-01-15 00:00:00,2010-01-22 00:00:00,1330,77867,1,92.82,GBP
2010-01-15 00:00:00,2010-01-22 00:00:00,1330,95953,1,91.77,GBP
2010-01-15 00:00:00,2010-01-22 00:00:00,1345,89119,1,304.395,GBP
2010-01-15 00:00:00,2010-01-22 00:00:00,1345,92313,1,304.395,GBP
2010-01-15 00:00:00,2010-01-22 00:00:00,1346,76137,1,304.395,GBP
2010-01-15 00:00:00,2010-01-22 00:00:00,1347,29061,1,299.145,USD
2010-01-15 00:00:00,2010-01-22 00:00:00,1347,75125,1,299.145,GBP
2010-01-15 00:00:00,2010-01-22 00:00:00,1347,95023,1,299.145,GBP
2010-01-15 00:00:00,2010-01-22 00:00:00,1347,97206,1,299.145,GBP
2010-01-15 00:00:00,2010-01-22 00:00:00,1347,97701,1,299.145,GBP
2010-01-15 00:00:00,2010-01-22 00:00:00,1348,75154,1,299.145,GBP
2010-01-15 00:00:00,2010-01-22 00:00:00,1351,29843,1,309.645,USD
2010-01-15 00:00:00,2010-01-22 00:00:00,1351,71913,1,309.645,GBP
2010-01-15 00:00:00,2010-01-22 00:00:00,1351,78155,1,309.645,GBP
2010-01-15 00:00:00,2010-01-22 00:00:00,1351,84108,1,309.645,USD
2010-01-15 00:00:00,2010-01-22 00:00:00,1351,89110,1,309.645,GBP
2010-01-15 00:00:00,2010-01-22 00:00:00,1351,97741,1,309.645,GBP
2010-01-15 00:00:00,2010-01-22 00:00:00,1379,73096,1,314.895,GBP
2010-01-15 00:00:00,2010-01-22 00:00:00,1380,73170,1,314.895,GBP
2010-01-15 00:00:00,2010-01-22 00:00:00,1425,84098,1,286.02,GBP
2010-01-15 00:00:00,2010-01-22 00:00:00,1425,89511,1,286.02,GBP
2010-01-15 00:00:00,2010-01-22 00:00:00,1426,46805,1,286.02,USD
2010-01-15 00:00:00,2010-01-22 00:00:00,1426,76013,1,286.02,GBP
2010-01-15 00:00:00,2010-01-22 00:00:00,1430,93257,1,283.395,GBP
2010-01-15 00:00:00,2010-01-22 00:00:00,1435,57702,1,312.27,USD
2010-01-15 00:00:00,2010-01-22 00:00:00,1435,65453,1,312.27,GBP
2010-01-15 00:00:00,2010-01-22 00:00:00,1435,84041,1,312.27,USD
2010-01-15 00:00:00,2010-01-22 00:00:00,1435,94544,1,312.27,USD
2010-01-15 00:00:00,2010-01-22 00:00:00,1435,97330,1,312.27,USD
2010-01-15 00:00:00,2010-01-22 00:00:00,1436,06854,1,312.27,GBP
2010-01-15 00:00:00,2010-01-22 00:00:00,1436,29113,1,312.27,GBP
2010-01-15 00:00:00,2010-01-22 00:00:00,1436,57702,1,312.27,GBP
2010-01-15 00:00:00,2010-01-22 00:00:00,1436,65453,1,312.27,GBP
2010-01-15 00:00:00,2010-01-22 00:00:00,1436,78613,1,312.27,GBP
2010-01-15 00:00:00,2010-01-22 00:00:00,1436,79331,1,312.27,GBP
2010-01-15 00:00:00,2010-01-22 00:00:00,1436,85224,1,312.27,GBP
2010-01-15 00:00:00,2010-01-22 00:00:00,1436,91784,1,312.27,GBP
2010-01-15 00:00:00,2010-01-22 00:00:00,1436,92307,1,312.27,GBP
2010-01-15 00:00:00,2010-01-22 00:00:00,1436,93257,1,312.27,GBP
2010-01-15 00:00:00,2010-01-22 00:00:00,1436,97330,1,312.27,GBP
2010-01-15 00:00:00,2010-01-22 00:00:00,1449,05201,1,118.02,GBP
2010-01-15 00:00:00,2010-01-22 00:00:00,1449,57769,1,118.02,GBP
2010-01-15 00:00:00,2010-01-22 00:00:00,1449,70512,1,118.02,GBP
2010-01-15 00:00:00,2010-01-22 00:00:00,1449,79373,1,118.02,GBP
2010-01-15 00:00:00,2010-01-22 00:00:00,1449,89511,1,118.02,GBP
2010-01-15 00:00:00,2010-01-22 00:00:00,1449,90502,1,118.02,USD
2010-01-15 00:00:00,2010-01-22 00:00:00,1449,95746,1,118.02,GBP
2010-01-15 00:00:00,2010-01-22 00:00:00,1450,06512,1,118.02,USD
2010-01-15 00:00:00,2010-01-22 00:00:00,1450,19702,1,118.02,GBP
2010-01-15 00:00:00,2010-01-22 00:00:00,1450,32514,1,118.02,GBP
2010-01-15 00:00:00,2010-01-22 00:00:00,1450,65020,1,118.02,USD
2010-01-15 00:00:00,2010-01-22 00:00:00,1450,70512,1,118.02,GBP
2010-01-15 00:00:00,2010-01-22 00:00:00,1450,70714,1,118.02,USD
2010-01-15 00:00:00,2010-01-22 00:00:00,1450,93446,1,118.02,USD
2010-01-15 00:00:00,2010-01-22 00:00:00,1477,90291,1,317.52,USD
2010-01-15 00:00:00,2010-01-22 00:00:00,1477,97501,1,317.52,GBP
2010-01-15 00:00:00,2010-01-22 00:00:00,1483,07840,1,70.77,GBP
2010-01-15 00:00:00,2010-01-22 00:00:00,1483,84047,1,70.77,GBP
2010-01-15 00:00:00,2010-01-22 00:00:00,1484,07840,1,70.77,GBP
2010-01-15 00:00:00,2010-01-22 00:00:00,1489,29621,1,262.395,GBP
2010-01-15 00:00:00,2010-01-22 00:00:00,1490,29302,1,262.395,GBP
2010-01-15 00:00:00,2010-01-22 00:00:00,1490,92057,1,262.395,GBP
2010-01-15 00:00:00,2010-01-22 00:00:00,1490,97756,1,262.395,GBP
2010-01-15 00:00:00,2010-01-22 00:00:00,1517,06925,1,141.645,USD
2010-01-15 00:00:00,2010-01-22 00:00:00,1517,20715,1,141.645,GBP
2010-01-15 00:00:00,2010-01-22 00:00:00,1517,38483,1,141.645,GBP
2010-01-15 00:00:00,2010-01-22 00:00:00,1517,79235,1,141.645,USD
2010-01-15 00:00:00,2010-01-22 00:00:00,1517,85257,1,141.645,GBP
2010-01-15 00:00:00,2010-01-22 00:00:00,1517,90731,1,141.645,GBP
2010-01-15 00:00:00,2010-01-22 00:00:00,1517,92618,1,141.645,USD
2010-01-15 00:00:00,2010-01-22 00:00:00,1517,93501,1,141.645,USD
2010-01-15 00:00:00,2010-01-22 00:00:00,1517,93535,1,141.645,GBP
2010-01-15 00:00:00,2010-01-22 00:00:00,1518,33549,1,141.645,GBP
2010-01-15 00:00:00,2010-01-22 00:00:00,1518,50208,1,141.645,USD
2010-01-15 00:00:00,2010-01-22 00:00:00,1518,63304,1,141.645,USD
2010-01-15 00:00:00,2010-01-22 00:00:00,1518,89102,1,141.645,GBP
2010-01-15 00:00:00,2010-01-22 00:00:00,1518,89120,1,141.645,GBP
2010-01-15 00:00:00,2010-01-22 00:00:00,1518,92646,1,141.645,GBP
2010-01-15 00:00:00,2010-01-22 00:00:00,1518,95038,1,141.645,USD
2010-01-15 00:00:00,2010-01-22 00:00:00,1554,93614,1,330.645,USD
2010-01-15 00:00:00,2010-01-22 00:00:00,1641,89434,1,70.77,USD
2010-01-15 00:00:00,2010-01-22 00:00:00,1641,89510,1,70.77,USD
2010-01-15 00:00:00,2010-01-22 00:00:00,1641,92054,1,70.77,GBP
2010-01-15 00:00:00,2010-01-22 00:00:00,1641,92220,1,70.77,GBP
2010-01-15 00:00:00,2010-01-22 00:00:00,1641,92508,1,70.77,GBP
2010-01-15 00:00:00,2010-01-22 00:00:00,1641,94538,1,70.77,GBP
2010-01-15 00:00:00,2010-01-22 00:00:00,1641,96105,1,70.77,GBP
2010-01-15 00:00:00,2010-01-22 00:00:00,1641,97008,1,70.77,GBP
2010-01-15 00:00:00,2010-01-22 00:00:00,1641,97080,1,70.77,GBP
2010-01-15 00:00:00,2010-01-22 00:00:00,1894,06365,1,682.2375,USD
2010-01-15 00:00:00,2010-01-22 00:00:00,1894,29650,1,682.2375,USD
2010-01-15 00:00:00,2010-01-22 00:00:00,1894,32333,1,682.2375,USD
2010-01-15 00:00:00,2010-01-22 00:00:00,1894,34608,1,682.2375,USD
2010-01-15 00:00:00,2010-01-22 00:00:00,1894,56013,1,682.2375,GBP
2010-01-15 00:00:00,2010-01-22 00:00:00,1894,89117,1,682.2375,USD
2010-01-15 00:00:00,2010-01-22 00:00:00,1909,33617,1,199.4475,USD
2010-01-15 00:00:00,2010-01-22 00:00:00,1911,21117,1,244.0725,USD
2010-01-15 00:00:00,2010-01-22 00:00:00,1911,67217,1,244.0725,GBP
2010-01-15 00:00:00,2010-01-22 00:00:00,1911,71929,1,244.0725,USD
2010-01-15 00:00:00,2010-01-22 00:00:00,1911,77035,1,244.0725,GBP
2010-01-15 00:00:00,2010-01-22 00:00:00,1911,84664,1,244.0725,GBP
2010-01-15 00:00:00,2010-01-22 00:00:00,1911,92504,4,976.29,USD
2010-01-15 00:00:00,2010-01-22 00:00:00,1911,94938,1,244.0725,GBP
2010-01-15 00:00:00,2010-01-22 00:00:00,1911,97488,1,244.0725,USD
2010-01-15 00:00:00,2010-01-22 00:00:00,1920,64034,1,278.1975,USD
2010-01-15 00:00:00,2010-01-22 00:00:00,1920,79721,1,278.1975,GBP
2010-01-15 00:00:00,2010-01-22 00:00:00,1930,42103,1,283.4475,GBP
2010-01-15 00:00:00,2010-01-22 00:00:00,1930,42103,1,283.4475,USD
2010-01-15 00:00:00,2010-01-22 00:00:00,1930,75028,1,283.4475,USD
2010-01-15 00:00:00,2010-01-22 00:00:00,1931,42103,1,283.4475,GBP
2010-01-15 00:00:00,2010-01-22 00:00:00,1931,42103,1,283.4475,USD
2010-01-15 00:00:00,2010-01-22 00:00:00,1931,75028,1,283.4475,USD
2010-01-15 00:00:00,2010-01-22 00:00:00,1948,02748,1,296.5725,GBP
2010-01-15 00:00:00,2010-01-22 00:00:00,1948,08758,1,296.5725,USD
2010-01-15 00:00:00,2010-01-22 00:00:00,1948,19707,1,296.5725,GBP
2010-01-15 00:00:00,2010-01-22 00:00:00,1948,21220,2,593.145,USD
2010-01-15 00:00:00,2010-01-22 00:00:00,1948,21703,1,296.5725,GBP
2010-01-15 00:00:00,2010-01-22 00:00:00,1948,21784,1,296.5725,USD
2010-01-15 00:00:00,2010-01-22 00:00:00,1948,26755,1,296.5725,GBP
2010-01-15 00:00:00,2010-01-22 00:00:00,1948,38001,1,296.5725,GBP
2010-01-15 00:00:00,2010-01-22 00:00:00,1948,39648,1,296.5725,GBP
2010-01-15 00:00:00,2010-01-22 00:00:00,1948,42320,1,296.5725,GBP
2010-01-15 00:00:00,2010-01-22 00:00:00,1948,46808,1,296.5725,GBP
2010-01-15 00:00:00,2010-01-22 00:00:00,1948,47918,1,889.7175,GBP
2010-01-15 00:00:00,2010-01-22 00:00:00,1948,47918,1,296.5725,USD
2010-01-15 00:00:00,2010-01-22 00:00:00,1948,53072,1,296.5725,USD
2010-01-15 00:00:00,2010-01-22 00:00:00,1948,53154,1,296.5725,USD
2010-01-15 00:00:00,2010-01-22 00:00:00,1948,53820,1,296.5725,USD
2010-01-15 00:00:00,2010-01-22 00:00:00,1948,57055,1,296.5725,GBP
2010-01-15 00:00:00,2010-01-22 00:00:00,1948,66202,1,296.5725,USD
2010-01-15 00:00:00,2010-01-22 00:00:00,1948,75904,1,296.5725,GBP
2010-01-15 00:00:00,2010-01-22 00:00:00,1948,79109,1,296.5725,USD
2010-01-15 00:00:00,2010-01-22 00:00:00,1948,83401,3,889.7175,GBP
2010-01-15 00:00:00,2010-01-22 00:00:00,1948,84032,1,296.5725,GBP
2010-01-15 00:00:00,2010-01-22 00:00:00,1948,84115,6,1779.435,USD
2010-01-15 00:00:00,2010-01-22 00:00:00,1948,84663,1,296.5725,GBP
2010-01-15 00:00:00,2010-01-22 00:00:00,1948,85206,1,296.5725,GBP
2010-01-15 00:00:00,2010-01-22 00:00:00,1948,87015,1,293.9475,USD
2010-01-15 00:00:00,2010-01-22 00:00:00,1948,92129,2,593.145,USD
2010-01-15 00:00:00,2010-01-22 00:00:00,1948,92673,1,296.5725,USD
2010-01-15 00:00:00,2010-01-22 00:00:00,1948,92821,1,296.5725,USD
2010-01-15 00:00:00,2010-01-22 00:00:00,1948,92835,1,296.5725,USD
2010-01-15 00:00:00,2010-01-22 00:00:00,1948,93312,1,296.5725,USD
2010-01-15 00:00:00,2010-01-22 00:00:00,1948,95020,1,296.5725,USD
2010-01-15 00:00:00,2010-01-22 00:00:00,1948,95531,1,296.5725,USD
2010-01-15 00:00:00,2010-01-22 00:00:00,1948,97045,2,593.145,USD
2010-01-15 00:00:00,2010-01-22 00:00:00,1948,97303,1,296.5725,USD
2010-01-15 00:00:00,2010-01-22 00:00:00,1948,97452,1,296.5725,GBP
2010-01-15 00:00:00,2010-01-22 00:00:00,1948,97544,1,296.5725,USD
2010-01-15 00:00:00,2010-01-22 00:00:00,1949,02715,1,296.5725,USD
2010-01-15 00:00:00,2010-01-22 00:00:00,1949,08753,1,296.5725,GBP
2010-01-15 00:00:00,2010-01-22 00:00:00,1949,21776,2,593.145,USD
2010-01-15 00:00:00,2010-01-22 00:00:00,1949,32822,1,296.5725,GBP
2010-01-15 00:00:00,2010-01-22 00:00:00,1949,33540,1,296.5725,USD
2010-01-15 00:00:00,2010-01-22 00:00:00,1949,37042,1,296.5725,GBP
2010-01-15 00:00:00,2010-01-22 00:00:00,1949,38024,2,593.145,GBP
2010-01-15 00:00:00,2010-01-22 00:00:00,1949,39648,1,296.5725,USD
2010-01-15 00:00:00,2010-01-22 00:00:00,1949,47802,1,593.145,GBP
2010-01-15 00:00:00,2010-01-22 00:00:00,1949,47918,1,296.5725,GBP
2010-01-15 00:00:00,2010-01-22 00:00:00,1949,47918,1,296.5725,USD
2010-01-15 00:00:00,2010-01-22 00:00:00,1949,53104,1,296.5725,USD
2010-01-15 00:00:00,2010-01-22 00:00:00,1949,59730,1,296.5725,USD
2010-01-15 00:00:00,2010-01-22 00:00:00,1949,75069,1,296.5725,USD
2010-01-15 00:00:00,2010-01-22 00:00:00,1949,77630,1,296.5725,USD
2010-01-15 00:00:00,2010-01-22 00:00:00,1949,83616,1,296.5725,USD
2010-01-15 00:00:00,2010-01-22 00:00:00,1949,84066,1,296.5725,USD
2010-01-15 00:00:00,2010-01-22 00:00:00,1949,84084,1,296.5725,USD
2010-01-15 00:00:00,2010-01-22 00:00:00,1949,84115,6,1779.435,USD
2010-01-15 00:00:00,2010-01-22 00:00:00,1949,84601,5,1482.8625,GBP
2010-01-15 00:00:00,2010-01-22 00:00:00,1949,85032,1,296.5725,USD
2010-01-15 00:00:00,2010-01-22 00:00:00,1949,85206,1,296.5725,USD
2010-01-15 00:00:00,2010-01-22 00:00:00,1949,85236,1,296.5725,USD
2010-01-15 00:00:00,2010-01-22 00:00:00,1949,87415,1,296.5725,USD
2010-01-15 00:00:00,2010-01-22 00:00:00,1949,89434,1,296.5725,GBP
2010-01-15 00:00:00,2010-01-22 00:00:00,1949,89509,1,296.5725,GBP
2010-01-15 00:00:00,2010-01-22 00:00:00,1949,90630,1,296.5725,GBP
2010-01-15 00:00:00,2010-01-22 00:00:00,1949,92335,1,296.5725,GBP
2010-01-15 00:00:00,2010-01-22 00:00:00,1949,93312,1,296.5725,USD
2010-01-15 00:00:00,2010-01-22 00:00:00,1949,93657,1,296.5725,USD
2010-01-15 00:00:00,2010-01-22 00:00:00,1949,93706,1,296.5725,USD
2010-01-15 00:00:00,2010-01-22 00:00:00,1949,99508,1,296.5725,GBP
2010-01-15 00:00:00,2010-01-22 00:00:00,1956,08638,2,307.545,GBP
2010-01-15 00:00:00,2010-01-22 00:00:00,1956,38401,1,153.7725,USD
2010-01-15 00:00:00,2010-01-22 00:00:00,1956,47401,1,153.7725,GBP
2010-01-15 00:00:00,2010-01-22 00:00:00,1956,52327,1,153.7725,GBP
2010-01-15 00:00:00,2010-01-22 00:00:00,1956,52353,1,153.7725,GBP
2010-01-15 00:00:00,2010-01-22 00:00:00,1956,52619,1,153.7725,GBP
2010-01-15 00:00:00,2010-01-22 00:00:00,1956,84041,5,768.8625,USD
2010-01-15 00:00:00,2010-01-22 00:00:00,1956,85331,1,153.7725,GBP
2010-01-15 00:00:00,2010-01-22 00:00:00,1956,88220,1,152.1975,GBP
2010-01-15 00:00:00,2010-01-22 00:00:00,1956,95020,2,307.545,GBP
2010-01-15 00:00:00,2010-01-22 00:00:00,1957,20657,1,153.7725,USD
2010-01-15 00:00:00,2010-01-22 00:00:00,1957,26241,1,153.7725,GBP
2010-01-15 00:00:00,2010-01-22 00:00:00,1957,32822,1,153.7725,GBP
2010-01-15 00:00:00,2010-01-22 00:00:00,1957,52327,1,153.7725,GBP
2010-01-15 00:00:00,2010-01-22 00:00:00,1957,52353,1,153.7725,GBP
2010-01-15 00:00:00,2010-01-22 00:00:00,1957,52353,1,307.545,USD
2010-01-15 00:00:00,2010-01-22 00:00:00,1957,55378,1,153.7725,GBP
2010-01-15 00:00:00,2010-01-22 00:00:00,1957,89014,1,153.7725,USD
2010-01-15 00:00:00,2010-01-22 00:00:00,1957,91406,1,153.7725,GBP
2010-01-15 00:00:00,2010-01-22 00:00:00,1957,92506,1,153.7725,GBP
2010-01-15 00:00:00,2010-01-22 00:00:00,1960,21702,1,97.0725,GBP
2010-01-15 00:00:00,2010-01-22 00:00:00,1960,33413,1,97.0725,GBP
2010-01-15 00:00:00,2010-01-22 00:00:00,1960,34609,2,194.145,GBP
2010-01-15 00:00:00,2010-01-22 00:00:00,1960,36532,2,194.145,GBP
2010-01-15 00:00:00,2010-01-22 00:00:00,1960,71940,1,97.0725,GBP
2010-01-15 00:00:00,2010-01-22 00:00:00,1960,75087,1,97.0725,GBP
2010-01-15 00:00:00,2010-01-22 00:00:00,1960,85541,1,97.0725,GBP
2010-01-15 00:00:00,2010-01-22 00:00:00,1960,87015,1,97.0725,GBP
2010-01-15 00:00:00,2010-01-22 00:00:00,1960,95023,2,194.145,USD
2010-01-15 00:00:00,2010-01-22 00:00:00,1961,06351,1,97.0725,USD
2010-01-15 00:00:00,2010-01-22 00:00:00,1961,29138,1,97.0725,GBP
2010-01-15 00:00:00,2010-01-22 00:00:00,1961,38401,1,97.0725,USD
2010-01-15 00:00:00,2010-01-22 00:00:00,1961,46158,1,94.4475,GBP
2010-01-15 00:00:00,2010-01-22 00:00:00,1961,47802,1,97.0725,GBP
2010-01-15 00:00:00,2010-01-22 00:00:00,1961,54151,1,97.0725,USD
2010-01-15 00:00:00,2010-01-22 00:00:00,1961,63124,1,97.0725,USD
2010-01-15 00:00:00,2010-01-22 00:00:00,1961,71940,1,97.0725,GBP
2010-01-15 00:00:00,2010-01-22 00:00:00,1961,75652,1,97.0725,USD
2010-01-15 00:00:00,2010-01-22 00:00:00,1961,77340,1,97.0725,GBP
2010-01-15 00:00:00,2010-01-22 00:00:00,1961,85255,1,97.0725,USD
2010-01-15 00:00:00,2010-01-22 00:00:00,1961,95670,1,97.0725,GBP
2010-01-15 00:00:00,2010-01-22 00:00:00,1961,97478,1,97.0725,GBP
2010-01-15 00:00:00,2010-01-22 00:00:00,1968,32818,1,238.8225,GBP
2010-01-15 00:00:00,2010-01-22 00:00:00,1968,91710,1,238.8225,USD
2010-01-15 00:00:00,2010-01-22 00:00:00,1969,32818,1,238.8225,USD
2010-01-15 00:00:00,2010-01-22 00:00:00,1969,32927,1,236.1975,USD
2010-01-15 00:00:00,2010-01-22 00:00:00,1969,57785,2,477.645,USD
2010-01-15 00:00:00,2010-01-22 00:00:00,1969,86502,1,238.8225,USD
2010-01-15 00:00:00,2010-01-22 00:00:00,1974,08318,1,52.4475,USD
2010-01-15 00:00:00,2010-01-22 00:00:00,1974,08757,1,52.4475,USD
2010-01-15 00:00:00,2010-01-22 00:00:00,1974,20706,1,52.4475,USD
2010-01-15 00:00:00,2010-01-22 00:00:00,1974,33982,1,52.4475,GBP
2010-01-15 00:00:00,2010-01-22 00:00:00,1974,36203,1,52.4475,USD
2010-01-15 00:00:00,2010-01-22 00:00:00,1974,47167,1,52.4475,GBP
2010-01-15 00:00:00,2010-01-22 00:00:00,1974,63664,1,52.4475,GBP
2010-01-15 00:00:00,2010-01-22 00:00:00,1974,71106,1,52.4475,USD
2010-01-15 00:00:00,2010-01-22 00:00:00,1974,90807,1,52.4475,USD
2010-01-15 00:00:00,2010-01-22 00:00:00,1974,92821,1,52.4475,USD
2010-01-15 00:00:00,2010-01-22 00:00:00,1974,93041,1,52.4475,USD
2010-01-15 00:00:00,2010-01-22 00:00:00,1974,93402,1,52.4475,USD
2010-01-15 00:00:00,2010-01-22 00:00:00,1974,95670,1,52.4475,USD
2010-01-15 00:00:00,2010-01-22 00:00:00,1974,95827,1,52.4475,USD
2010-01-15 00:00:00,2010-01-22 00:00:00,1974,95841,1,52.4475,USD
2010-01-15 00:00:00,2010-01-22 00:00:00,1975,01602,1,52.4475,GBP
2010-01-15 00:00:00,2010-01-22 00:00:00,1975,06035,1,52.4475,USD
2010-01-15 00:00:00,2010-01-22 00:00:00,1975,08723,1,52.4475,USD
2010-01-15 00:00:00,2010-01-22 00:00:00,1975,29710,1,52.4475,GBP
2010-01-15 00:00:00,2010-01-22 00:00:00,1975,47167,1,52.4475,GBP
2010-01-15 00:00:00,2010-01-22 00:00:00,1975,78681,1,52.4475,USD
2010-01-15 00:00:00,2010-01-22 00:00:00,1975,91311,1,52.4475,USD
2010-01-15 00:00:00,2010-01-22 00:00:00,1975,92277,1,52.4475,USD
2010-01-15 00:00:00,2010-01-22 00:00:00,1975,92345,1,52.4475,USD
2010-01-15 00:00:00,2010-01-22 00:00:00,1975,95023,2,104.895,USD
2010-01-15 00:00:00,2010-01-22 00:00:00,1975,95726,1,52.4475,USD
2010-01-15 00:00:00,2010-01-22 00:00:00,1975,95747,2,104.895,USD
2010-01-15 00:00:00,2010-01-22 00:00:00,1975,95841,1,52.4475,GBP
2010-01-15 00:00:00,2010-01-22 00:00:00,1975,97132,1,52.4475,GBP
2010-01-15 00:00:00,2010-01-22 00:00:00,1979,21776,2,514.395,GBP
2010-01-15 00:00:00,2010-01-22 00:00:00,1979,71115,1,254.5725,GBP
2010-01-15 00:00:00,2010-01-22 00:00:00,1990,02777,2,514.395,GBP
2010-01-15 00:00:00,2010-01-22 00:00:00,1990,06073,1,257.1975,USD
2010-01-15 00:00:00,2010-01-22 00:00:00,1990,06234,1,257.1975,USD
2010-01-15 00:00:00,2010-01-22 00:00:00,1990,08069,1,257.1975,USD
2010-01-15 00:00:00,2010-01-22 00:00:00,1990,08879,1,257.1975,USD
2010-01-15 00:00:00,2010-01-22 00:00:00,1990,21236,1,257.1975,USD
2010-01-15 00:00:00,2010-01-22 00:00:00,1990,33823,1,257.1975,USD
2010-01-15 00:00:00,2010-01-22 00:00:00,1990,46239,1,257.1975,USD
2010-01-15 00:00:00,2010-01-22 00:00:00,1990,46725,2,514.395,USD
2010-01-15 00:00:00,2010-01-22 00:00:00,1990,47918,1,514.395,GBP
2010-01-15 00:00:00,2010-01-22 00:00:00,1990,47918,1,771.5925,USD
2010-01-15 00:00:00,2010-01-22 00:00:00,1990,50049,1,257.1975,USD
2010-01-15 00:00:00,2010-01-22 00:00:00,1990,53089,1,257.1975,USD
2010-01-15 00:00:00,2010-01-22 00:00:00,1990,53188,1,257.1975,USD
2010-01-15 00:00:00,2010-01-22 00:00:00,1990,58504,2,514.395,USD
2010-01-15 00:00:00,2010-01-22 00:00:00,1990,59105,1,257.1975,USD
2010-01-15 00:00:00,2010-01-22 00:00:00,1990,64098,1,257.1975,USD
2010-01-15 00:00:00,2010-01-22 00:00:00,1990,65240,1,257.1975,USD
2010-01-15 00:00:00,2010-01-22 00:00:00,1990,66414,1,257.1975,GBP
2010-01-15 00:00:00,2010-01-22 00:00:00,1990,75050,1,257.1975,GBP
2010-01-15 00:00:00,2010-01-22 00:00:00,1990,83440,2,514.395,GBP
2010-01-15 00:00:00,2010-01-22 00:00:00,1990,84041,3,771.5925,GBP
2010-01-15 00:00:00,2010-01-22 00:00:00,1990,90278,4,1028.79,USD
2010-01-15 00:00:00,2010-01-22 00:00:00,1990,91324,1,257.1975,GBP
2010-01-15 00:00:00,2010-01-22 00:00:00,1990,92119,1,257.1975,USD
2010-01-15 00:00:00,2010-01-22 00:00:00,1990,92242,1,257.1975,USD
2010-01-15 00:00:00,2010-01-22 00:00:00,1990,92592,2,514.395,GBP
2010-01-15 00:00:00,2010-01-22 00:00:00,1990,93103,3,771.5925,USD
2010-01-15 00:00:00,2010-01-22 00:00:00,1990,93552,1,257.1975,GBP
2010-01-15 00:00:00,2010-01-22 00:00:00,1990,93614,1,257.1975,GBP
2010-01-15 00:00:00,2010-01-22 00:00:00,1990,93657,1,257.1975,GBP
2010-01-15 00:00:00,2010-01-22 00:00:00,1990,93720,1,257.1975,USD
2010-01-15 00:00:00,2010-01-22 00:00:00,1990,94546,1,257.1975,USD
2010-01-15 00:00:00,2010-01-22 00:00:00,1990,97502,1,257.1975,USD
2010-01-15 00:00:00,2010-01-22 00:00:00,2012,77511,1,377.9475,GBP
2010-01-15 00:00:00,2010-01-22 00:00:00,2012,90013,1,372.6975,USD
2010-01-15 00:00:00,2010-01-22 00:00:00,2012,94117,1,377.9475,GBP
2010-01-15 00:00:00,2010-01-22 00:00:00,2012,95820,1,377.9475,GBP
2010-01-15 00:00:00,2010-01-22 00:00:00,2012,95901,1,377.9475,GBP
2010-01-15 00:00:00,2010-01-22 00:00:00,2032,32810,1,220.4475,USD
2010-01-15 00:00:00,2010-01-22 00:00:00,2045,08869,1,404.1975,GBP
2010-01-15 00:00:00,2010-01-22 00:00:00,2045,29104,1,409.4475,GBP
2010-01-15 00:00:00,2010-01-22 00:00:00,2045,29307,1,409.4475,GBP
2010-01-15 00:00:00,2010-01-22 00:00:00,2045,29412,1,409.4475,GBP
2010-01-15 00:00:00,2010-01-22 00:00:00,2045,33019,1,409.4475,GBP
2010-01-15 00:00:00,2010-01-22 00:00:00,2045,33428,1,409.4475,GBP
2010-01-15 00:00:00,2010-01-22 00:00:00,2045,42086,1,409.4475,GBP
2010-01-15 00:00:00,2010-01-22 00:00:00,2045,85248,1,409.4475,USD
2010-01-15 00:00:00,2010-01-22 00:00:00,2045,93389,1,409.4475,USD
2010-01-15 00:00:00,2010-01-22 00:00:00,2045,95687,1,409.4475,USD
2010-01-15 00:00:00,2010-01-22 00:00:00,2045,99615,1,409.4475,GBP
2010-01-15 00:00:00,2010-01-22 00:00:00,2047,19802,1,377.9475,GBP
2010-01-15 00:00:00,2010-01-22 00:00:00,2047,33012,1,377.9475,GBP
2010-01-15 00:00:00,2010-01-22 00:00:00,2047,33810,1,372.6975,USD
2010-01-15 00:00:00,2010-01-22 00:00:00,2047,70737,1,377.9475,USD
2010-01-15 00:00:00,2010-01-22 00:00:00,2047,74070,1,377.9475,USD
2010-01-15 00:00:00,2010-01-22 00:00:00,2047,93940,2,755.895,USD
2010-01-15 00:00:00,2010-01-22 00:00:00,2047,95066,1,372.6975,USD
2010-01-15 00:00:00,2010-01-22 00:00:00,2050,35242,1,498.6975,USD
2010-01-15 00:00:00,2010-01-22 00:00:00,2050,75252,1,498.6975,GBP
2010-01-15 00:00:00,2010-01-22 00:00:00,2050,92626,1,498.6975,USD
2010-01-15 00:00:00,2010-01-22 00:00:00,2056,29607,1,325.4475,USD
2010-01-15 00:00:00,2010-01-22 00:00:00,2056,32233,1,325.4475,USD
2010-01-15 00:00:00,2010-01-22 00:00:00,2056,32764,1,325.4475,GBP
2010-01-15 00:00:00,2010-01-22 00:00:00,2056,36541,1,325.4475,USD
2010-01-15 00:00:00,2010-01-22 00:00:00,2056,52135,1,325.4475,USD
2010-01-15 00:00:00,2010-01-22 00:00:00,2056,73533,1,325.4475,USD
2010-01-15 00:00:00,2010-01-22 00:00:00,2056,78745,1,325.4475,USD
2010-01-15 00:00:00,2010-01-22 00:00:00,2056,85746,1,325.4475,GBP
2010-01-15 00:00:00,2010-01-22 00:00:00,2056,89701,1,325.4475,GBP
2010-01-15 00:00:00,2010-01-22 00:00:00,2056,92346,1,325.4475,USD
2010-01-15 00:00:00,2010-01-22 00:00:00,2057,94565,1,472.4475,USD
2010-01-15 00:00:00,2010-01-22 00:00:00,2064,08109,1,488.1975,USD
2010-01-15 00:00:00,2010-01-22 00:00:00,2064,08854,1,488.1975,GBP
2010-01-15 00:00:00,2010-01-22 00:00:00,2064,08889,1,488.1975,USD
2010-01-15 00:00:00,2010-01-22 00:00:00,2064,32224,1,488.1975,GBP
2010-01-15 00:00:00,2010-01-22 00:00:00,2064,32707,1,488.1975,GBP
2010-01-15 00:00:00,2010-01-22 00:00:00,2064,32733,1,488.1975,GBP
2010-01-15 00:00:00,2010-01-22 00:00:00,2064,33025,1,488.1975,USD
2010-01-15 00:00:00,2010-01-22 00:00:00,2064,33139,1,488.1975,GBP
2010-01-15 00:00:00,2010-01-22 00:00:00,2064,36608,1,488.1975,GBP
2010-01-15 00:00:00,2010-01-22 00:00:00,2064,37416,1,488.1975,USD
2010-01-15 00:00:00,2010-01-22 00:00:00,2064,90805,1,488.1975,USD
2010-01-15 00:00:00,2010-01-22 00:00:00,2064,92630,1,488.1975,GBP
2010-01-15 00:00:00,2010-01-22 00:00:00,2064,93265,1,488.1975,GBP
2010-01-15 00:00:00,2010-01-22 00:00:00,2064,93925,1,488.1975,USD
2010-01-15 00:00:00,2010-01-22 00:00:00,2070,32124,2,1039.395,GBP
2010-01-15 00:00:00,2010-01-22 00:00:00,2070,32220,1,519.6975,USD
2010-01-15 00:00:00,2010-01-22 00:00:00,2070,33615,1,519.6975,GBP
2010-01-15 00:00:00,2010-01-22 00:00:00,2070,34476,1,519.6975,USD
2010-01-15 00:00:00,2010-01-22 00:00:00,2070,70663,1,519.6975,GBP
2010-01-15 00:00:00,2010-01-22 00:00:00,2070,71291,1,519.6975,USD
2010-01-15 00:00:00,2010-01-22 00:00:00,2070,78263,1,519.6975,USD
2010-01-15 00:00:00,2010-01-22 00:00:00,2070,78413,1,519.6975,USD
2010-01-15 00:00:00,2010-01-22 00:00:00,2070,79107,1,519.6975,USD
2010-01-15 00:00:00,2010-01-22 00:00:00,2074,21669,1,328.0725,GBP
2010-01-15 00:00:00,2010-01-22 00:00:00,2074,33540,1,328.0725,USD
2010-01-15 00:00:00,2010-01-22 00:00:00,2074,63624,1,328.0725,GBP
2010-01-15 00:00:00,2010-01-22 00:00:00,2074,85284,1,328.0725,USD
2010-01-15 00:00:00,2010-01-22 00:00:00,2074,88260,1,328.0725,USD
2010-01-15 00:00:00,2010-01-22 00:00:00,2074,92701,1,328.0725,GBP
2010-01-15 00:00:00,2010-01-22 00:00:00,2081,32544,1,220.4475,GBP
2010-01-15 00:00:00,2010-01-22 00:00:00,2081,34983,1,220.4475,USD
2010-01-15 00:00:00,2010-01-22 00:00:00,2081,37029,1,220.4475,GBP
2010-01-15 00:00:00,2010-01-22 00:00:00,2081,76201,1,220.4475,GBP
2010-01-15 00:00:00,2010-01-22 00:00:00,2081,92025,1,220.4475,GBP
2010-01-15 00:00:00,2010-01-22 00:00:00,2083,38251,1,309.6975,USD
2010-01-15 00:00:00,2010-01-22 00:00:00,2083,84118,1,309.6975,GBP
2010-01-15 00:00:00,2010-01-22 00:00:00,2091,36695,2,304.395,USD
2010-01-15 00:00:00,2010-01-22 00:00:00,2094,32404,1,433.0725,GBP
2010-01-15 00:00:00,2010-01-22 00:00:00,2094,32571,1,433.0725,GBP
2010-01-15 00:00:00,2010-01-22 00:00:00,2094,33549,1,433.0725,GBP
2010-01-15 00:00:00,2010-01-22 00:00:00,2094,58554,1,433.0725,GBP
2010-01-15 00:00:00,2010-01-22 00:00:00,2094,77388,1,433.0725,USD
2010-01-15 00:00:00,2010-01-22 00:00:00,2094,92116,1,433.0725,USD
2010-01-15 00:00:00,2010-01-22 00:00:00,2094,97470,1,433.0725,USD
2010-01-15 00:00:00,2010-01-22 00:00:00,2126,03449,1,472.2375,USD
2010-01-15 00:00:00,2010-01-22 00:00:00,2126,32514,1,472.2375,USD
2010-01-15 00:00:00,2010-01-22 00:00:00,2128,33186,1,398.7375,USD
2010-01-15 00:00:00,2010-01-22 00:00:00,2128,91040,1,398.7375,USD
2010-01-15 00:00:00,2010-01-22 00:00:00,2130,07432,1,472.2375,USD
2010-01-15 00:00:00,2010-01-22 00:00:00,2135,75228,1,524.7375,GBP
2010-01-15 00:00:00,2010-01-22 00:00:00,2161,91401,1,571.9875,USD
2010-01-15 00:00:00,2010-01-22 00:00:00,2161,94510,1,571.9875,GBP
2010-01-15 00:00:00,2010-01-22 00:00:00,2167,88330,1,577.2375,USD
2010-01-15 00:00:00,2010-01-22 00:00:00,2169,02360,1,535.2375,USD
2010-01-15 00:00:00,2010-01-22 00:00:00,2169,92084,1,535.2375,USD
2010-01-15 00:00:00,2010-01-22 00:00:00,2169,92109,1,535.2375,USD
2010-01-15 00:00:00,2010-01-22 00:00:00,2175,46530,1,472.2375,GBP
2010-01-15 00:00:00,2010-01-22 00:00:00,2188,33470,1,233.5725,GBP
2010-01-15 00:00:00,2010-01-22 00:00:00,2188,78155,1,230.9475,GBP
2010-01-15 00:00:00,2010-01-22 00:00:00,2192,36037,1,202.0725,GBP
2010-01-15 00:00:00,2010-01-22 00:00:00,2192,77611,1,199.4475,GBP
2010-01-15 00:00:00,2010-01-22 00:00:00,2192,92346,1,202.0725,GBP
2010-01-15 00:00:00,2010-01-22 00:00:00,2192,97233,1,202.0725,GBP
2010-01-15 00:00:00,2010-01-22 00:00:00,2199,33060,1,178.4475,GBP
2010-01-15 00:00:00,2010-01-22 00:00:00,2199,36502,1,178.4475,USD
2010-01-15 00:00:00,2010-01-22 00:00:00,2199,38305,1,178.4475,USD
2010-01-15 00:00:00,2010-01-22 00:00:00,2199,71638,2,356.895,USD
2010-01-15 00:00:00,2010-01-22 00:00:00,2199,92346,1,178.4475,GBP
2010-01-15 00:00:00,2010-01-22 00:00:00,2204,92630,1,173.1975,GBP
2010-01-15 00:00:00,2010-01-22 00:00:00,2204,97123,1,173.1975,GBP
2010-01-15 00:00:00,2010-01-22 00:00:00,2205,40069,1,173.1975,USD
2010-01-15 00:00:00,2010-01-22 00:00:00,2210,08873,1,107.5725,USD
2010-01-15 00:00:00,2010-01-22 00:00:00,2210,21671,1,107.5725,USD
2010-01-15 00:00:00,2010-01-22 00:00:00,2210,34761,1,107.5725,GBP
2010-01-15 00:00:00,2010-01-22 00:00:00,2210,38221,1,107.5725,USD
2010-01-15 00:00:00,2010-01-22 00:00:00,2210,39665,1,107.5725,GBP
2010-01-15 00:00:00,2010-01-22 00:00:00,2210,74349,1,107.5725,USD
2010-01-15 00:00:00,2010-01-22 00:00:00,2210,74854,1,107.5725,USD
2010-01-15 00:00:00,2010-01-22 00:00:00,2210,77505,1,107.5725,GBP
2010-01-15 00:00:00,2010-01-22 00:00:00,2210,77657,1,107.5725,USD
2010-01-15 00:00:00,2010-01-22 00:00:00,2210,84720,1,107.5725,GBP
2010-01-15 00:00:00,2010-01-22 00:00:00,2211,32141,1,107.5725,USD
2010-01-15 00:00:00,2010-01-22 00:00:00,2211,32952,1,107.5725,USD
2010-01-15 00:00:00,2010-01-22 00:00:00,2211,33073,1,107.5725,USD
2010-01-15 00:00:00,2010-01-22 00:00:00,2211,33853,1,107.5725,USD
2010-01-15 00:00:00,2010-01-22 00:00:00,2211,34431,1,107.5725,GBP
2010-01-15 00:00:00,2010-01-22 00:00:00,2211,34761,1,107.5725,USD
2010-01-15 00:00:00,2010-01-22 00:00:00,2211,75154,1,107.5725,USD
2010-01-15 00:00:00,2010-01-22 00:00:00,2211,77379,1,107.5725,USD
2010-01-15 00:00:00,2010-01-22 00:00:00,2211,78728,1,107.5725,USD
2010-01-15 00:00:00,2010-01-22 00:00:00,2211,82501,1,107.5725,GBP
2010-01-15 00:00:00,2010-01-22 00:00:00,2211,89015,1,107.5725,GBP
2010-01-15 00:00:00,2010-01-22 00:00:00,2234,02343,1,65.5725,GBP
2010-01-15 00:00:00,2010-01-22 00:00:00,2234,02347,1,65.5725,USD
2010-01-15 00:00:00,2010-01-22 00:00:00,2234,02719,1,65.5725,USD
2010-01-15 00:00:00,2010-01-22 00:00:00,2234,06851,1,65.5725,USD
2010-01-15 00:00:00,2010-01-22 00:00:00,2234,20855,1,65.5725,USD
2010-01-15 00:00:00,2010-01-22 00:00:00,2234,21207,1,65.5725,GBP
2010-01-15 00:00:00,2010-01-22 00:00:00,2234,29118,1,65.5725,GBP
2010-01-15 00:00:00,2010-01-22 00:00:00,2234,29418,2,131.145,USD
2010-01-15 00:00:00,2010-01-22 00:00:00,2234,29715,1,65.5725,USD
2010-01-15 00:00:00,2010-01-22 00:00:00,2234,29842,1,65.5725,USD
2010-01-15 00:00:00,2010-01-22 00:00:00,2234,32024,3,196.7175,USD
2010-01-15 00:00:00,2010-01-22 00:00:00,2234,32038,1,65.5725,USD
2010-01-15 00:00:00,2010-01-22 00:00:00,2234,32746,1,65.5725,USD
2010-01-15 00:00:00,2010-01-22 00:00:00,2234,32763,1,65.5725,USD
2010-01-15 00:00:00,2010-01-22 00:00:00,2234,32952,1,65.5725,USD
2010-01-15 00:00:00,2010-01-22 00:00:00,2234,33055,1,65.5725,USD
2010-01-15 00:00:00,2010-01-22 00:00:00,2234,33322,1,65.5725,USD
2010-01-15 00:00:00,2010-01-22 00:00:00,2234,34470,3,196.7175,USD
2010-01-15 00:00:00,2010-01-22 00:00:00,2234,34482,1,65.5725,GBP
2010-01-15 00:00:00,2010-01-22 00:00:00,2234,35079,1,65.5725,USD
2010-01-15 00:00:00,2010-01-22 00:00:00,2234,35184,1,65.5725,GBP
2010-01-15 00:00:00,2010-01-22 00:00:00,2234,35504,1,65.5725,USD
2010-01-15 00:00:00,2010-01-22 00:00:00,2234,35619,1,65.5725,USD
2010-01-15 00:00:00,2010-01-22 00:00:00,2234,35803,1,65.5725,USD
2010-01-15 00:00:00,2010-01-22 00:00:00,2234,38606,1,65.5725,USD
2010-01-15 00:00:00,2010-01-22 00:00:00,2234,38843,1,65.5725,USD
2010-01-15 00:00:00,2010-01-22 00:00:00,2234,39213,1,65.5725,USD
2010-01-15 00:00:00,2010-01-22 00:00:00,2234,40065,1,65.5725,GBP
2010-01-15 00:00:00,2010-01-22 00:00:00,2234,40216,1,65.5725,USD
2010-01-15 00:00:00,2010-01-22 00:00:00,2234,41129,1,65.5725,USD
2010-01-15 00:00:00,2010-01-22 00:00:00,2234,54302,1,65.5725,USD
2010-01-15 00:00:00,2010-01-22 00:00:00,2234,54864,1,65.5725,GBP
2010-01-15 00:00:00,2010-01-22 00:00:00,2234,59404,1,65.5725,USD
2010-01-15 00:00:00,2010-01-22 00:00:00,2234,64152,1,65.5725,USD
2010-01-15 00:00:00,2010-01-22 00:00:00,2234,64804,1,65.5725,USD
2010-01-15 00:00:00,2010-01-22 00:00:00,2234,68131,1,65.5725,GBP
2010-01-15 00:00:00,2010-01-22 00:00:00,2234,70041,1,65.5725,USD
2010-01-15 00:00:00,2010-01-22 00:00:00,2234,71701,1,65.5725,USD
2010-01-15 00:00:00,2010-01-22 00:00:00,2234,73029,1,65.5725,USD
2010-01-15 00:00:00,2010-01-22 00:00:00,2234,74447,1,65.5725,USD
2010-01-15 00:00:00,2010-01-22 00:00:00,2234,75042,3,196.7175,USD
2010-01-15 00:00:00,2010-01-22 00:00:00,2234,75070,1,65.5725,GBP
2010-01-15 00:00:00,2010-01-22 00:00:00,2234,75141,1,65.5725,USD
2010-01-15 00:00:00,2010-01-22 00:00:00,2234,75966,1,65.5725,USD
2010-01-15 00:00:00,2010-01-22 00:00:00,2234,83642,1,65.5725,USD
2010-01-15 00:00:00,2010-01-22 00:00:00,2234,83835,2,131.145,USD
2010-01-15 00:00:00,2010-01-22 00:00:00,2234,84117,1,65.5725,USD
2010-01-15 00:00:00,2010-01-22 00:00:00,2234,84118,1,65.5725,GBP
2010-01-15 00:00:00,2010-01-22 00:00:00,2234,84119,1,65.5725,USD
2010-01-15 00:00:00,2010-01-22 00:00:00,2234,84790,1,65.5725,USD
2010-01-15 00:00:00,2010-01-22 00:00:00,2234,85735,1,65.5725,USD
2010-01-15 00:00:00,2010-01-22 00:00:00,2234,92026,1,65.5725,USD
2010-01-15 00:00:00,2010-01-22 00:00:00,2234,92126,1,65.5725,GBP
2010-01-15 00:00:00,2010-01-22 00:00:00,2234,92239,2,131.145,USD
2010-01-15 00:00:00,2010-01-22 00:00:00,2234,92301,1,65.5725,USD
2010-01-15 00:00:00,2010-01-22 00:00:00,2234,92335,1,65.5725,USD
2010-01-15 00:00:00,2010-01-22 00:00:00,2234,92404,1,65.5725,USD
2010-01-15 00:00:00,2010-01-22 00:00:00,2234,92583,1,65.5725,USD
2010-01-15 00:00:00,2010-01-22 00:00:00,2234,92629,2,131.145,USD
2010-01-15 00:00:00,2010-01-22 00:00:00,2234,92663,1,65.5725,USD
2010-01-15 00:00:00,2010-01-22 00:00:00,2234,93510,1,65.5725,GBP
2010-01-15 00:00:00,2010-01-22 00:00:00,2234,95122,2,131.145,GBP
2010-01-15 00:00:00,2010-01-22 00:00:00,2234,95966,1,65.5725,USD
2010-01-15 00:00:00,2010-01-22 00:00:00,2234,97068,1,65.5725,USD
2010-01-15 00:00:00,2010-01-22 00:00:00,2235,06489,1,65.5725,USD
2010-01-15 00:00:00,2010-01-22 00:00:00,2235,07442,1,65.5725,USD
2010-01-15 00:00:00,2010-01-22 00:00:00,2235,07927,1,65.5725,GBP
2010-01-15 00:00:00,2010-01-22 00:00:00,2235,07936,1,65.5725,USD
2010-01-15 00:00:00,2010-01-22 00:00:00,2235,08012,2,131.145,GBP
2010-01-15 00:00:00,2010-01-22 00:00:00,2235,08889,1,65.5725,GBP
2010-01-15 00:00:00,2010-01-22 00:00:00,2235,20776,2,131.145,USD
2010-01-15 00:00:00,2010-01-22 00:00:00,2235,21060,1,65.5725,GBP
2010-01-15 00:00:00,2010-01-22 00:00:00,2235,21716,1,65.5725,GBP
2010-01-15 00:00:00,2010-01-22 00:00:00,2235,29418,2,131.145,USD
2010-01-15 00:00:00,2010-01-22 00:00:00,2235,29842,1,65.5725,USD
2010-01-15 00:00:00,2010-01-22 00:00:00,2235,32955,1,65.5725,USD
2010-01-15 00:00:00,2010-01-22 00:00:00,2235,33055,1,65.5725,USD
2010-01-15 00:00:00,2010-01-22 00:00:00,2235,33853,2,131.145,GBP
2010-01-15 00:00:00,2010-01-22 00:00:00,2235,33860,2,131.145,USD
2010-01-15 00:00:00,2010-01-22 00:00:00,2235,34951,1,65.5725,GBP
2010-01-15 00:00:00,2010-01-22 00:00:00,2235,35173,2,131.145,USD
2010-01-15 00:00:00,2010-01-22 00:00:00,2235,35803,1,65.5725,GBP
2010-01-15 00:00:00,2010-01-22 00:00:00,2235,35907,3,196.7175,GBP
2010-01-15 00:00:00,2010-01-22 00:00:00,2235,41557,1,65.5725,GBP
2010-01-15 00:00:00,2010-01-22 00:00:00,2235,47462,1,65.5725,GBP
2010-01-15 00:00:00,2010-01-22 00:00:00,2235,54302,1,65.5725,GBP
2010-01-15 00:00:00,2010-01-22 00:00:00,2235,54864,1,65.5725,GBP
2010-01-15 00:00:00,2010-01-22 00:00:00,2235,55744,1,65.5725,GBP
2010-01-15 00:00:00,2010-01-22 00:00:00,2235,73644,1,65.5725,GBP
2010-01-15 00:00:00,2010-01-22 00:00:00,2235,74301,1,65.5725,USD
2010-01-15 00:00:00,2010-01-22 00:00:00,2235,74447,1,65.5725,GBP
2010-01-15 00:00:00,2010-01-22 00:00:00,2235,74801,2,131.145,GBP
2010-01-15 00:00:00,2010-01-22 00:00:00,2235,75236,1,65.5725,GBP
2010-01-15 00:00:00,2010-01-22 00:00:00,2235,75650,1,65.5725,GBP
2010-01-15 00:00:00,2010-01-22 00:00:00,2235,75966,1,65.5725,GBP
2010-01-15 00:00:00,2010-01-22 00:00:00,2235,77013,1,65.5725,GBP
2010-01-15 00:00:00,2010-01-22 00:00:00,2235,77354,1,65.5725,USD
2010-01-15 00:00:00,2010-01-22 00:00:00,2235,78501,1,65.5725,GBP
2010-01-15 00:00:00,2010-01-22 00:00:00,2235,79107,1,65.5725,GBP
2010-01-15 00:00:00,2010-01-22 00:00:00,2235,86333,1,65.5725,GBP
2010-01-15 00:00:00,2010-01-22 00:00:00,2235,87114,1,65.5725,GBP
2010-01-15 00:00:00,2010-01-22 00:00:00,2235,88001,1,65.5725,GBP
2010-01-15 00:00:00,2010-01-22 00:00:00,2235,90007,1,65.5725,GBP
2010-01-15 00:00:00,2010-01-22 00:00:00,2235,90274,1,65.5725,GBP
2010-01-15 00:00:00,2010-01-22 00:00:00,2235,92110,1,65.5725,USD
2010-01-15 00:00:00,2010-01-22 00:00:00,2235,92301,1,65.5725,GBP
2010-01-15 00:00:00,2010-01-22 00:00:00,2235,92649,1,65.5725,GBP
2010-01-15 00:00:00,2010-01-22 00:00:00,2235,92662,1,65.5725,USD
2010-01-15 00:00:00,2010-01-22 00:00:00,2235,92663,1,65.5725,USD
2010-01-15 00:00:00,2010-01-22 00:00:00,2235,93308,1,65.5725,GBP
2010-01-15 00:00:00,2010-01-22 00:00:00,2235,93460,1,65.5725,USD
2010-01-15 00:00:00,2010-01-22 00:00:00,2235,93510,1,65.5725,USD
2010-01-15 00:00:00,2010-01-22 00:00:00,2235,94903,1,65.5725,USD
2010-01-15 00:00:00,2010-01-22 00:00:00,2235,96007,1,65.5725,USD
2010-01-15 00:00:00,2010-01-22 00:00:00,2235,97501,2,131.145,USD
2010-01-15 00:00:00,2010-01-22 00:00:00,2246,35019,1,131.1975,GBP
2010-01-15 00:00:00,2010-01-22 00:00:00,2247,08501,1,131.1975,USD
2010-01-15 00:00:00,2010-01-22 00:00:00,2247,35019,1,131.1975,GBP
2010-01-15 00:00:00,2010-01-22 00:00:00,2247,42044,1,131.1975,GBP
2010-01-15 00:00:00,2010-01-22 00:00:00,2247,71292,1,131.1975,USD
2010-01-15 00:00:00,2010-01-22 00:00:00,2247,71419,1,131.1975,GBP
2010-01-15 00:00:00,2010-01-22 00:00:00,2254,02532,1,57.6975,GBP
2010-01-15 00:00:00,2010-01-22 00:00:00,2254,08865,1,57.6975,GBP
2010-01-15 00:00:00,2010-01-22 00:00:00,2254,21044,1,57.6975,GBP
2010-01-15 00:00:00,2010-01-22 00:00:00,2254,21225,1,57.6975,USD
2010-01-15 00:00:00,2010-01-22 00:00:00,2254,21229,3,173.0925,USD
2010-01-15 00:00:00,2010-01-22 00:00:00,2254,21784,1,57.6975,USD
2010-01-15 00:00:00,2010-01-22 00:00:00,2254,29118,1,57.6975,USD
2010-01-15 00:00:00,2010-01-22 00:00:00,2254,29690,1,57.6975,USD
2010-01-15 00:00:00,2010-01-22 00:00:00,2254,29702,1,57.6975,GBP
2010-01-15 00:00:00,2010-01-22 00:00:00,2254,29728,1,57.6975,USD
2010-01-15 00:00:00,2010-01-22 00:00:00,2254,32503,1,57.6975,USD
2010-01-15 00:00:00,2010-01-22 00:00:00,2254,32669,1,57.6975,GBP
2010-01-15 00:00:00,2010-01-22 00:00:00,2254,32960,1,57.6975,GBP
2010-01-15 00:00:00,2010-01-22 00:00:00,2254,33624,1,57.6975,GBP
2010-01-15 00:00:00,2010-01-22 00:00:00,2254,37153,1,57.6975,GBP
2010-01-15 00:00:00,2010-01-22 00:00:00,2254,39564,1,57.6975,GBP
2010-01-15 00:00:00,2010-01-22 00:00:00,2254,47429,1,57.6975,GBP
2010-01-15 00:00:00,2010-01-22 00:00:00,2254,50022,1,57.6975,GBP
2010-01-15 00:00:00,2010-01-22 00:00:00,2254,54302,1,57.6975,GBP
2010-01-15 00:00:00,2010-01-22 00:00:00,2254,71292,1,57.6975,GBP
2010-01-15 00:00:00,2010-01-22 00:00:00,2254,73160,1,57.6975,GBP
2010-01-15 00:00:00,2010-01-22 00:00:00,2254,74804,1,57.6975,USD
2010-01-15 00:00:00,2010-01-22 00:00:00,2254,75154,2,115.395,GBP
2010-01-15 00:00:00,2010-01-22 00:00:00,2254,76049,1,57.6975,GBP
2010-01-15 00:00:00,2010-01-22 00:00:00,2254,77502,1,57.6975,GBP
2010-01-15 00:00:00,2010-01-22 00:00:00,2254,85259,1,57.6975,GBP
2010-01-15 00:00:00,2010-01-22 00:00:00,2254,85307,1,57.6975,USD
2010-01-15 00:00:00,2010-01-22 00:00:00,2254,88220,1,70.8225,USD
2010-01-15 00:00:00,2010-01-22 00:00:00,2254,90250,1,57.6975,GBP
2010-01-15 00:00:00,2010-01-22 00:00:00,2254,90810,1,57.6975,GBP
2010-01-15 00:00:00,2010-01-22 00:00:00,2254,91350,1,57.6975,USD
2010-01-15 00:00:00,2010-01-22 00:00:00,2254,91706,2,115.395,USD
2010-01-15 00:00:00,2010-01-22 00:00:00,2254,91916,1,57.6975,USD
2010-01-15 00:00:00,2010-01-22 00:00:00,2254,92392,1,57.6975,USD
2010-01-15 00:00:00,2010-01-22 00:00:00,2254,92658,2,115.395,GBP
2010-01-15 00:00:00,2010-01-22 00:00:00,2254,92866,1,57.6975,USD
2010-01-15 00:00:00,2010-01-22 00:00:00,2254,93035,1,57.6975,GBP
2010-01-15 00:00:00,2010-01-22 00:00:00,2254,93907,1,57.6975,USD
2010-01-15 00:00:00,2010-01-22 00:00:00,2254,94517,1,57.6975,GBP
2010-01-15 00:00:00,2010-01-22 00:00:00,2254,95005,1,57.6975,USD
2010-01-15 00:00:00,2010-01-22 00:00:00,2254,95401,1,57.6975,USD
2010-01-15 00:00:00,2010-01-22 00:00:00,2254,99514,1,57.6975,USD
2010-01-15 00:00:00,2010-01-22 00:00:00,2255,03449,1,57.6975,USD
2010-01-15 00:00:00,2010-01-22 00:00:00,2255,06484,1,57.6975,USD
2010-01-15 00:00:00,2010-01-22 00:00:00,2255,19971,2,115.395,USD
2010-01-15 00:00:00,2010-01-22 00:00:00,2255,21040,1,57.6975,USD
2010-01-15 00:00:00,2010-01-22 00:00:00,2255,21228,1,57.6975,GBP
2010-01-15 00:00:00,2010-01-22 00:00:00,2255,29118,1,57.6975,USD
2010-01-15 00:00:00,2010-01-22 00:00:00,2255,29728,1,57.6975,GBP
2010-01-15 00:00:00,2010-01-22 00:00:00,2255,32577,1,57.6975,GBP
2010-01-15 00:00:00,2010-01-22 00:00:00,2255,32960,1,57.6975,USD
2010-01-15 00:00:00,2010-01-22 00:00:00,2255,35758,1,57.6975,USD
2010-01-15 00:00:00,2010-01-22 00:00:00,2255,36009,1,57.6975,GBP
2010-01-15 00:00:00,2010-01-22 00:00:00,2255,39191,1,57.6975,USD
2010-01-15 00:00:00,2010-01-22 00:00:00,2255,39530,1,57.6975,GBP
2010-01-15 00:00:00,2010-01-22 00:00:00,2255,40242,1,57.6975,GBP
2010-01-15 00:00:00,2010-01-22 00:00:00,2255,46254,1,57.6975,GBP
2010-01-15 00:00:00,2010-01-22 00:00:00,2255,50009,1,70.8225,USD
2010-01-15 00:00:00,2010-01-22 00:00:00,2255,55021,1,57.6975,GBP
2010-01-15 00:00:00,2010-01-22 00:00:00,2255,55398,1,57.6975,USD
2010-01-15 00:00:00,2010-01-22 00:00:00,2255,56401,1,57.6975,USD
2010-01-15 00:00:00,2010-01-22 00:00:00,2255,64861,1,57.6975,USD
2010-01-15 00:00:00,2010-01-22 00:00:00,2255,66514,1,68.1975,GBP
2010-01-15 00:00:00,2010-01-22 00:00:00,2255,70301,1,57.6975,GBP
2010-01-15 00:00:00,2010-01-22 00:00:00,2255,74801,1,57.6975,USD
2010-01-15 00:00:00,2010-01-22 00:00:00,2255,76009,1,57.6975,GBP
2010-01-15 00:00:00,2010-01-22 00:00:00,2255,76049,1,57.6975,GBP
2010-01-15 00:00:00,2010-01-22 00:00:00,2255,77089,1,57.6975,USD
2010-01-15 00:00:00,2010-01-22 00:00:00,2255,78582,1,57.6975,USD
2010-01-15 00:00:00,2010-01-22 00:00:00,2255,79316,1,57.6975,GBP
2010-01-15 00:00:00,2010-01-22 00:00:00,2255,83651,1,57.6975,GBP
2010-01-15 00:00:00,2010-01-22 00:00:00,2255,83835,1,57.6975,GBP
2010-01-15 00:00:00,2010-01-22 00:00:00,2255,84780,1,57.6975,USD
2010-01-15 00:00:00,2010-01-22 00:00:00,2255,85203,1,57.6975,GBP
2010-01-15 00:00:00,2010-01-22 00:00:00,2255,85282,1,57.6975,GBP
2010-01-15 00:00:00,2010-01-22 00:00:00,2255,89010,1,57.6975,GBP
2010-01-15 00:00:00,2010-01-22 00:00:00,2255,89120,1,57.6975,GBP
2010-01-15 00:00:00,2010-01-22 00:00:00,2255,90731,1,57.6975,GBP
2010-01-15 00:00:00,2010-01-22 00:00:00,2255,91355,1,57.6975,USD
2010-01-15 00:00:00,2010-01-22 00:00:00,2255,92130,1,57.6975,USD
2010-01-15 00:00:00,2010-01-22 00:00:00,2255,92240,1,57.6975,GBP
2010-01-15 00:00:00,2010-01-22 00:00:00,2255,92311,1,57.6975,USD
2010-01-15 00:00:00,2010-01-22 00:00:00,2255,92399,1,57.6975,GBP
2010-01-15 00:00:00,2010-01-22 00:00:00,2255,92503,2,115.395,USD
2010-01-15 00:00:00,2010-01-22 00:00:00,2255,92653,1,57.6975,USD
2010-01-15 00:00:00,2010-01-22 00:00:00,2255,93926,2,115.395,USD
2010-01-15 00:00:00,2010-01-22 00:00:00,2255,94590,1,57.6975,USD
2010-01-15 00:00:00,2010-01-22 00:00:00,2255,97267,1,57.6975,USD
2010-01-15 00:00:00,2010-01-22 00:00:00,2255,97405,1,57.6975,GBP
2010-01-15 00:00:00,2010-01-22 00:00:00,2268,64055,1,309.6975,GBP
2010-01-15 00:00:00,2010-01-22 00:00:00,2268,76247,1,309.6975,USD
2010-01-15 00:00:00,2010-01-22 00:00:00,2268,83402,1,309.6975,GBP
2010-01-15 00:00:00,2010-01-22 00:00:00,2277,01376,1,251.9475,GBP
2010-01-15 00:00:00,2010-01-22 00:00:00,2277,02771,2,503.895,USD
2010-01-15 00:00:00,2010-01-22 00:00:00,2277,02891,1,251.9475,GBP
2010-01-15 00:00:00,2010-01-22 00:00:00,2277,21911,1,251.9475,USD
2010-01-15 00:00:00,2010-01-22 00:00:00,2277,32424,1,251.9475,USD
2010-01-15 00:00:00,2010-01-22 00:00:00,2277,33122,2,503.895,USD
2010-01-15 00:00:00,2010-01-22 00:00:00,2277,33167,4,1007.79,GBP
2010-01-15 00:00:00,2010-01-22 00:00:00,2277,33436,1,251.9475,USD
2010-01-15 00:00:00,2010-01-22 00:00:00,2277,33569,1,251.9475,GBP
2010-01-15 00:00:00,2010-01-22 00:00:00,2277,37101,1,251.9475,GBP
2010-01-15 00:00:00,2010-01-22 00:00:00,2277,47904,1,251.9475,GBP
2010-01-15 00:00:00,2010-01-22 00:00:00,2277,52302,1,251.9475,GBP
2010-01-15 00:00:00,2010-01-22 00:00:00,2277,52570,1,251.9475,GBP
2010-01-15 00:00:00,2010-01-22 00:00:00,2277,55009,1,251.9475,GBP
2010-01-15 00:00:00,2010-01-22 00:00:00,2277,56074,1,251.9475,GBP
2010-01-15 00:00:00,2010-01-22 00:00:00,2277,70820,1,251.9475,GBP
2010-01-15 00:00:00,2010-01-22 00:00:00,2277,73169,1,251.9475,USD
2010-01-15 00:00:00,2010-01-22 00:00:00,2277,76078,1,251.9475,USD
2010-01-15 00:00:00,2010-01-22 00:00:00,2277,76247,1,251.9475,USD
2010-01-15 00:00:00,2010-01-22 00:00:00,2277,83341,1,251.9475,USD
2010-01-15 00:00:00,2010-01-22 00:00:00,2277,83703,1,251.9475,GBP
2010-01-15 00:00:00,2010-01-22 00:00:00,2277,84010,1,251.9475,GBP
2010-01-15 00:00:00,2010-01-22 00:00:00,2277,84526,1,251.9475,GBP
2010-01-15 00:00:00,2010-01-22 00:00:00,2277,87113,2,503.895,GBP
2010-01-15 00:00:00,2010-01-22 00:00:00,2277,89046,1,251.9475,GBP
2010-01-15 00:00:00,2010-01-22 00:00:00,2277,89122,1,251.9475,GBP
2010-01-15 00:00:00,2010-01-22 00:00:00,2277,91710,1,251.9475,GBP
2010-01-15 00:00:00,2010-01-22 00:00:00,2277,92027,1,251.9475,USD
2010-01-15 00:00:00,2010-01-22 00:00:00,2277,92040,2,503.895,GBP
2010-01-15 00:00:00,2010-01-22 00:00:00,2277,94805,1,251.9475,USD
2010-01-15 00:00:00,2010-01-22 00:00:00,2277,94952,1,251.9475,GBP
2010-01-15 00:00:00,2010-01-22 00:00:00,2277,95492,1,251.9475,GBP
2010-01-15 00:00:00,2010-01-22 00:00:00,2277,97477,1,251.9475,USD
2010-01-15 00:00:00,2010-01-22 00:00:00,2279,32955,1,165.3225,USD
2010-01-15 00:00:00,2010-01-22 00:00:00,2279,35126,1,165.3225,GBP
2010-01-15 00:00:00,2010-01-22 00:00:00,2279,42442,1,165.3225,USD
2010-01-15 00:00:00,2010-01-22 00:00:00,2279,42701,1,165.3225,USD
2010-01-15 00:00:00,2010-01-22 00:00:00,2279,55044,1,165.3225,USD
2010-01-15 00:00:00,2010-01-22 00:00:00,2279,70466,1,165.3225,USD
2010-01-15 00:00:00,2010-01-22 00:00:00,2279,85022,1,165.3225,USD
2010-01-15 00:00:00,2010-01-22 00:00:00,2279,91351,1,165.3225,GBP
2010-01-15 00:00:00,2010-01-22 00:00:00,2279,92648,1,165.3225,USD
2010-01-15 00:00:00,2010-01-22 00:00:00,2279,92656,1,165.3225,GBP
2010-01-15 00:00:00,2010-01-22 00:00:00,2279,93501,1,165.3225,GBP
2010-01-15 00:00:00,2010-01-22 00:00:00,2279,95688,1,165.3225,GBP
2010-01-15 00:00:00,2010-01-22 00:00:00,2279,99524,1,165.3225,GBP
2010-01-15 00:00:00,2010-01-22 00:00:00,2282,07932,1,304.4475,USD
2010-01-15 00:00:00,2010-01-22 00:00:00,2282,08094,1,304.4475,GBP
2010-01-15 00:00:00,2010-01-22 00:00:00,2282,21791,1,304.4475,GBP
2010-01-15 00:00:00,2010-01-22 00:00:00,2282,39154,1,304.4475,GBP
2010-01-15 00:00:00,2010-01-22 00:00:00,2282,47362,1,304.4475,GBP
2010-01-15 00:00:00,2010-01-22 00:00:00,2282,50317,1,304.4475,GBP
2010-01-15 00:00:00,2010-01-22 00:00:00,2282,53121,1,304.4475,GBP
2010-01-15 00:00:00,2010-01-22 00:00:00,2282,55906,1,304.4475,GBP
2010-01-15 00:00:00,2010-01-22 00:00:00,2282,77381,1,304.4475,GBP
2010-01-15 00:00:00,2010-01-22 00:00:00,2282,78414,1,304.4475,USD
2010-01-15 00:00:00,2010-01-22 00:00:00,2282,79364,1,304.4475,GBP
2010-01-15 00:00:00,2010-01-22 00:00:00,2282,79424,1,304.4475,GBP
2010-01-15 00:00:00,2010-01-22 00:00:00,2282,83402,1,304.4475,USD
2010-01-15 00:00:00,2010-01-22 00:00:00,2282,85224,1,304.4475,GBP
2010-01-15 00:00:00,2010-01-22 00:00:00,2282,89436,2,608.895,GBP
2010-01-15 00:00:00,2010-01-22 00:00:00,2282,90605,2,608.895,GBP
2010-01-15 00:00:00,2010-01-22 00:00:00,2282,91006,1,304.4475,USD
2010-01-15 00:00:00,2010-01-22 00:00:00,2282,91007,1,304.4475,GBP
2010-01-15 00:00:00,2010-01-22 00:00:00,2282,91040,1,304.4475,USD
2010-01-15 00:00:00,2010-01-22 00:00:00,2282,91311,1,304.4475,GBP
2010-01-15 00:00:00,2010-01-22 00:00:00,2282,91384,1,304.4475,GBP
2010-01-15 00:00:00,2010-01-22 00:00:00,2282,91406,1,304.4475,GBP
2010-01-15 00:00:00,2010-01-22 00:00:00,2282,92026,1,304.4475,USD
2010-01-15 00:00:00,2010-01-22 00:00:00,2282,92040,1,304.4475,GBP
2010-01-15 00:00:00,2010-01-22 00:00:00,2282,92192,1,304.4475,USD
2010-01-15 00:00:00,2010-01-22 00:00:00,2282,92405,1,304.4475,GBP
2010-01-15 00:00:00,2010-01-22 00:00:00,2282,92530,1,304.4475,USD
2010-01-15 00:00:00,2010-01-22 00:00:00,2282,92567,1,304.4475,GBP
2010-01-15 00:00:00,2010-01-22 00:00:00,2282,92630,1,304.4475,USD
2010-01-15 00:00:00,2010-01-22 00:00:00,2282,92648,2,608.895,GBP
2010-01-15 00:00:00,2010-01-22 00:00:00,2282,92672,1,304.4475,USD
2010-01-15 00:00:00,2010-01-22 00:00:00,2282,93063,1,304.4475,GBP
2010-01-15 00:00:00,2010-01-22 00:00:00,2282,93065,4,1217.79,GBP
2010-01-15 00:00:00,2010-01-22 00:00:00,2282,93230,1,304.4475,GBP
2010-01-15 00:00:00,2010-01-22 00:00:00,2282,93243,1,304.4475,GBP
2010-01-15 00:00:00,2010-01-22 00:00:00,2282,94580,1,304.4475,GBP
2010-01-15 00:00:00,2010-01-22 00:00:00,2282,94930,1,304.4475,GBP
2010-01-15 00:00:00,2010-01-22 00:00:00,2282,97015,1,304.4475,USD
2010-01-15 00:00:00,2010-01-22 00:00:00,2284,01464,1,293.9475,USD
2010-01-15 00:00:00,2010-01-22 00:00:00,2284,06518,1,293.9475,USD
2010-01-15 00:00:00,2010-01-22 00:00:00,2284,06770,1,293.9475,USD
2010-01-15 00:00:00,2010-01-22 00:00:00,2284,08360,1,293.9475,USD
2010-01-15 00:00:00,2010-01-22 00:00:00,2284,20657,1,293.9475,USD
2010-01-15 00:00:00,2010-01-22 00:00:00,2284,32686,1,293.9475,USD
2010-01-15 00:00:00,2010-01-22 00:00:00,2284,32724,1,293.9475,USD
2010-01-15 00:00:00,2010-01-22 00:00:00,2284,33565,1,293.9475,USD
2010-01-15 00:00:00,2010-01-22 00:00:00,2284,33803,2,587.895,GBP
2010-01-15 00:00:00,2010-01-22 00:00:00,2284,34237,1,293.9475,GBP
2010-01-15 00:00:00,2010-01-22 00:00:00,2284,50321,1,587.895,GBP
2010-01-15 00:00:00,2010-01-22 00:00:00,2284,50321,1,293.9475,USD
2010-01-15 00:00:00,2010-01-22 00:00:00,2284,67736,1,293.9475,USD
2010-01-15 00:00:00,2010-01-22 00:00:00,2284,74011,1,293.9475,GBP
2010-01-15 00:00:00,2010-01-22 00:00:00,2284,75057,1,293.9475,GBP
2010-01-15 00:00:00,2010-01-22 00:00:00,2284,77571,1,293.9475,USD
2010-01-15 00:00:00,2010-01-22 00:00:00,2284,83501,1,293.9475,GBP
2010-01-15 00:00:00,2010-01-22 00:00:00,2284,83823,1,293.9475,GBP
2010-01-15 00:00:00,2010-01-22 00:00:00,2284,85938,1,293.9475,USD
2010-01-15 00:00:00,2010-01-22 00:00:00,2284,89129,2,587.895,GBP
2010-01-15 00:00:00,2010-01-22 00:00:00,2284,91325,1,293.9475,USD
2010-01-15 00:00:00,2010-01-22 00:00:00,2284,91604,1,293.9475,USD
2010-01-15 00:00:00,2010-01-22 00:00:00,2284,91766,2,587.895,USD
2010-01-15 00:00:00,2010-01-22 00:00:00,2284,91910,1,293.9475,GBP
2010-01-15 00:00:00,2010-01-22 00:00:00,2284,91945,1,293.9475,GBP
2010-01-15 00:00:00,2010-01-22 00:00:00,2284,92509,1,293.9475,GBP
2010-01-15 00:00:00,2010-01-22 00:00:00,2284,93003,1,293.9475,USD
2010-01-15 00:00:00,2010-01-22 00:00:00,2284,93065,1,293.9475,USD
2010-01-15 00:00:00,2010-01-22 00:00:00,2284,93514,1,293.9475,USD
2010-01-15 00:00:00,2010-01-22 00:00:00,2284,94514,1,293.9475,USD
2010-01-15 00:00:00,2010-01-22 00:00:00,2284,95037,1,293.9475,USD
2010-01-15 00:00:00,2010-01-22 00:00:00,2284,95358,1,293.9475,GBP
2010-01-15 00:00:00,2010-01-22 00:00:00,2284,96002,1,293.9475,USD
2010-01-15 00:00:00,2010-01-22 00:00:00,2284,97128,1,293.9475,USD
2010-01-15 00:00:00,2010-01-22 00:00:00,2284,97321,1,293.9475,USD
2010-01-15 00:00:00,2010-01-22 00:00:00,2284,97467,1,293.9475,GBP
2010-01-15 00:00:00,2010-01-22 00:00:00,2287,20877,1,839.9475,GBP
2010-01-15 00:00:00,2010-01-22 00:00:00,2287,32224,1,839.9475,GBP
2010-01-15 00:00:00,2010-01-22 00:00:00,2287,46168,1,839.9475,GBP
2010-01-15 00:00:00,2010-01-22 00:00:00,2290,97627,1,787.4475,USD
2010-01-15 00:00:00,2010-01-22 00:00:00,2307,85028,1,283.4475,USD
2010-01-15 00:00:00,2010-01-22 00:00:00,2331,07087,1,535.4475,USD
2010-01-15 00:00:00,2010-01-22 00:00:00,2331,32119,1,535.4475,USD
2010-01-15 00:00:00,2010-01-22 00:00:00,2331,33026,1,535.4475,GBP
2010-01-15 00:00:00,2010-01-22 00:00:00,2331,33470,1,535.4475,GBP
2010-01-15 00:00:00,2010-01-22 00:00:00,2331,34957,1,535.4475,USD
2010-01-15 00:00:00,2010-01-22 00:00:00,2331,37128,1,535.4475,USD
2010-01-15 00:00:00,2010-01-22 00:00:00,2331,73008,1,535.4475,USD
2010-01-15 00:00:00,2010-01-22 00:00:00,2331,85613,1,535.4475,USD
2010-01-15 00:00:00,2010-01-22 00:00:00,2331,85635,1,535.4475,USD
2010-01-15 00:00:00,2010-01-22 00:00:00,2331,91040,1,535.4475,USD
2010-01-15 00:00:00,2010-01-22 00:00:00,2331,91364,1,535.4475,USD
2010-01-15 00:00:00,2010-01-22 00:00:00,2331,92130,1,535.4475,USD
2010-01-15 00:00:00,2010-01-22 00:00:00,2331,92648,1,535.4475,GBP
2010-01-15 00:00:00,2010-01-22 00:00:00,2331,95051,1,535.4475,USD
2010-01-15 00:00:00,2010-01-22 00:00:00,2331,97333,1,535.4475,USD
2010-01-15 00:00:00,2010-01-22 00:00:00,2351,07110,1,314.9475,USD
2010-01-15 00:00:00,2010-01-22 00:00:00,2351,08104,1,314.9475,USD
2010-01-15 00:00:00,2010-01-22 00:00:00,2351,34983,1,341.1975,USD
2010-01-15 00:00:00,2010-01-22 00:00:00,2351,76132,1,314.9475,USD
2010-01-15 00:00:00,2010-01-22 00:00:00,2352,32955,1,367.4475,USD
2010-01-15 00:00:00,2010-01-22 00:00:00,2352,40361,1,388.4475,GBP
2010-01-15 00:00:00,2010-01-22 00:00:00,2352,56468,1,388.4475,GBP
2010-01-15 00:00:00,2010-01-22 00:00:00,2352,92507,1,367.4475,GBP
2010-01-15 00:00:00,2010-01-22 00:00:00,2352,93063,1,388.4475,GBP
2010-01-15 00:00:00,2010-01-22 00:00:00,2352,93065,1,388.4475,GBP
2010-01-15 00:00:00,2010-01-22 00:00:00,2352,93906,1,388.4475,GBP
2010-01-15 00:00:00,2010-01-22 00:00:00,2352,93940,1,388.4475,GBP
2010-01-15 00:00:00,2010-01-22 00:00:00,2352,94086,1,388.4475,GBP
2010-01-15 00:00:00,2010-01-22 00:00:00,2357,95050,1,278.1975,GBP
2010-01-15 00:00:00,2010-01-22 00:00:00,2364,32810,1,325.4475,USD
2010-01-15 00:00:00,2010-01-22 00:00:00,2370,74021,1,732.3225,GBP
2010-01-15 00:00:00,2010-01-22 00:00:00,2370,75901,1,732.3225,GBP
2010-01-15 00:00:00,2010-01-22 00:00:00,2370,78040,1,732.3225,GBP
2010-01-15 00:00:00,2010-01-22 00:00:00,2371,71839,1,551.1975,GBP
2010-01-15 00:00:00,2010-01-22 00:00:00,2371,72802,2,1102.395,GBP
2010-01-15 00:00:00,2010-01-22 00:00:00,2371,87059,1,551.1975,GBP
2010-01-15 00:00:00,2010-01-22 00:00:00,2372,32807,1,398.9475,GBP
2010-01-15 00:00:00,2010-01-22 00:00:00,2372,75025,1,398.9475,GBP
2010-01-15 00:00:00,2010-01-22 00:00:00,2373,24970,1,551.1975,USD
2010-01-15 00:00:00,2010-01-22 00:00:00,2373,32130,1,1102.395,GBP
2010-01-15 00:00:00,2010-01-22 00:00:00,2373,32824,1,551.1975,GBP
2010-01-15 00:00:00,2010-01-22 00:00:00,2373,33160,1,551.1975,USD
2010-01-15 00:00:00,2010-01-22 00:00:00,2373,33189,1,551.1975,USD
2010-01-15 00:00:00,2010-01-22 00:00:00,2373,33415,1,551.1975,USD
2010-01-15 00:00:00,2010-01-22 00:00:00,2373,42240,1,551.1975,USD
2010-01-15 00:00:00,2010-01-22 00:00:00,2373,73115,1,551.1975,GBP
2010-01-15 00:00:00,2010-01-22 00:00:00,2373,75007,1,551.1975,GBP
2010-01-15 00:00:00,2010-01-22 00:00:00,2373,85248,1,551.1975,USD
2010-01-15 00:00:00,2010-01-22 00:00:00,2373,89014,1,551.1975,GBP
2010-01-15 00:00:00,2010-01-22 00:00:00,2373,92020,3,1653.5925,USD
2010-01-15 00:00:00,2010-01-22 00:00:00,2380,07444,1,309.6975,USD
2010-01-15 00:00:00,2010-01-22 00:00:00,2380,39345,1,309.6975,GBP
2010-01-15 00:00:00,2010-01-22 00:00:00,2388,26180,1,309.6975,GBP
2010-01-15 00:00:00,2010-01-22 00:00:00,2388,29369,1,309.6975,USD
2010-01-15 00:00:00,2010-01-22 00:00:00,2388,29732,1,309.6975,USD
2010-01-15 00:00:00,2010-01-22 00:00:00,2388,29940,1,309.6975,USD
2010-01-15 00:00:00,2010-01-22 00:00:00,2388,32118,1,309.6975,GBP
2010-01-15 00:00:00,2010-01-22 00:00:00,2388,33411,1,309.6975,USD
2010-01-15 00:00:00,2010-01-22 00:00:00,2388,33809,1,309.6975,GBP
2010-01-15 00:00:00,2010-01-22 00:00:00,2388,38841,1,309.6975,GBP
2010-01-15 00:00:00,2010-01-22 00:00:00,2388,39452,1,309.6975,USD
2010-01-15 00:00:00,2010-01-22 00:00:00,2388,39553,1,309.6975,GBP
2010-01-15 00:00:00,2010-01-22 00:00:00,2388,40207,1,309.6975,GBP
2010-01-15 00:00:00,2010-01-22 00:00:00,2388,42728,1,309.6975,GBP
2010-01-15 00:00:00,2010-01-22 00:00:00,2388,46219,1,309.6975,USD
2010-01-15 00:00:00,2010-01-22 00:00:00,2388,51536,1,309.6975,GBP
2010-01-15 00:00:00,2010-01-22 00:00:00,2388,63366,1,309.6975,GBP
2010-01-15 00:00:00,2010-01-22 00:00:00,2388,70443,1,309.6975,GBP
2010-01-15 00:00:00,2010-01-22 00:00:00,2388,75041,1,309.6975,USD
2010-01-15 00:00:00,2010-01-22 00:00:00,2388,87059,1,309.6975,GBP
2010-01-15 00:00:00,2010-01-22 00:00:00,2388,89014,1,309.6975,USD
2010-01-15 00:00:00,2010-01-22 00:00:00,2388,92585,1,309.6975,USD
2010-01-15 00:00:00,2010-01-22 00:00:00,2388,93555,1,309.6975,USD
2010-01-15 00:00:00,2010-01-22 00:00:00,2401,33026,1,162.6975,USD
2010-01-15 00:00:00,2010-01-22 00:00:00,2401,33316,1,162.6975,GBP
2010-01-15 00:00:00,2010-01-22 00:00:00,2401,54162,1,162.6975,USD
2010-01-15 00:00:00,2010-01-22 00:00:00,2401,84103,1,162.6975,USD
2010-01-15 00:00:00,2010-01-22 00:00:00,2406,33176,1,89.1975,GBP
2010-01-15 00:00:00,2010-01-22 00:00:00,2406,38732,1,89.1975,USD
2010-01-15 00:00:00,2010-01-22 00:00:00,2406,73543,1,86.5725,USD
2010-01-15 00:00:00,2010-01-22 00:00:00,2407,32256,2,146.895,GBP
2010-01-15 00:00:00,2010-01-22 00:00:00,2407,36116,1,73.4475,GBP
2010-01-15 00:00:00,2010-01-22 00:00:00,2407,39443,1,73.4475,GBP
2010-01-15 00:00:00,2010-01-22 00:00:00,2407,47396,1,73.4475,GBP
2010-01-15 00:00:00,2010-01-22 00:00:00,2407,53558,1,73.4475,USD
2010-01-15 00:00:00,2010-01-22 00:00:00,2407,87102,1,73.4475,USD
2010-01-15 00:00:00,2010-01-22 00:00:00,2407,89119,1,73.4475,USD
2010-01-15 00:00:00,2010-01-22 00:00:00,2407,89820,1,73.4475,USD
2010-01-15 00:00:00,2010-01-22 00:00:00,2407,92067,1,73.4475,GBP
2010-01-15 00:00:00,2010-01-22 00:00:00,2407,92130,1,73.4475,USD
2010-01-15 00:00:00,2010-01-23 00:00:00,25,33143,1,792.75,GBP
2010-01-15 00:00:00,2010-01-23 00:00:00,25,78666,1,792.75,USD
2010-01-15 00:00:00,2010-01-23 00:00:00,36,41005,1,414.75,USD
2010-01-15 00:00:00,2010-01-23 00:00:00,36,94550,1,414.75,GBP
2010-01-15 00:00:00,2010-01-23 00:00:00,94,77566,1,866.25,GBP
2010-01-15 00:00:00,2010-01-23 00:00:00,94,90038,1,839.475,USD
2010-01-15 00:00:00,2010-01-23 00:00:00,120,32824,1,829.5,USD
2010-01-15 00:00:00,2010-01-23 00:00:00,120,75703,1,829.5,GBP
2010-01-15 00:00:00,2010-01-23 00:00:00,120,76180,1,829.5,USD
2010-01-15 00:00:00,2010-01-23 00:00:00,120,78654,1,829.5,USD
2010-01-15 00:00:00,2010-01-23 00:00:00,120,89128,1,829.5,USD
2010-01-15 00:00:00,2010-01-23 00:00:00,120,95758,1,829.5,GBP
2010-01-15 00:00:00,2010-01-23 00:00:00,120,95969,1,829.5,GBP
2010-01-15 00:00:00,2010-01-23 00:00:00,120,97035,1,829.5,GBP
2010-01-15 00:00:00,2010-01-23 00:00:00,120,97446,1,829.5,GBP
2010-01-15 00:00:00,2010-01-23 00:00:00,168,78209,1,629.475,USD
2010-01-15 00:00:00,2010-01-23 00:00:00,195,78230,1,750.225,GBP
2010-01-15 00:00:00,2010-01-23 00:00:00,195,90807,1,750.225,GBP
2010-01-15 00:00:00,2010-01-23 00:00:00,228,07444,1,655.9875,USD
2010-01-15 00:00:00,2010-01-23 00:00:00,228,92103,1,655.9875,USD
2010-01-15 00:00:00,2010-01-23 00:00:00,228,94804,1,655.9875,GBP
2010-01-15 00:00:00,2010-01-23 00:00:00,234,85748,1,403.9875,USD
2010-01-15 00:00:00,2010-01-23 00:00:00,234,90278,1,403.9875,USD
2010-01-15 00:00:00,2010-01-23 00:00:00,234,94901,1,403.9875,USD
2010-01-15 00:00:00,2010-01-23 00:00:00,248,78577,1,524.7375,USD
2010-01-15 00:00:00,2010-01-23 00:00:00,248,85006,1,524.7375,USD
2010-01-15 00:00:00,2010-01-23 00:00:00,315,85308,1,550.9875,GBP
2010-01-15 00:00:00,2010-01-23 00:00:00,318,06854,1,865.9875,GBP
2010-01-15 00:00:00,2010-01-23 00:00:00,318,91351,1,865.9875,USD
2010-01-15 00:00:00,2010-01-23 00:00:00,326,33165,1,708.4875,USD
2010-01-15 00:00:00,2010-01-23 00:00:00,355,73115,1,435.4875,GBP
2010-01-15 00:00:00,2010-01-23 00:00:00,370,64138,1,540.4875,USD
2010-01-15 00:00:00,2010-01-23 00:00:00,381,89015,2,2529.975,GBP
2010-01-15 00:00:00,2010-01-23 00:00:00,392,50428,1,510.5625,GBP
2010-01-15 00:00:00,2010-01-23 00:00:00,393,50428,1,510.5625,GBP
2010-01-15 00:00:00,2010-01-23 00:00:00,396,01007,1,857.0625,USD
2010-01-15 00:00:00,2010-01-23 00:00:00,396,02559,1,857.0625,GBP
2010-01-15 00:00:00,2010-01-23 00:00:00,396,06278,1,857.0625,GBP
2010-01-15 00:00:00,2010-01-23 00:00:00,396,07748,1,857.0625,GBP
2010-01-15 00:00:00,2010-01-23 00:00:00,396,08060,1,857.0625,USD
2010-01-15 00:00:00,2010-01-23 00:00:00,396,08805,1,857.0625,USD
2010-01-15 00:00:00,2010-01-23 00:00:00,396,21842,1,857.0625,GBP
2010-01-15 00:00:00,2010-01-23 00:00:00,396,25801,1,857.0625,USD
2010-01-15 00:00:00,2010-01-23 00:00:00,396,29560,1,857.0625,GBP
2010-01-15 00:00:00,2010-01-23 00:00:00,396,32164,1,857.0625,USD
2010-01-15 00:00:00,2010-01-23 00:00:00,396,32176,1,857.0625,USD
2010-01-15 00:00:00,2010-01-23 00:00:00,396,32205,1,857.0625,USD
2010-01-15 00:00:00,2010-01-23 00:00:00,396,32347,1,857.0625,GBP
2010-01-15 00:00:00,2010-01-23 00:00:00,396,33154,1,857.0625,GBP
2010-01-15 00:00:00,2010-01-23 00:00:00,396,33468,1,857.0625,GBP
2010-01-15 00:00:00,2010-01-23 00:00:00,396,33809,1,857.0625,USD
2010-01-15 00:00:00,2010-01-23 00:00:00,396,34221,1,857.0625,GBP
2010-01-15 00:00:00,2010-01-23 00:00:00,396,34684,1,857.0625,GBP
2010-01-15 00:00:00,2010-01-23 00:00:00,396,34690,1,857.0625,USD
2010-01-15 00:00:00,2010-01-23 00:00:00,396,38242,1,857.0625,USD
2010-01-15 00:00:00,2010-01-23 00:00:00,396,40241,1,857.0625,GBP
2010-01-15 00:00:00,2010-01-23 00:00:00,396,46229,1,857.0625,GBP
2010-01-15 00:00:00,2010-01-23 00:00:00,396,46804,1,857.0625,USD
2010-01-15 00:00:00,2010-01-23 00:00:00,396,46970,1,857.0625,USD
2010-01-15 00:00:00,2010-01-23 00:00:00,396,54935,1,857.0625,GBP
2010-01-15 00:00:00,2010-01-23 00:00:00,396,55033,1,857.0625,GBP
2010-01-15 00:00:00,2010-01-23 00:00:00,396,56001,1,857.0625,USD
2010-01-15 00:00:00,2010-01-23 00:00:00,396,56368,1,857.0625,GBP
2010-01-15 00:00:00,2010-01-23 00:00:00,396,57104,1,857.0625,GBP
2010-01-15 00:00:00,2010-01-23 00:00:00,396,75028,1,857.0625,USD
2010-01-15 00:00:00,2010-01-23 00:00:00,396,75093,2,1714.125,USD
2010-01-15 00:00:00,2010-01-23 00:00:00,396,75225,1,857.0625,USD
2010-01-15 00:00:00,2010-01-23 00:00:00,396,75605,1,857.0625,USD
2010-01-15 00:00:00,2010-01-23 00:00:00,396,76021,2,1714.125,USD
2010-01-15 00:00:00,2010-01-23 00:00:00,396,76258,1,857.0625,USD
2010-01-15 00:00:00,2010-01-23 00:00:00,396,78373,1,857.0625,USD
2010-01-15 00:00:00,2010-01-23 00:00:00,396,84403,1,857.0625,GBP
2010-01-15 00:00:00,2010-01-23 00:00:00,396,84770,1,857.0625,GBP
2010-01-15 00:00:00,2010-01-23 00:00:00,396,85746,1,857.0625,USD
2010-01-15 00:00:00,2010-01-23 00:00:00,396,89506,1,857.0625,GBP
2010-01-15 00:00:00,2010-01-23 00:00:00,396,91024,1,857.0625,GBP
2010-01-15 00:00:00,2010-01-23 00:00:00,396,92211,1,857.0625,USD
2010-01-15 00:00:00,2010-01-23 00:00:00,396,92625,1,857.0625,GBP
2010-01-15 00:00:00,2010-01-23 00:00:00,396,92675,1,857.0625,USD
2010-01-15 00:00:00,2010-01-23 00:00:00,396,95453,1,857.0625,GBP
2010-01-15 00:00:00,2010-01-23 00:00:00,396,95762,1,857.0625,GBP
2010-01-15 00:00:00,2010-01-23 00:00:00,396,96001,1,857.0625,USD
2010-01-15 00:00:00,2010-01-23 00:00:00,396,97009,1,857.0625,GBP
2010-01-15 00:00:00,2010-01-23 00:00:00,396,97352,1,857.0625,USD
2010-01-15 00:00:00,2010-01-23 00:00:00,400,01524,1,683.8125,USD
2010-01-15 00:00:00,2010-01-23 00:00:00,400,01536,1,683.8125,GBP
2010-01-15 00:00:00,2010-01-23 00:00:00,400,06114,1,683.8125,GBP
2010-01-15 00:00:00,2010-01-23 00:00:00,400,20695,1,683.8125,USD
2010-01-15 00:00:00,2010-01-23 00:00:00,400,21545,1,683.8125,GBP
2010-01-15 00:00:00,2010-01-23 00:00:00,400,32119,1,683.8125,GBP
2010-01-15 00:00:00,2010-01-23 00:00:00,400,38024,1,683.8125,GBP
2010-01-15 00:00:00,2010-01-23 00:00:00,400,38558,1,683.8125,GBP
2010-01-15 00:00:00,2010-01-23 00:00:00,400,55069,1,683.8125,USD
2010-01-15 00:00:00,2010-01-23 00:00:00,400,55902,1,683.8125,GBP
2010-01-15 00:00:00,2010-01-23 00:00:00,400,68801,2,1367.625,USD
2010-01-15 00:00:00,2010-01-23 00:00:00,400,75154,1,683.8125,GBP
2010-01-15 00:00:00,2010-01-23 00:00:00,400,91710,1,697.725,GBP
2010-01-15 00:00:00,2010-01-23 00:00:00,400,94109,1,697.725,GBP
2010-01-15 00:00:00,2010-01-23 00:00:00,400,94621,1,697.725,GBP
2010-01-15 00:00:00,2010-01-23 00:00:00,400,95521,1,697.725,GBP
2010-01-15 00:00:00,2010-01-23 00:00:00,400,97267,1,683.8125,GBP
2010-01-15 00:00:00,2010-01-23 00:00:00,415,75791,1,495.8625,GBP
2010-01-15 00:00:00,2010-01-23 00:00:00,426,21787,1,795.1125,GBP
2010-01-15 00:00:00,2010-01-23 00:00:00,426,53146,1,795.1125,USD
2010-01-15 00:00:00,2010-01-23 00:00:00,426,95036,1,807.975,GBP
2010-01-15 00:00:00,2010-01-23 00:00:00,433,36068,1,804.3,GBP
2010-01-15 00:00:00,2010-01-23 00:00:00,433,37064,2,1608.6,GBP
2010-01-15 00:00:00,2010-01-23 00:00:00,433,50322,1,804.3,GBP
2010-01-15 00:00:00,2010-01-23 00:00:00,433,53018,1,804.3,GBP
2010-01-15 00:00:00,2010-01-23 00:00:00,433,54821,1,804.3,USD
2010-01-15 00:00:00,2010-01-23 00:00:00,433,57332,1,804.3,GBP
2010-01-15 00:00:00,2010-01-23 00:00:00,433,68118,1,804.3,USD
2010-01-15 00:00:00,2010-01-23 00:00:00,443,01468,1,790.9125,GBP
2010-01-15 00:00:00,2010-01-23 00:00:00,443,01522,1,790.9125,USD
2010-01-15 00:00:00,2010-01-23 00:00:00,443,02919,1,790.9125,GBP
2010-01-15 00:00:00,2010-01-23 00:00:00,443,33873,1,790.9125,GBP
2010-01-15 00:00:00,2010-01-23 00:00:00,443,37660,1,790.9125,GBP
2010-01-15 00:00:00,2010-01-23 00:00:00,443,47462,1,790.9125,GBP
2010-01-15 00:00:00,2010-01-23 00:00:00,443,57701,1,790.9125,USD
2010-01-15 00:00:00,2010-01-23 00:00:00,443,63341,1,790.9125,USD
2010-01-15 00:00:00,2010-01-23 00:00:00,443,65536,1,790.9125,GBP
2010-01-15 00:00:00,2010-01-23 00:00:00,443,67601,1,790.9125,USD
2010-01-15 00:00:00,2010-01-23 00:00:00,443,72650,1,790.9125,USD
2010-01-15 00:00:00,2010-01-23 00:00:00,443,79510,1,790.9125,USD
2010-01-15 00:00:00,2010-01-23 00:00:00,443,89103,1,790.9125,GBP
2010-01-15 00:00:00,2010-01-23 00:00:00,443,89120,1,790.9125,GBP
2010-01-15 00:00:00,2010-01-23 00:00:00,443,90250,1,804.825,GBP
2010-01-15 00:00:00,2010-01-23 00:00:00,443,91762,1,804.825,GBP
2010-01-15 00:00:00,2010-01-23 00:00:00,443,92054,1,804.825,GBP
2010-01-15 00:00:00,2010-01-23 00:00:00,443,92345,1,804.825,GBP
2010-01-15 00:00:00,2010-01-23 00:00:00,443,92504,1,804.825,GBP
2010-01-15 00:00:00,2010-01-23 00:00:00,443,93003,1,804.825,GBP
2010-01-15 00:00:00,2010-01-23 00:00:00,443,93638,1,804.825,GBP
2010-01-15 00:00:00,2010-01-23 00:00:00,443,94706,1,804.825,USD
2010-01-15 00:00:00,2010-01-23 00:00:00,443,94925,1,804.825,GBP
2010-01-15 00:00:00,2010-01-23 00:00:00,443,94947,1,804.825,GBP
2010-01-15 00:00:00,2010-01-23 00:00:00,443,95624,1,804.825,GBP
2010-01-15 00:00:00,2010-01-23 00:00:00,443,95815,1,804.825,GBP
2010-01-15 00:00:00,2010-01-23 00:00:00,475,07422,1,970.2,GBP
2010-01-15 00:00:00,2010-01-23 00:00:00,475,07628,1,970.2,USD
2010-01-15 00:00:00,2010-01-23 00:00:00,475,07712,1,970.2,GBP
2010-01-15 00:00:00,2010-01-23 00:00:00,475,08902,1,970.2,GBP
2010-01-15 00:00:00,2010-01-23 00:00:00,475,26105,1,970.2,GBP
2010-01-15 00:00:00,2010-01-23 00:00:00,475,29472,1,970.2,USD
2010-01-15 00:00:00,2010-01-23 00:00:00,475,33414,1,970.2,GBP
2010-01-15 00:00:00,2010-01-23 00:00:00,475,33480,1,970.2,USD
2010-01-15 00:00:00,2010-01-23 00:00:00,475,38611,1,970.2,GBP
2010-01-15 00:00:00,2010-01-23 00:00:00,475,40121,1,970.2,USD
2010-01-15 00:00:00,2010-01-23 00:00:00,475,46064,1,970.2,USD
2010-01-15 00:00:00,2010-01-23 00:00:00,475,46217,1,970.2,GBP
2010-01-15 00:00:00,2010-01-23 00:00:00,475,46825,1,970.2,USD
2010-01-15 00:00:00,2010-01-23 00:00:00,475,46996,1,970.2,GBP
2010-01-15 00:00:00,2010-01-23 00:00:00,475,47712,1,970.2,USD
2010-01-15 00:00:00,2010-01-23 00:00:00,475,47885,1,970.2,USD
2010-01-15 00:00:00,2010-01-23 00:00:00,475,53072,2,1940.4,USD
2010-01-15 00:00:00,2010-01-23 00:00:00,475,53406,2,1940.4,GBP
2010-01-15 00:00:00,2010-01-23 00:00:00,475,53549,1,970.2,GBP
2010-01-15 00:00:00,2010-01-23 00:00:00,475,53704,1,970.2,GBP
2010-01-15 00:00:00,2010-01-23 00:00:00,475,53809,1,3880.8,GBP
2010-01-15 00:00:00,2010-01-23 00:00:00,475,53809,1,2910.6000000000004,USD
2010-01-15 00:00:00,2010-01-23 00:00:00,475,54141,1,970.2,USD
2010-01-15 00:00:00,2010-01-23 00:00:00,475,54667,1,970.2,USD
2010-01-15 00:00:00,2010-01-23 00:00:00,475,54901,1,970.2,GBP
2010-01-15 00:00:00,2010-01-23 00:00:00,475,55057,1,970.2,GBP
2010-01-15 00:00:00,2010-01-23 00:00:00,475,58351,1,970.2,USD
2010-01-15 00:00:00,2010-01-23 00:00:00,475,64862,1,970.2,GBP
2010-01-15 00:00:00,2010-01-23 00:00:00,475,66614,1,970.2,USD
2010-01-15 00:00:00,2010-01-23 00:00:00,475,75011,1,970.2,USD
2010-01-15 00:00:00,2010-01-23 00:00:00,475,77379,1,970.2,GBP
2010-01-15 00:00:00,2010-01-23 00:00:00,475,77389,1,970.2,GBP
2010-01-15 00:00:00,2010-01-23 00:00:00,475,79106,1,970.2,USD
2010-01-15 00:00:00,2010-01-23 00:00:00,475,85213,1,970.2,GBP
2010-01-15 00:00:00,2010-01-23 00:00:00,475,91040,1,975.45,USD
2010-01-15 00:00:00,2010-01-23 00:00:00,475,92054,1,975.45,USD
2010-01-15 00:00:00,2010-01-23 00:00:00,475,94550,1,975.45,GBP
2010-01-15 00:00:00,2010-01-23 00:00:00,485,42103,1,807.1875,GBP
2010-01-15 00:00:00,2010-01-23 00:00:00,485,46947,1,807.1875,GBP
2010-01-15 00:00:00,2010-01-23 00:00:00,485,72774,1,807.1875,GBP
2010-01-15 00:00:00,2010-01-23 00:00:00,485,73501,1,807.1875,GBP
2010-01-15 00:00:00,2010-01-23 00:00:00,488,36109,1,970.2,USD
2010-01-15 00:00:00,2010-01-23 00:00:00,488,46835,1,970.2,USD
2010-01-15 00:00:00,2010-01-23 00:00:00,488,70302,1,970.2,GBP
2010-01-15 00:00:00,2010-01-23 00:00:00,488,87401,1,970.2,USD
2010-01-15 00:00:00,2010-01-23 00:00:00,491,26508,1,815.325,USD
2010-01-15 00:00:00,2010-01-23 00:00:00,491,32174,1,815.325,USD
2010-01-15 00:00:00,2010-01-23 00:00:00,491,32708,2,1630.65,GBP
2010-01-15 00:00:00,2010-01-23 00:00:00,491,32807,1,815.325,USD
2010-01-15 00:00:00,2010-01-23 00:00:00,491,32811,1,815.325,USD
2010-01-15 00:00:00,2010-01-23 00:00:00,491,33009,1,815.325,GBP
2010-01-15 00:00:00,2010-01-23 00:00:00,491,33629,1,815.325,USD
2010-01-15 00:00:00,2010-01-23 00:00:00,491,41231,1,815.325,USD
2010-01-15 00:00:00,2010-01-23 00:00:00,491,41844,1,815.325,GBP
2010-01-15 00:00:00,2010-01-23 00:00:00,491,41844,1,4076.625,USD
2010-01-15 00:00:00,2010-01-23 00:00:00,491,46013,1,815.325,GBP
2010-01-15 00:00:00,2010-01-23 00:00:00,491,46514,1,4076.625,GBP
2010-01-15 00:00:00,2010-01-23 00:00:00,491,46514,1,2445.9750000000004,USD
2010-01-15 00:00:00,2010-01-23 00:00:00,491,50643,1,815.325,USD
2010-01-15 00:00:00,2010-01-23 00:00:00,491,53177,1,815.325,GBP
2010-01-15 00:00:00,2010-01-23 00:00:00,491,53177,1,815.325,USD
2010-01-15 00:00:00,2010-01-23 00:00:00,491,55448,1,815.325,USD
2010-01-15 00:00:00,2010-01-23 00:00:00,491,56560,1,815.325,USD
2010-01-15 00:00:00,2010-01-23 00:00:00,491,64424,1,815.325,USD
2010-01-15 00:00:00,2010-01-23 00:00:00,491,72007,1,815.325,GBP
2010-01-15 00:00:00,2010-01-23 00:00:00,491,74128,1,815.325,USD
2010-01-15 00:00:00,2010-01-23 00:00:00,491,75092,1,815.325,USD
2010-01-15 00:00:00,2010-01-23 00:00:00,491,75229,1,815.325,USD
2010-01-15 00:00:00,2010-01-23 00:00:00,491,77504,1,815.325,GBP
2010-01-15 00:00:00,2010-01-23 00:00:00,491,78227,1,815.325,GBP
2010-01-15 00:00:00,2010-01-23 00:00:00,491,84060,1,815.325,GBP
2010-01-15 00:00:00,2010-01-23 00:00:00,491,85022,1,815.325,USD
2010-01-15 00:00:00,2010-01-23 00:00:00,491,85262,1,815.325,USD
2010-01-15 00:00:00,2010-01-23 00:00:00,491,85718,1,815.325,GBP
2010-01-15 00:00:00,2010-01-23 00:00:00,491,87499,1,815.325,USD
2010-01-15 00:00:00,2010-01-23 00:00:00,491,97759,1,815.325,GBP
2010-01-15 00:00:00,2010-01-23 00:00:00,495,50219,1,560.9625,USD
2010-01-15 00:00:00,2010-01-23 00:00:00,495,78233,1,560.9625,GBP
2010-01-15 00:00:00,2010-01-23 00:00:00,495,83714,1,560.9625,GBP
2010-01-15 00:00:00,2010-01-23 00:00:00,499,21801,1,846.3,GBP
2010-01-15 00:00:00,2010-01-23 00:00:00,499,33618,1,846.3,GBP
2010-01-15 00:00:00,2010-01-23 00:00:00,499,33624,1,846.3,USD
2010-01-15 00:00:00,2010-01-23 00:00:00,499,39073,1,846.3,GBP
2010-01-15 00:00:00,2010-01-23 00:00:00,499,42211,1,846.3,GBP
2010-01-15 00:00:00,2010-01-23 00:00:00,499,47274,1,846.3,GBP
2010-01-15 00:00:00,2010-01-23 00:00:00,499,47885,1,846.3,GBP
2010-01-15 00:00:00,2010-01-23 00:00:00,499,53042,1,846.3,GBP
2010-01-15 00:00:00,2010-01-23 00:00:00,499,75022,1,846.3,GBP
2010-01-15 00:00:00,2010-01-23 00:00:00,499,91910,1,846.3,GBP
2010-01-15 00:00:00,2010-01-23 00:00:00,499,99723,1,846.3,USD
2010-01-15 00:00:00,2010-01-23 00:00:00,510,32727,1,837.1125,USD
2010-01-15 00:00:00,2010-01-23 00:00:00,510,33186,1,837.1125,USD
2010-01-15 00:00:00,2010-01-23 00:00:00,510,36582,1,837.1125,USD
2010-01-15 00:00:00,2010-01-23 00:00:00,510,77389,1,837.1125,USD
2010-01-15 00:00:00,2010-01-23 00:00:00,510,92131,1,842.3625,GBP
2010-01-15 00:00:00,2010-01-23 00:00:00,510,95632,1,842.3625,USD
2010-01-15 00:00:00,2010-01-23 00:00:00,513,01104,1,451.4475,GBP
2010-01-15 00:00:00,2010-01-23 00:00:00,513,53223,1,451.4475,GBP
2010-01-15 00:00:00,2010-01-23 00:00:00,513,89120,1,451.4475,GBP
2010-01-15 00:00:00,2010-01-23 00:00:00,513,94102,2,913.395,GBP
2010-01-15 00:00:00,2010-01-23 00:00:00,530,07027,1,619.4475,GBP
2010-01-15 00:00:00,2010-01-23 00:00:00,530,82001,1,619.4475,GBP
2010-01-15 00:00:00,2010-01-23 00:00:00,530,94268,1,624.6975,GBP
2010-01-15 00:00:00,2010-01-23 00:00:00,532,21131,1,556.4475,USD
2010-01-15 00:00:00,2010-01-23 00:00:00,532,46131,1,556.4475,GBP
2010-01-15 00:00:00,2010-01-23 00:00:00,532,46902,1,556.4475,GBP
2010-01-15 00:00:00,2010-01-23 00:00:00,532,70816,1,556.4475,USD
2010-01-15 00:00:00,2010-01-23 00:00:00,532,73010,1,556.4475,USD
2010-01-15 00:00:00,2010-01-23 00:00:00,532,89433,1,556.4475,GBP
2010-01-15 00:00:00,2010-01-23 00:00:00,532,95369,1,561.6975,USD
2010-01-15 00:00:00,2010-01-23 00:00:00,550,32221,1,403.9875,USD
2010-01-15 00:00:00,2010-01-23 00:00:00,550,36117,1,403.9875,USD
2010-01-15 00:00:00,2010-01-23 00:00:00,550,53092,2,807.975,GBP
2010-01-15 00:00:00,2010-01-23 00:00:00,550,53593,1,403.9875,GBP
2010-01-15 00:00:00,2010-01-23 00:00:00,550,57763,1,403.9875,GBP
2010-01-15 00:00:00,2010-01-23 00:00:00,550,65023,1,403.9875,USD
2010-01-15 00:00:00,2010-01-23 00:00:00,550,77356,1,403.9875,USD
2010-01-15 00:00:00,2010-01-23 00:00:00,550,97411,1,403.9875,USD
2010-01-15 00:00:00,2010-01-23 00:00:00,559,01453,1,585.6375,GBP
2010-01-15 00:00:00,2010-01-23 00:00:00,559,21032,1,585.6375,USD
2010-01-15 00:00:00,2010-01-23 00:00:00,559,65721,1,585.6375,GBP
2010-01-15 00:00:00,2010-01-23 00:00:00,559,67208,1,585.6375,GBP
2010-01-15 00:00:00,2010-01-23 00:00:00,559,71111,1,585.6375,GBP
2010-01-15 00:00:00,2010-01-23 00:00:00,559,85259,1,585.6375,GBP
2010-01-15 00:00:00,2010-01-23 00:00:00,559,92647,1,600.6,USD
2010-01-15 00:00:00,2010-01-23 00:00:00,559,94952,1,600.6,GBP
2010-01-15 00:00:00,2010-01-23 00:00:00,559,95608,1,600.6,USD
2010-01-15 00:00:00,2010-01-23 00:00:00,573,06095,1,280.6125,USD
2010-01-15 00:00:00,2010-01-23 00:00:00,573,06111,2,561.225,GBP
2010-01-15 00:00:00,2010-01-23 00:00:00,573,08260,1,280.6125,GBP
2010-01-15 00:00:00,2010-01-23 00:00:00,573,19701,1,280.6125,GBP
2010-01-15 00:00:00,2010-01-23 00:00:00,573,32819,1,280.6125,GBP
2010-01-15 00:00:00,2010-01-23 00:00:00,573,36732,1,280.6125,GBP
2010-01-15 00:00:00,2010-01-23 00:00:00,573,37938,1,280.6125,GBP
2010-01-15 00:00:00,2010-01-23 00:00:00,573,46240,1,280.6125,GBP
2010-01-15 00:00:00,2010-01-23 00:00:00,573,46240,1,561.225,USD
2010-01-15 00:00:00,2010-01-23 00:00:00,573,50226,1,280.6125,USD
2010-01-15 00:00:00,2010-01-23 00:00:00,573,51001,1,280.6125,GBP
2010-01-15 00:00:00,2010-01-23 00:00:00,573,54849,1,280.6125,GBP
2010-01-15 00:00:00,2010-01-23 00:00:00,573,55110,1,280.6125,GBP
2010-01-15 00:00:00,2010-01-23 00:00:00,573,63122,1,280.6125,GBP
2010-01-15 00:00:00,2010-01-23 00:00:00,573,64138,1,280.6125,GBP
2010-01-15 00:00:00,2010-01-23 00:00:00,573,70005,1,280.6125,GBP
2010-01-15 00:00:00,2010-01-23 00:00:00,573,77707,1,280.6125,GBP
2010-01-15 00:00:00,2010-01-23 00:00:00,573,82604,1,280.6125,USD
2010-01-15 00:00:00,2010-01-23 00:00:00,573,83301,1,286.9125,GBP
2010-01-15 00:00:00,2010-01-23 00:00:00,573,83687,1,280.6125,GBP
2010-01-15 00:00:00,2010-01-23 00:00:00,573,83704,1,280.6125,GBP
2010-01-15 00:00:00,2010-01-23 00:00:00,573,97007,1,286.9125,GBP
2010-01-15 00:00:00,2010-01-23 00:00:00,574,90212,1,830.55,USD
2010-01-15 00:00:00,2010-01-23 00:00:00,574,91320,1,830.55,GBP
2010-01-15 00:00:00,2010-01-23 00:00:00,574,91710,1,830.55,USD
2010-01-15 00:00:00,2010-01-23 00:00:00,574,91740,1,830.55,GBP
2010-01-15 00:00:00,2010-01-23 00:00:00,574,93257,1,830.55,USD
2010-01-15 00:00:00,2010-01-23 00:00:00,574,93306,1,830.55,USD
2010-01-15 00:00:00,2010-01-23 00:00:00,574,95361,1,830.55,USD
2010-01-15 00:00:00,2010-01-23 00:00:00,580,20817,2,1469.475,USD
2010-01-15 00:00:00,2010-01-23 00:00:00,580,32258,1,734.7375,GBP
2010-01-15 00:00:00,2010-01-23 00:00:00,580,33701,1,734.7375,USD
2010-01-15 00:00:00,2010-01-23 00:00:00,580,42103,1,1469.475,GBP
2010-01-15 00:00:00,2010-01-23 00:00:00,580,42103,1,734.7375,USD
2010-01-15 00:00:00,2010-01-23 00:00:00,580,52776,1,734.7375,USD
2010-01-15 00:00:00,2010-01-23 00:00:00,580,55345,1,734.7375,GBP
2010-01-15 00:00:00,2010-01-23 00:00:00,580,63703,1,734.7375,USD
2010-01-15 00:00:00,2010-01-23 00:00:00,580,76527,1,734.7375,GBP
2010-01-15 00:00:00,2010-01-23 00:00:00,580,77521,1,734.7375,GBP
2010-01-15 00:00:00,2010-01-23 00:00:00,580,77551,1,734.7375,USD
2010-01-15 00:00:00,2010-01-23 00:00:00,580,92646,1,749.9625,GBP
2010-01-15 00:00:00,2010-01-23 00:00:00,580,92802,1,749.9625,GBP
2010-01-15 00:00:00,2010-01-23 00:00:00,596,01331,1,746.55,USD
2010-01-15 00:00:00,2010-01-23 00:00:00,596,01436,1,746.55,GBP
2010-01-15 00:00:00,2010-01-23 00:00:00,596,02347,1,746.55,USD
2010-01-15 00:00:00,2010-01-23 00:00:00,596,02719,1,746.55,USD
2010-01-15 00:00:00,2010-01-23 00:00:00,596,07643,1,746.55,GBP
2010-01-15 00:00:00,2010-01-23 00:00:00,596,08094,1,746.55,GBP
2010-01-15 00:00:00,2010-01-23 00:00:00,596,35226,1,746.55,USD
2010-01-15 00:00:00,2010-01-23 00:00:00,596,56308,1,746.55,GBP
2010-01-15 00:00:00,2010-01-23 00:00:00,596,58554,1,700.875,GBP
2010-01-15 00:00:00,2010-01-23 00:00:00,596,66502,1,746.55,USD
2010-01-15 00:00:00,2010-01-23 00:00:00,596,67357,1,746.55,GBP
2010-01-15 00:00:00,2010-01-23 00:00:00,596,72212,1,746.55,GBP
2010-01-15 00:00:00,2010-01-23 00:00:00,596,78586,1,746.55,USD
2010-01-15 00:00:00,2010-01-23 00:00:00,596,83301,1,761.5125,GBP
2010-01-15 00:00:00,2010-01-23 00:00:00,596,91011,1,761.5125,GBP
2010-01-15 00:00:00,2010-01-23 00:00:00,596,92202,1,761.5125,USD
2010-01-15 00:00:00,2010-01-23 00:00:00,596,95023,1,761.5125,USD
2010-01-15 00:00:00,2010-01-23 00:00:00,596,96130,1,761.5125,USD
2010-01-15 00:00:00,2010-01-23 00:00:00,596,99556,1,746.55,GBP
2010-01-15 00:00:00,2010-01-23 00:00:00,599,07734,1,753.6375,GBP
2010-01-15 00:00:00,2010-01-23 00:00:00,599,21060,1,753.6375,GBP
2010-01-15 00:00:00,2010-01-23 00:00:00,599,21813,1,753.6375,GBP
2010-01-15 00:00:00,2010-01-23 00:00:00,599,29697,1,753.6375,GBP
2010-01-15 00:00:00,2010-01-23 00:00:00,599,32257,1,753.6375,GBP
2010-01-15 00:00:00,2010-01-23 00:00:00,599,32561,1,753.6375,USD
2010-01-15 00:00:00,2010-01-23 00:00:00,599,40165,1,753.6375,GBP
2010-01-15 00:00:00,2010-01-23 00:00:00,599,42746,1,753.6375,GBP
2010-01-15 00:00:00,2010-01-23 00:00:00,599,52213,1,753.6375,GBP
2010-01-15 00:00:00,2010-01-23 00:00:00,599,55079,1,753.6375,USD
2010-01-15 00:00:00,2010-01-23 00:00:00,599,57037,1,753.6375,GBP
2010-01-15 00:00:00,2010-01-23 00:00:00,599,58577,1,753.6375,USD
2010-01-15 00:00:00,2010-01-23 00:00:00,599,63348,1,753.6375,GBP
2010-01-15 00:00:00,2010-01-23 00:00:00,599,70058,1,753.6375,GBP
2010-01-15 00:00:00,2010-01-23 00:00:00,599,75088,1,753.6375,GBP
2010-01-15 00:00:00,2010-01-23 00:00:00,599,83404,1,753.6375,GBP
2010-01-15 00:00:00,2010-01-23 00:00:00,599,85202,1,753.6375,GBP
2010-01-15 00:00:00,2010-01-23 00:00:00,599,85303,1,753.6375,GBP
2010-01-15 00:00:00,2010-01-23 00:00:00,599,89419,1,753.6375,GBP
2010-01-15 00:00:00,2010-01-23 00:00:00,599,91040,1,753.6375,GBP
2010-01-15 00:00:00,2010-01-23 00:00:00,599,91106,1,753.6375,USD
2010-01-15 00:00:00,2010-01-23 00:00:00,599,92840,1,753.6375,USD
2010-01-15 00:00:00,2010-01-23 00:00:00,599,93312,1,753.6375,GBP
2010-01-15 00:00:00,2010-01-23 00:00:00,599,97213,1,753.6375,GBP
2010-01-15 00:00:00,2010-01-23 00:00:00,599,97394,1,753.6375,GBP
2010-01-15 00:00:00,2010-01-23 00:00:00,604,01430,1,461.7375,GBP
2010-01-15 00:00:00,2010-01-23 00:00:00,604,08053,1,461.7375,USD
2010-01-15 00:00:00,2010-01-23 00:00:00,604,20650,1,461.7375,USD
2010-01-15 00:00:00,2010-01-23 00:00:00,604,21122,1,461.7375,USD
2010-01-15 00:00:00,2010-01-23 00:00:00,604,21221,1,461.7375,GBP
2010-01-15 00:00:00,2010-01-23 00:00:00,604,21222,1,461.7375,USD
2010-01-15 00:00:00,2010-01-23 00:00:00,604,29532,1,461.7375,USD
2010-01-15 00:00:00,2010-01-23 00:00:00,604,32009,1,461.7375,USD
2010-01-15 00:00:00,2010-01-23 00:00:00,604,32257,1,461.7375,USD
2010-01-15 00:00:00,2010-01-23 00:00:00,604,33809,1,461.7375,GBP
2010-01-15 00:00:00,2010-01-23 00:00:00,604,37043,1,452.55,USD
2010-01-15 00:00:00,2010-01-23 00:00:00,604,37421,1,461.7375,USD
2010-01-15 00:00:00,2010-01-23 00:00:00,604,41011,1,461.7375,GBP
2010-01-15 00:00:00,2010-01-23 00:00:00,604,52803,1,461.7375,USD
2010-01-15 00:00:00,2010-01-23 00:00:00,604,53151,1,461.7375,USD
2010-01-15 00:00:00,2010-01-23 00:00:00,604,53183,1,461.7375,GBP
2010-01-15 00:00:00,2010-01-23 00:00:00,604,53956,1,461.7375,USD
2010-01-15 00:00:00,2010-01-23 00:00:00,604,54489,1,461.7375,GBP
2010-01-15 00:00:00,2010-01-23 00:00:00,604,54806,1,461.7375,USD
2010-01-15 00:00:00,2010-01-23 00:00:00,604,54849,1,461.7375,GBP
2010-01-15 00:00:00,2010-01-23 00:00:00,604,59801,1,461.7375,USD
2010-01-15 00:00:00,2010-01-23 00:00:00,604,64078,1,461.7375,USD
2010-01-15 00:00:00,2010-01-23 00:00:00,604,66062,1,461.7375,USD
2010-01-15 00:00:00,2010-01-23 00:00:00,604,76311,1,461.7375,GBP
2010-01-15 00:00:00,2010-01-23 00:00:00,604,78413,1,461.7375,GBP
2010-01-15 00:00:00,2010-01-23 00:00:00,604,84115,1,461.7375,USD
2010-01-15 00:00:00,2010-01-23 00:00:00,604,87120,1,461.7375,GBP
2010-01-15 00:00:00,2010-01-23 00:00:00,604,87121,1,461.7375,GBP
2010-01-15 00:00:00,2010-01-23 00:00:00,604,91607,1,468.0375,GBP
2010-01-15 00:00:00,2010-01-23 00:00:00,604,92020,1,468.0375,USD
2010-01-15 00:00:00,2010-01-23 00:00:00,604,92507,1,468.0375,USD
2010-01-15 00:00:00,2010-01-23 00:00:00,604,94901,1,468.0375,GBP
2010-01-15 00:00:00,2010-01-23 00:00:00,604,95687,1,468.0375,GBP
2010-01-15 00:00:00,2010-01-23 00:00:00,604,95818,1,468.0375,USD
2010-01-15 00:00:00,2010-01-23 00:00:00,604,97013,1,461.7375,GBP
2010-01-15 00:00:00,2010-01-23 00:00:00,606,01588,1,314.7375,GBP
2010-01-15 00:00:00,2010-01-23 00:00:00,606,07826,1,314.7375,GBP
2010-01-15 00:00:00,2010-01-23 00:00:00,606,21037,1,944.2125000000001,GBP
2010-01-15 00:00:00,2010-01-23 00:00:00,606,21037,1,944.2125000000001,USD
2010-01-15 00:00:00,2010-01-23 00:00:00,606,33351,1,314.7375,USD
2010-01-15 00:00:00,2010-01-23 00:00:00,606,33811,1,314.7375,USD
2010-01-15 00:00:00,2010-01-23 00:00:00,606,37323,1,314.7375,USD
2010-01-15 00:00:00,2010-01-23 00:00:00,606,50315,1,314.7375,USD
2010-01-15 00:00:00,2010-01-23 00:00:00,606,50701,1,314.7375,USD
2010-01-15 00:00:00,2010-01-23 00:00:00,606,54489,1,314.7375,USD
2010-01-15 00:00:00,2010-01-23 00:00:00,606,90066,1,321.0375,USD
2010-01-15 00:00:00,2010-01-23 00:00:00,606,93534,1,321.0375,USD
2010-01-15 00:00:00,2010-01-23 00:00:00,606,97701,1,314.7375,USD
2010-01-15 00:00:00,2010-01-23 00:00:00,609,03431,1,778.8375,USD
2010-01-15 00:00:00,2010-01-23 00:00:00,609,06010,1,778.8375,USD
2010-01-15 00:00:00,2010-01-23 00:00:00,609,07082,1,766.2375,USD
2010-01-15 00:00:00,2010-01-23 00:00:00,609,07746,1,778.8375,USD
2010-01-15 00:00:00,2010-01-23 00:00:00,609,07821,1,766.2375,GBP
2010-01-15 00:00:00,2010-01-23 00:00:00,609,07876,1,778.8375,GBP
2010-01-15 00:00:00,2010-01-23 00:00:00,609,08867,1,778.8375,GBP
2010-01-15 00:00:00,2010-01-23 00:00:00,609,20705,1,778.8375,USD
2010-01-15 00:00:00,2010-01-23 00:00:00,609,21009,1,778.8375,USD
2010-01-15 00:00:00,2010-01-23 00:00:00,609,21037,1,2336.5125,GBP
2010-01-15 00:00:00,2010-01-23 00:00:00,609,21037,1,3115.35,USD
2010-01-15 00:00:00,2010-01-23 00:00:00,609,26062,1,778.8375,USD
2010-01-15 00:00:00,2010-01-23 00:00:00,609,26554,1,778.8375,USD
2010-01-15 00:00:00,2010-01-23 00:00:00,609,29341,1,778.8375,GBP
2010-01-15 00:00:00,2010-01-23 00:00:00,609,32819,1,778.8375,GBP
2010-01-15 00:00:00,2010-01-23 00:00:00,609,32901,1,750.75,USD
2010-01-15 00:00:00,2010-01-23 00:00:00,609,34231,1,778.8375,USD
2010-01-15 00:00:00,2010-01-23 00:00:00,609,34761,1,778.8375,GBP
2010-01-15 00:00:00,2010-01-23 00:00:00,609,37615,1,778.8375,USD
2010-01-15 00:00:00,2010-01-23 00:00:00,609,40229,1,2336.5125,GBP
2010-01-15 00:00:00,2010-01-23 00:00:00,609,40229,1,778.8375,USD
2010-01-15 00:00:00,2010-01-23 00:00:00,609,46240,1,778.8375,USD
2010-01-15 00:00:00,2010-01-23 00:00:00,609,46356,2,1557.675,USD
2010-01-15 00:00:00,2010-01-23 00:00:00,609,46514,1,1557.675,GBP
2010-01-15 00:00:00,2010-01-23 00:00:00,609,46514,1,1557.675,USD
2010-01-15 00:00:00,2010-01-23 00:00:00,609,46947,1,778.8375,GBP
2010-01-15 00:00:00,2010-01-23 00:00:00,609,50129,1,1557.675,GBP
2010-01-15 00:00:00,2010-01-23 00:00:00,609,50129,1,778.8375,USD
2010-01-15 00:00:00,2010-01-23 00:00:00,609,53040,1,778.8375,GBP
2010-01-15 00:00:00,2010-01-23 00:00:00,609,55448,1,778.8375,USD
2010-01-15 00:00:00,2010-01-23 00:00:00,609,56282,1,778.8375,USD
2010-01-15 00:00:00,2010-01-23 00:00:00,609,58501,2,1545.075,USD
2010-01-15 00:00:00,2010-01-23 00:00:00,609,59714,1,778.8375,USD
2010-01-15 00:00:00,2010-01-23 00:00:00,609,63052,1,778.8375,USD
2010-01-15 00:00:00,2010-01-23 00:00:00,609,63401,1,778.8375,USD
2010-01-15 00:00:00,2010-01-23 00:00:00,609,64116,1,778.8375,GBP
2010-01-15 00:00:00,2010-01-23 00:00:00,609,64801,1,778.8375,USD
2010-01-15 00:00:00,2010-01-23 00:00:00,609,76110,1,778.8375,USD
2010-01-15 00:00:00,2010-01-23 00:00:00,609,76542,1,778.8375,USD
2010-01-15 00:00:00,2010-01-23 00:00:00,609,77375,1,778.8375,USD
2010-01-15 00:00:00,2010-01-23 00:00:00,609,85254,1,778.8375,USD
2010-01-15 00:00:00,2010-01-23 00:00:00,609,85382,1,778.8375,USD
2010-01-15 00:00:00,2010-01-23 00:00:00,609,87102,1,778.8375,USD
2010-01-15 00:00:00,2010-01-23 00:00:00,609,89023,1,778.8375,USD
2010-01-15 00:00:00,2010-01-23 00:00:00,609,90045,1,794.0625,USD
2010-01-15 00:00:00,2010-01-23 00:00:00,609,90063,1,794.0625,USD
2010-01-15 00:00:00,2010-01-23 00:00:00,609,91423,1,794.0625,USD
2010-01-15 00:00:00,2010-01-23 00:00:00,609,91722,1,794.0625,USD
2010-01-15 00:00:00,2010-01-23 00:00:00,609,92054,1,794.0625,USD
2010-01-15 00:00:00,2010-01-23 00:00:00,609,92116,1,794.0625,USD
2010-01-15 00:00:00,2010-01-23 00:00:00,609,92808,1,794.0625,USD
2010-01-15 00:00:00,2010-01-23 00:00:00,609,93010,2,1588.125,USD
2010-01-15 00:00:00,2010-01-23 00:00:00,609,93312,2,1588.125,USD
2010-01-15 00:00:00,2010-01-23 00:00:00,609,93551,1,794.0625,USD
2010-01-15 00:00:00,2010-01-23 00:00:00,609,94014,1,794.0625,USD
2010-01-15 00:00:00,2010-01-23 00:00:00,609,94026,2,1588.125,USD
2010-01-15 00:00:00,2010-01-23 00:00:00,609,94550,2,1588.125,USD
2010-01-15 00:00:00,2010-01-23 00:00:00,609,94578,1,794.0625,USD
2010-01-15 00:00:00,2010-01-23 00:00:00,609,95023,2,1588.125,USD
2010-01-15 00:00:00,2010-01-23 00:00:00,631,06268,1,346.2375,USD
2010-01-15 00:00:00,2010-01-23 00:00:00,631,07844,1,346.2375,GBP
2010-01-15 00:00:00,2010-01-23 00:00:00,631,40511,1,346.2375,USD
2010-01-15 00:00:00,2010-01-23 00:00:00,631,42101,1,346.2375,USD
2010-01-15 00:00:00,2010-01-23 00:00:00,631,53581,1,346.2375,GBP
2010-01-15 00:00:00,2010-01-23 00:00:00,631,63901,1,346.2375,USD
2010-01-15 00:00:00,2010-01-23 00:00:00,631,67901,1,346.2375,USD
2010-01-15 00:00:00,2010-01-23 00:00:00,631,77018,1,346.2375,GBP
2010-01-15 00:00:00,2010-01-23 00:00:00,631,92064,1,352.5375,USD
2010-01-15 00:00:00,2010-01-23 00:00:00,631,93727,1,352.5375,USD
2010-01-15 00:00:00,2010-01-23 00:00:00,645,20007,1,746.55,USD
2010-01-15 00:00:00,2010-01-23 00:00:00,645,20744,1,746.55,GBP
2010-01-15 00:00:00,2010-01-23 00:00:00,645,32776,1,746.55,USD
2010-01-15 00:00:00,2010-01-23 00:00:00,645,33919,1,746.55,USD
2010-01-15 00:00:00,2010-01-23 00:00:00,645,40517,1,746.55,USD
2010-01-15 00:00:00,2010-01-23 00:00:00,645,46070,1,746.55,GBP
2010-01-15 00:00:00,2010-01-23 00:00:00,645,46392,1,746.55,USD
2010-01-15 00:00:00,2010-01-23 00:00:00,645,50201,1,746.55,GBP
2010-01-15 00:00:00,2010-01-23 00:00:00,645,53184,1,746.55,GBP
2010-01-15 00:00:00,2010-01-23 00:00:00,645,55303,1,746.55,GBP
2010-01-15 00:00:00,2010-01-23 00:00:00,645,65802,1,746.55,GBP
2010-01-15 00:00:00,2010-01-23 00:00:00,645,70611,1,746.55,USD
2010-01-15 00:00:00,2010-01-23 00:00:00,645,74105,1,746.55,USD
2010-01-15 00:00:00,2010-01-23 00:00:00,645,75149,1,746.55,USD
2010-01-15 00:00:00,2010-01-23 00:00:00,645,76208,1,746.55,GBP
2010-01-15 00:00:00,2010-01-23 00:00:00,645,87107,1,746.55,GBP
2010-01-15 00:00:00,2010-01-23 00:00:00,645,93003,1,761.5125,GBP
2010-01-15 00:00:00,2010-01-23 00:00:00,645,94509,1,761.5125,GBP
2010-01-15 00:00:00,2010-01-23 00:00:00,645,94560,1,761.5125,USD
2010-01-15 00:00:00,2010-01-23 00:00:00,658,07922,1,900.1125,GBP
2010-01-15 00:00:00,2010-01-23 00:00:00,658,21757,1,902.7375,GBP
2010-01-15 00:00:00,2010-01-23 00:00:00,658,32082,1,902.7375,GBP
2010-01-15 00:00:00,2010-01-23 00:00:00,658,35114,1,902.7375,GBP
2010-01-15 00:00:00,2010-01-23 00:00:00,658,53221,1,902.7375,GBP
2010-01-15 00:00:00,2010-01-23 00:00:00,658,54751,1,902.7375,USD
2010-01-15 00:00:00,2010-01-23 00:00:00,658,58504,1,902.7375,GBP
2010-01-15 00:00:00,2010-01-23 00:00:00,658,85712,1,902.7375,USD
2010-01-15 00:00:00,2010-01-23 00:00:00,658,91411,1,917.9625,GBP
2010-01-15 00:00:00,2010-01-23 00:00:00,658,95112,1,917.9625,USD
2010-01-15 00:00:00,2010-01-23 00:00:00,663,37130,1,765.45,USD
2010-01-15 00:00:00,2010-01-23 00:00:00,663,50266,1,765.45,USD
2010-01-15 00:00:00,2010-01-23 00:00:00,663,67203,1,765.45,USD
2010-01-15 00:00:00,2010-01-23 00:00:00,663,91202,1,780.4125,USD
2010-01-15 00:00:00,2010-01-23 00:00:00,663,95667,1,780.4125,USD
2010-01-15 00:00:00,2010-01-23 00:00:00,676,06511,1,801.9375,USD
2010-01-15 00:00:00,2010-01-23 00:00:00,676,08034,1,801.9375,USD
2010-01-15 00:00:00,2010-01-23 00:00:00,676,32308,1,801.9375,USD
2010-01-15 00:00:00,2010-01-23 00:00:00,676,32766,1,801.9375,USD
2010-01-15 00:00:00,2010-01-23 00:00:00,676,33322,1,801.9375,USD
2010-01-15 00:00:00,2010-01-23 00:00:00,676,41702,1,801.9375,GBP
2010-01-15 00:00:00,2010-01-23 00:00:00,676,50450,1,801.9375,GBP
2010-01-15 00:00:00,2010-01-23 00:00:00,676,50670,1,801.9375,GBP
2010-01-15 00:00:00,2010-01-23 00:00:00,676,53094,1,801.9375,GBP
2010-01-15 00:00:00,2010-01-23 00:00:00,676,53517,1,801.9375,USD
2010-01-15 00:00:00,2010-01-23 00:00:00,676,54311,1,801.9375,GBP
2010-01-15 00:00:00,2010-01-23 00:00:00,676,56007,1,801.9375,USD
2010-01-15 00:00:00,2010-01-23 00:00:00,676,56110,1,801.9375,GBP
2010-01-15 00:00:00,2010-01-23 00:00:00,676,56209,1,801.9375,USD
2010-01-15 00:00:00,2010-01-23 00:00:00,676,56560,1,801.9375,GBP
2010-01-15 00:00:00,2010-01-23 00:00:00,676,64150,1,801.9375,USD
2010-01-15 00:00:00,2010-01-23 00:00:00,676,71078,1,801.9375,USD
2010-01-15 00:00:00,2010-01-23 00:00:00,676,72390,1,801.9375,GBP
2010-01-15 00:00:00,2010-01-23 00:00:00,676,73170,1,801.9375,USD
2010-01-15 00:00:00,2010-01-23 00:00:00,676,75038,1,801.9375,USD
2010-01-15 00:00:00,2010-01-23 00:00:00,676,78413,1,801.9375,USD
2010-01-15 00:00:00,2010-01-23 00:00:00,676,78520,1,801.9375,USD
2010-01-15 00:00:00,2010-01-23 00:00:00,676,85262,1,801.9375,GBP
2010-01-15 00:00:00,2010-01-23 00:00:00,676,87566,1,801.9375,USD
2010-01-15 00:00:00,2010-01-23 00:00:00,676,91321,1,816.9,USD
2010-01-15 00:00:00,2010-01-23 00:00:00,676,91763,1,816.9,GBP
2010-01-15 00:00:00,2010-01-23 00:00:00,676,92111,1,816.9,USD
2010-01-15 00:00:00,2010-01-23 00:00:00,676,92345,1,816.9,USD
2010-01-15 00:00:00,2010-01-23 00:00:00,676,92683,2,1633.8,USD
2010-01-15 00:00:00,2010-01-23 00:00:00,676,93035,1,816.9,GBP
2010-01-15 00:00:00,2010-01-23 00:00:00,676,94062,1,816.9,GBP
2010-01-15 00:00:00,2010-01-23 00:00:00,676,94533,1,816.9,USD
2010-01-15 00:00:00,2010-01-23 00:00:00,676,95128,1,816.9,USD
2010-01-15 00:00:00,2010-01-23 00:00:00,676,97212,1,801.9375,GBP
2010-01-15 00:00:00,2010-01-23 00:00:00,681,06385,1,629.7375,USD
2010-01-15 00:00:00,2010-01-23 00:00:00,681,24901,1,629.7375,USD
2010-01-15 00:00:00,2010-01-23 00:00:00,681,29640,1,629.7375,USD
2010-01-15 00:00:00,2010-01-23 00:00:00,681,33467,1,629.7375,USD
2010-01-15 00:00:00,2010-01-23 00:00:00,681,34788,1,629.7375,USD
2010-01-15 00:00:00,2010-01-23 00:00:00,681,37042,1,629.7375,USD
2010-01-15 00:00:00,2010-01-23 00:00:00,681,37149,1,629.7375,GBP
2010-01-15 00:00:00,2010-01-23 00:00:00,681,40207,1,629.7375,USD
2010-01-15 00:00:00,2010-01-23 00:00:00,681,50021,1,629.7375,USD
2010-01-15 00:00:00,2010-01-23 00:00:00,681,52531,1,1259.475,GBP
2010-01-15 00:00:00,2010-01-23 00:00:00,681,52531,1,1259.475,USD
2010-01-15 00:00:00,2010-01-23 00:00:00,681,53130,1,629.7375,GBP
2010-01-15 00:00:00,2010-01-23 00:00:00,681,55350,1,629.7375,GBP
2010-01-15 00:00:00,2010-01-23 00:00:00,681,63775,1,629.7375,USD
2010-01-15 00:00:00,2010-01-23 00:00:00,681,64029,1,629.7375,USD
2010-01-15 00:00:00,2010-01-23 00:00:00,681,70815,1,629.7375,USD
2010-01-15 00:00:00,2010-01-23 00:00:00,681,72936,1,629.7375,USD
2010-01-15 00:00:00,2010-01-23 00:00:00,681,75098,1,629.7375,USD
2010-01-15 00:00:00,2010-01-23 00:00:00,681,77586,1,629.7375,USD
2010-01-15 00:00:00,2010-01-23 00:00:00,681,85716,1,629.7375,USD
2010-01-15 00:00:00,2010-01-23 00:00:00,681,89123,1,629.7375,GBP
2010-01-15 00:00:00,2010-01-23 00:00:00,681,89503,1,629.7375,USD
2010-01-15 00:00:00,2010-01-23 00:00:00,681,94585,1,644.9625,USD
2010-01-15 00:00:00,2010-01-23 00:00:00,683,08081,1,788.025,USD
2010-01-15 00:00:00,2010-01-23 00:00:00,683,29374,1,788.025,USD
2010-01-15 00:00:00,2010-01-23 00:00:00,683,47905,1,788.025,USD
2010-01-15 00:00:00,2010-01-23 00:00:00,683,53121,1,1576.05,GBP
2010-01-15 00:00:00,2010-01-23 00:00:00,683,53121,1,788.025,USD
2010-01-15 00:00:00,2010-01-23 00:00:00,683,54220,1,788.025,GBP
2010-01-15 00:00:00,2010-01-23 00:00:00,683,64507,1,788.025,USD
2010-01-15 00:00:00,2010-01-23 00:00:00,683,66502,1,788.025,GBP
2010-01-15 00:00:00,2010-01-23 00:00:00,683,79763,1,788.025,USD
2010-01-15 00:00:00,2010-01-23 00:00:00,683,82604,1,788.025,USD
2010-01-15 00:00:00,2010-01-23 00:00:00,683,93550,1,803.25,GBP
2010-01-15 00:00:00,2010-01-23 00:00:00,687,02822,1,445.9875,GBP
2010-01-15 00:00:00,2010-01-23 00:00:00,687,36271,1,445.9875,GBP
2010-01-15 00:00:00,2010-01-23 00:00:00,687,39567,1,445.9875,GBP
2010-01-15 00:00:00,2010-01-23 00:00:00,687,54023,1,445.9875,GBP
2010-01-15 00:00:00,2010-01-23 00:00:00,687,74842,1,445.9875,GBP
2010-01-15 00:00:00,2010-01-23 00:00:00,687,75052,1,452.2875,GBP
2010-01-15 00:00:00,2010-01-23 00:00:00,687,77302,1,445.9875,USD
2010-01-15 00:00:00,2010-01-23 00:00:00,687,95015,1,452.2875,GBP
2010-01-15 00:00:00,2010-01-23 00:00:00,687,95133,1,452.2875,GBP
2010-01-15 00:00:00,2010-01-23 00:00:00,702,47129,1,286.0725,USD
2010-01-15 00:00:00,2010-01-23 00:00:00,702,97504,1,286.0725,USD
2010-01-15 00:00:00,2010-01-23 00:00:00,713,20616,1,160.0725,USD
2010-01-15 00:00:00,2010-01-23 00:00:00,713,21206,2,320.145,USD
2010-01-15 00:00:00,2010-01-23 00:00:00,713,29687,1,160.0725,USD
2010-01-15 00:00:00,2010-01-23 00:00:00,713,34202,1,160.0725,USD
2010-01-15 00:00:00,2010-01-23 00:00:00,713,36067,1,160.0725,GBP
2010-01-15 00:00:00,2010-01-23 00:00:00,713,38356,1,160.0725,USD
2010-01-15 00:00:00,2010-01-23 00:00:00,713,40071,1,160.0725,USD
2010-01-15 00:00:00,2010-01-23 00:00:00,713,92071,1,160.0725,USD
2010-01-15 00:00:00,2010-01-23 00:00:00,713,92234,2,320.145,USD
2010-01-15 00:00:00,2010-01-23 00:00:00,714,01468,1,160.0725,USD
2010-01-15 00:00:00,2010-01-23 00:00:00,714,25504,1,160.0725,GBP
2010-01-15 00:00:00,2010-01-23 00:00:00,714,29412,1,160.0725,USD
2010-01-15 00:00:00,2010-01-23 00:00:00,714,33430,1,160.0725,USD
2010-01-15 00:00:00,2010-01-23 00:00:00,714,40208,1,160.0725,GBP
2010-01-15 00:00:00,2010-01-23 00:00:00,714,46774,1,160.0725,GBP
2010-01-15 00:00:00,2010-01-23 00:00:00,714,65402,1,160.0725,USD
2010-01-15 00:00:00,2010-01-23 00:00:00,714,93023,1,160.0725,USD
2010-01-15 00:00:00,2010-01-23 00:00:00,714,95991,1,160.0725,GBP
2010-01-15 00:00:00,2010-01-23 00:00:00,714,97305,1,160.0725,USD
2010-01-15 00:00:00,2010-01-23 00:00:00,725,06437,2,230.895,GBP
2010-01-15 00:00:00,2010-01-23 00:00:00,725,07009,1,115.4475,GBP
2010-01-15 00:00:00,2010-01-23 00:00:00,725,07480,1,115.4475,GBP
2010-01-15 00:00:00,2010-01-23 00:00:00,725,07920,1,115.4475,GBP
2010-01-15 00:00:00,2010-01-23 00:00:00,725,08857,1,115.4475,USD
2010-01-15 00:00:00,2010-01-23 00:00:00,725,20601,1,115.4475,GBP
2010-01-15 00:00:00,2010-01-23 00:00:00,725,20637,1,115.4475,GBP
2010-01-15 00:00:00,2010-01-23 00:00:00,725,20748,1,115.4475,GBP
2010-01-15 00:00:00,2010-01-23 00:00:00,725,20841,1,115.4475,USD
2010-01-15 00:00:00,2010-01-23 00:00:00,725,21774,1,115.4475,GBP
2010-01-15 00:00:00,2010-01-23 00:00:00,725,29150,1,115.4475,GBP
2010-01-15 00:00:00,2010-01-23 00:00:00,725,33556,1,115.4475,GBP
2010-01-15 00:00:00,2010-01-23 00:00:00,725,35503,1,115.4475,GBP
2010-01-15 00:00:00,2010-01-23 00:00:00,725,36530,1,115.4475,GBP
2010-01-15 00:00:00,2010-01-23 00:00:00,725,37122,2,230.895,USD
2010-01-15 00:00:00,2010-01-23 00:00:00,725,37150,1,115.4475,GBP
2010-01-15 00:00:00,2010-01-23 00:00:00,725,37217,1,115.4475,GBP
2010-01-15 00:00:00,2010-01-23 00:00:00,725,38344,1,115.4475,GBP
2010-01-15 00:00:00,2010-01-23 00:00:00,725,38478,1,115.4475,USD
2010-01-15 00:00:00,2010-01-23 00:00:00,725,39204,1,115.4475,GBP
2010-01-15 00:00:00,2010-01-23 00:00:00,725,39663,1,115.4475,USD
2010-01-15 00:00:00,2010-01-23 00:00:00,725,40405,1,115.4475,USD
2010-01-15 00:00:00,2010-01-23 00:00:00,725,46750,1,115.4475,USD
2010-01-15 00:00:00,2010-01-23 00:00:00,725,46901,1,115.4475,GBP
2010-01-15 00:00:00,2010-01-23 00:00:00,725,59701,1,115.4475,USD
2010-01-15 00:00:00,2010-01-23 00:00:00,725,63361,1,115.4475,GBP
2010-01-15 00:00:00,2010-01-23 00:00:00,725,64075,1,115.4475,GBP
2010-01-15 00:00:00,2010-01-23 00:00:00,725,64454,1,115.4475,GBP
2010-01-15 00:00:00,2010-01-23 00:00:00,725,70433,2,230.895,USD
2010-01-15 00:00:00,2010-01-23 00:00:00,725,70714,1,115.4475,GBP
2010-01-15 00:00:00,2010-01-23 00:00:00,725,71263,1,115.4475,GBP
2010-01-15 00:00:00,2010-01-23 00:00:00,725,71270,1,115.4475,GBP
2010-01-15 00:00:00,2010-01-23 00:00:00,725,74006,1,115.4475,USD
2010-01-15 00:00:00,2010-01-23 00:00:00,725,75938,1,115.4475,GBP
2010-01-15 00:00:00,2010-01-23 00:00:00,725,77357,1,115.4475,GBP
2010-01-15 00:00:00,2010-01-23 00:00:00,725,77375,1,115.4475,GBP
2010-01-15 00:00:00,2010-01-23 00:00:00,725,78332,2,230.895,GBP
2010-01-15 00:00:00,2010-01-23 00:00:00,725,84015,1,115.4475,GBP
2010-01-15 00:00:00,2010-01-23 00:00:00,725,84720,1,115.4475,GBP
2010-01-15 00:00:00,2010-01-23 00:00:00,725,90046,1,115.4475,USD
2010-01-15 00:00:00,2010-01-23 00:00:00,725,91016,1,115.4475,GBP
2010-01-15 00:00:00,2010-01-23 00:00:00,725,91350,3,346.3425,GBP
2010-01-15 00:00:00,2010-01-23 00:00:00,725,92065,1,115.4475,USD
2010-01-15 00:00:00,2010-01-23 00:00:00,725,93555,3,346.3425,GBP
2010-01-15 00:00:00,2010-01-23 00:00:00,725,93940,1,115.4475,GBP
2010-01-15 00:00:00,2010-01-23 00:00:00,725,94561,1,115.4475,USD
2010-01-15 00:00:00,2010-01-23 00:00:00,725,95006,1,115.4475,GBP
2010-01-15 00:00:00,2010-01-23 00:00:00,725,95492,1,115.4475,GBP
2010-01-15 00:00:00,2010-01-23 00:00:00,725,97124,1,115.4475,USD
2010-01-15 00:00:00,2010-01-23 00:00:00,725,97702,1,115.4475,GBP
2010-01-15 00:00:00,2010-01-23 00:00:00,726,20601,1,115.4475,USD
2010-01-15 00:00:00,2010-01-23 00:00:00,726,20637,1,115.4475,GBP
2010-01-15 00:00:00,2010-01-23 00:00:00,726,20721,1,115.4475,USD
2010-01-15 00:00:00,2010-01-23 00:00:00,726,21113,1,115.4475,USD
2010-01-15 00:00:00,2010-01-23 00:00:00,726,21826,1,115.4475,USD
2010-01-15 00:00:00,2010-01-23 00:00:00,726,24901,1,115.4475,GBP
2010-01-15 00:00:00,2010-01-23 00:00:00,726,29936,1,115.4475,GBP
2010-01-15 00:00:00,2010-01-23 00:00:00,726,32577,1,115.4475,GBP
2010-01-15 00:00:00,2010-01-23 00:00:00,726,33308,1,115.4475,USD
2010-01-15 00:00:00,2010-01-23 00:00:00,726,33830,3,346.3425,GBP
2010-01-15 00:00:00,2010-01-23 00:00:00,726,34601,1,115.4475,USD
2010-01-15 00:00:00,2010-01-23 00:00:00,726,34610,1,115.4475,USD
2010-01-15 00:00:00,2010-01-23 00:00:00,726,35053,1,115.4475,GBP
2010-01-15 00:00:00,2010-01-23 00:00:00,726,35202,1,115.4475,USD
2010-01-15 00:00:00,2010-01-23 00:00:00,726,37040,1,115.4475,GBP
2010-01-15 00:00:00,2010-01-23 00:00:00,726,37075,1,115.4475,GBP
2010-01-15 00:00:00,2010-01-23 00:00:00,726,37150,1,115.4475,GBP
2010-01-15 00:00:00,2010-01-23 00:00:00,726,38478,1,115.4475,USD
2010-01-15 00:00:00,2010-01-23 00:00:00,726,40962,1,115.4475,GBP
2010-01-15 00:00:00,2010-01-23 00:00:00,726,42041,1,115.4475,GBP
2010-01-15 00:00:00,2010-01-23 00:00:00,726,47041,1,115.4475,USD
2010-01-15 00:00:00,2010-01-23 00:00:00,726,47118,1,115.4475,USD
2010-01-15 00:00:00,2010-01-23 00:00:00,726,50131,1,115.4475,USD
2010-01-15 00:00:00,2010-01-23 00:00:00,726,52627,1,115.4475,GBP
2010-01-15 00:00:00,2010-01-23 00:00:00,726,53073,1,115.4475,USD
2010-01-15 00:00:00,2010-01-23 00:00:00,726,64454,1,115.4475,GBP
2010-01-15 00:00:00,2010-01-23 00:00:00,726,70433,2,230.895,USD
2010-01-15 00:00:00,2010-01-23 00:00:00,726,70445,2,230.895,USD
2010-01-15 00:00:00,2010-01-23 00:00:00,726,70819,1,115.4475,GBP
2010-01-15 00:00:00,2010-01-23 00:00:00,726,71225,1,115.4475,GBP
2010-01-15 00:00:00,2010-01-23 00:00:00,726,71291,1,115.4475,GBP
2010-01-15 00:00:00,2010-01-23 00:00:00,726,72401,1,115.4475,GBP
2010-01-15 00:00:00,2010-01-23 00:00:00,726,73099,1,115.4475,USD
2010-01-15 00:00:00,2010-01-23 00:00:00,726,75602,1,115.4475,USD
2010-01-15 00:00:00,2010-01-23 00:00:00,726,75951,1,115.4475,USD
2010-01-15 00:00:00,2010-01-23 00:00:00,726,77433,1,115.4475,GBP
2010-01-15 00:00:00,2010-01-23 00:00:00,726,78840,1,115.4475,USD
2010-01-15 00:00:00,2010-01-23 00:00:00,726,79347,1,115.4475,GBP
2010-01-15 00:00:00,2010-01-23 00:00:00,726,79501,1,115.4475,GBP
2010-01-15 00:00:00,2010-01-23 00:00:00,726,79608,1,115.4475,GBP
2010-01-15 00:00:00,2010-01-23 00:00:00,726,84074,1,115.4475,GBP
2010-01-15 00:00:00,2010-01-23 00:00:00,726,85308,1,115.4475,USD
2010-01-15 00:00:00,2010-01-23 00:00:00,726,89410,1,115.4475,GBP
2010-01-15 00:00:00,2010-01-23 00:00:00,726,91208,1,115.4475,USD
2010-01-15 00:00:00,2010-01-23 00:00:00,726,91411,1,115.4475,USD
2010-01-15 00:00:00,2010-01-23 00:00:00,726,95672,1,115.4475,GBP
2010-01-15 00:00:00,2010-01-23 00:00:00,726,97124,1,115.4475,USD
2010-01-15 00:00:00,2010-01-23 00:00:00,727,02767,1,62.9475,GBP
2010-01-15 00:00:00,2010-01-23 00:00:00,727,05257,2,125.895,GBP
2010-01-15 00:00:00,2010-01-23 00:00:00,727,06413,1,62.9475,USD
2010-01-15 00:00:00,2010-01-23 00:00:00,727,07457,1,62.9475,USD
2010-01-15 00:00:00,2010-01-23 00:00:00,727,07921,1,62.9475,GBP
2010-01-15 00:00:00,2010-01-23 00:00:00,727,20611,1,62.9475,GBP
2010-01-15 00:00:00,2010-01-23 00:00:00,727,20705,1,62.9475,USD
2010-01-15 00:00:00,2010-01-23 00:00:00,727,21037,1,62.9475,GBP
2010-01-15 00:00:00,2010-01-23 00:00:00,727,21037,1,251.79,USD
2010-01-15 00:00:00,2010-01-23 00:00:00,727,21776,1,68.1975,GBP
2010-01-15 00:00:00,2010-01-23 00:00:00,727,29153,1,62.9475,GBP
2010-01-15 00:00:00,2010-01-23 00:00:00,727,32963,1,68.1975,GBP
2010-01-15 00:00:00,2010-01-23 00:00:00,727,33304,1,62.9475,GBP
2010-01-15 00:00:00,2010-01-23 00:00:00,727,33811,2,136.395,GBP
2010-01-15 00:00:00,2010-01-23 00:00:00,727,34609,1,68.1975,GBP
2010-01-15 00:00:00,2010-01-23 00:00:00,727,35226,1,62.9475,GBP
2010-01-15 00:00:00,2010-01-23 00:00:00,727,36080,1,62.9475,GBP
2010-01-15 00:00:00,2010-01-23 00:00:00,727,37617,1,62.9475,GBP
2010-01-15 00:00:00,2010-01-23 00:00:00,727,46311,1,68.1975,GBP
2010-01-15 00:00:00,2010-01-23 00:00:00,727,56312,1,62.9475,GBP
2010-01-15 00:00:00,2010-01-23 00:00:00,727,63044,1,62.9475,USD
2010-01-15 00:00:00,2010-01-23 00:00:00,727,70458,1,62.9475,GBP
2010-01-15 00:00:00,2010-01-23 00:00:00,727,71749,1,62.9475,GBP
2010-01-15 00:00:00,2010-01-23 00:00:00,727,72214,1,62.9475,GBP
2010-01-15 00:00:00,2010-01-23 00:00:00,727,75751,1,62.9475,USD
2010-01-15 00:00:00,2010-01-23 00:00:00,727,75951,1,62.9475,GBP
2010-01-15 00:00:00,2010-01-23 00:00:00,727,76371,1,62.9475,GBP
2010-01-15 00:00:00,2010-01-23 00:00:00,727,77327,1,62.9475,GBP
2010-01-15 00:00:00,2010-01-23 00:00:00,727,77384,1,62.9475,USD
2010-01-15 00:00:00,2010-01-23 00:00:00,727,78840,1,62.9475,GBP
2010-01-15 00:00:00,2010-01-23 00:00:00,727,84403,1,62.9475,USD
2010-01-15 00:00:00,2010-01-23 00:00:00,727,85629,1,62.9475,GBP
2010-01-15 00:00:00,2010-01-23 00:00:00,727,86442,1,62.9475,GBP
2010-01-15 00:00:00,2010-01-23 00:00:00,727,87401,1,62.9475,GBP
2010-01-15 00:00:00,2010-01-23 00:00:00,727,90047,1,62.9475,USD
2010-01-15 00:00:00,2010-01-23 00:00:00,727,90250,1,62.9475,GBP
2010-01-15 00:00:00,2010-01-23 00:00:00,727,92313,1,62.9475,GBP
2010-01-15 00:00:00,2010-01-23 00:00:00,727,92504,1,62.9475,GBP
2010-01-15 00:00:00,2010-01-23 00:00:00,727,94518,1,62.9475,GBP
2010-01-15 00:00:00,2010-01-23 00:00:00,727,95966,1,62.9475,USD
2010-01-15 00:00:00,2010-01-23 00:00:00,727,97530,1,62.9475,GBP
2010-01-15 00:00:00,2010-01-23 00:00:00,728,01542,1,62.9475,USD
2010-01-15 00:00:00,2010-01-23 00:00:00,728,02332,1,62.9475,GBP
2010-01-15 00:00:00,2010-01-23 00:00:00,728,06359,1,62.9475,GBP
2010-01-15 00:00:00,2010-01-23 00:00:00,728,08302,1,62.9475,GBP
2010-01-15 00:00:00,2010-01-23 00:00:00,728,08332,1,62.9475,GBP
2010-01-15 00:00:00,2010-01-23 00:00:00,728,19709,1,62.9475,GBP
2010-01-15 00:00:00,2010-01-23 00:00:00,728,19947,1,68.1975,GBP
2010-01-15 00:00:00,2010-01-23 00:00:00,728,20656,1,62.9475,GBP
2010-01-15 00:00:00,2010-01-23 00:00:00,728,20720,2,125.895,USD
2010-01-15 00:00:00,2010-01-23 00:00:00,728,21037,1,62.9475,GBP
2010-01-15 00:00:00,2010-01-23 00:00:00,728,21037,1,125.895,USD
2010-01-15 00:00:00,2010-01-23 00:00:00,728,29323,1,62.9475,GBP
2010-01-15 00:00:00,2010-01-23 00:00:00,728,32750,1,62.9475,GBP
2010-01-15 00:00:00,2010-01-23 00:00:00,728,32967,1,62.9475,USD
2010-01-15 00:00:00,2010-01-23 00:00:00,728,35127,1,62.9475,GBP
2010-01-15 00:00:00,2010-01-23 00:00:00,728,35967,1,68.1975,GBP
2010-01-15 00:00:00,2010-01-23 00:00:00,728,37069,1,62.9475,GBP
2010-01-15 00:00:00,2010-01-23 00:00:00,728,40214,1,62.9475,GBP
2010-01-15 00:00:00,2010-01-23 00:00:00,728,65013,1,62.9475,GBP
2010-01-15 00:00:00,2010-01-23 00:00:00,728,68701,1,62.9475,GBP
2010-01-15 00:00:00,2010-01-23 00:00:00,728,70816,1,62.9475,GBP
2010-01-15 00:00:00,2010-01-23 00:00:00,728,72002,1,62.9475,GBP
2010-01-15 00:00:00,2010-01-23 00:00:00,728,72076,1,62.9475,USD
2010-01-15 00:00:00,2010-01-23 00:00:00,728,72214,1,62.9475,USD
2010-01-15 00:00:00,2010-01-23 00:00:00,728,73130,1,62.9475,GBP
2010-01-15 00:00:00,2010-01-23 00:00:00,728,75455,1,62.9475,GBP
2010-01-15 00:00:00,2010-01-23 00:00:00,728,76306,1,62.9475,GBP
2010-01-15 00:00:00,2010-01-23 00:00:00,728,77447,1,62.9475,GBP
2010-01-15 00:00:00,2010-01-23 00:00:00,728,78253,1,62.9475,GBP
2010-01-15 00:00:00,2010-01-23 00:00:00,728,78852,1,62.9475,GBP
2010-01-15 00:00:00,2010-01-23 00:00:00,728,84404,1,62.9475,GBP
2010-01-15 00:00:00,2010-01-23 00:00:00,728,85054,1,62.9475,GBP
2010-01-15 00:00:00,2010-01-23 00:00:00,728,85629,1,62.9475,GBP
2010-01-15 00:00:00,2010-01-23 00:00:00,728,86335,1,62.9475,GBP
2010-01-15 00:00:00,2010-01-23 00:00:00,728,89040,1,62.9475,GBP
2010-01-15 00:00:00,2010-01-23 00:00:00,728,90064,3,188.8425,USD
2010-01-15 00:00:00,2010-01-23 00:00:00,728,92324,1,62.9475,GBP
2010-01-15 00:00:00,2010-01-23 00:00:00,728,92504,1,62.9475,GBP
2010-01-15 00:00:00,2010-01-23 00:00:00,728,93023,1,68.1975,USD
2010-01-15 00:00:00,2010-01-23 00:00:00,728,93621,1,68.1975,GBP
2010-01-15 00:00:00,2010-01-23 00:00:00,728,94002,1,62.9475,GBP
2010-01-15 00:00:00,2010-01-23 00:00:00,728,94518,1,62.9475,GBP
2010-01-15 00:00:00,2010-01-23 00:00:00,728,95019,1,62.9475,GBP
2010-01-15 00:00:00,2010-01-23 00:00:00,728,95060,1,62.9475,GBP
2010-01-15 00:00:00,2010-01-23 00:00:00,728,95340,1,62.9475,GBP
2010-01-15 00:00:00,2010-01-23 00:00:00,728,95461,1,62.9475,USD
2010-01-15 00:00:00,2010-01-23 00:00:00,728,95688,1,62.9475,USD
2010-01-15 00:00:00,2010-01-23 00:00:00,728,95945,1,62.9475,GBP
2010-01-15 00:00:00,2010-01-23 00:00:00,728,97530,1,62.9475,USD
2010-01-15 00:00:00,2010-01-23 00:00:00,730,89129,1,301.8225,GBP
2010-01-15 00:00:00,2010-01-23 00:00:00,739,02830,1,170.5725,GBP
2010-01-15 00:00:00,2010-01-23 00:00:00,739,06076,1,170.5725,USD
2010-01-15 00:00:00,2010-01-23 00:00:00,739,07932,1,170.5725,GBP
2010-01-15 00:00:00,2010-01-23 00:00:00,739,21915,1,170.5725,GBP
2010-01-15 00:00:00,2010-01-23 00:00:00,739,29135,1,170.5725,USD
2010-01-15 00:00:00,2010-01-23 00:00:00,739,29579,1,170.5725,GBP
2010-01-15 00:00:00,2010-01-23 00:00:00,739,35226,1,170.5725,USD
2010-01-15 00:00:00,2010-01-23 00:00:00,739,35244,1,170.5725,GBP
2010-01-15 00:00:00,2010-01-23 00:00:00,739,35640,1,170.5725,GBP
2010-01-15 00:00:00,2010-01-23 00:00:00,739,37027,1,170.5725,GBP
2010-01-15 00:00:00,2010-01-23 00:00:00,739,38301,1,170.5725,GBP
2010-01-15 00:00:00,2010-01-23 00:00:00,739,39110,1,170.5725,GBP
2010-01-15 00:00:00,2010-01-23 00:00:00,739,77385,1,170.5725,GBP
2010-01-15 00:00:00,2010-01-23 00:00:00,739,91381,1,170.5725,GBP
2010-01-15 00:00:00,2010-01-23 00:00:00,739,92054,1,170.5725,GBP
2010-01-15 00:00:00,2010-01-23 00:00:00,739,92129,1,170.5725,USD
2010-01-15 00:00:00,2010-01-23 00:00:00,739,93035,1,170.5725,GBP
2010-01-15 00:00:00,2010-01-23 00:00:00,739,93550,1,170.5725,GBP
2010-01-15 00:00:00,2010-01-23 00:00:00,739,94022,1,170.5725,GBP
2010-01-15 00:00:00,2010-01-23 00:00:00,739,94024,1,170.5725,GBP
2010-01-15 00:00:00,2010-01-23 00:00:00,739,95249,1,170.5725,GBP
2010-01-15 00:00:00,2010-01-23 00:00:00,740,06076,1,170.5725,GBP
2010-01-15 00:00:00,2010-01-23 00:00:00,740,07604,1,170.5725,USD
2010-01-15 00:00:00,2010-01-23 00:00:00,740,21915,1,170.5725,USD
2010-01-15 00:00:00,2010-01-23 00:00:00,740,29135,1,170.5725,GBP
2010-01-15 00:00:00,2010-01-23 00:00:00,740,35640,1,170.5725,GBP
2010-01-15 00:00:00,2010-01-23 00:00:00,740,38313,1,170.5725,GBP
2010-01-15 00:00:00,2010-01-23 00:00:00,740,73071,1,170.5725,USD
2010-01-15 00:00:00,2010-01-23 00:00:00,740,76543,1,170.5725,USD
2010-01-15 00:00:00,2010-01-23 00:00:00,740,78263,2,341.145,GBP
2010-01-15 00:00:00,2010-01-23 00:00:00,740,79109,1,170.5725,USD
2010-01-15 00:00:00,2010-01-23 00:00:00,740,89108,1,170.5725,GBP
2010-01-15 00:00:00,2010-01-23 00:00:00,740,90201,1,170.5725,GBP
2010-01-15 00:00:00,2010-01-23 00:00:00,740,91304,1,170.5725,GBP
2010-01-15 00:00:00,2010-01-23 00:00:00,740,92592,1,170.5725,USD
2010-01-15 00:00:00,2010-01-23 00:00:00,740,97914,1,170.5725,GBP
2010-01-15 00:00:00,2010-01-23 00:00:00,744,94061,1,270.3225,GBP
2010-01-15 00:00:00,2010-01-23 00:00:00,747,87410,1,291.3225,GBP
2010-01-15 00:00:00,2010-01-23 00:00:00,748,75040,1,291.3225,USD
2010-01-15 00:00:00,2010-01-23 00:00:00,748,89118,1,291.3225,USD
2010-01-15 00:00:00,2010-01-23 00:00:00,748,89801,1,291.3225,USD
2010-01-15 00:00:00,2010-01-23 00:00:00,748,97007,1,291.3225,USD
2010-01-15 00:00:00,2010-01-23 00:00:00,748,97055,1,291.3225,GBP
2010-01-15 00:00:00,2010-01-23 00:00:00,753,08060,1,244.0725,GBP
2010-01-15 00:00:00,2010-01-23 00:00:00,753,21774,1,244.0725,GBP
2010-01-15 00:00:00,2010-01-23 00:00:00,753,35175,1,244.0725,GBP
2010-01-15 00:00:00,2010-01-23 00:00:00,753,85706,1,241.4475,GBP
2010-01-15 00:00:00,2010-01-23 00:00:00,753,90038,1,244.0725,GBP
2010-01-15 00:00:00,2010-01-23 00:00:00,753,91042,1,241.4475,GBP
2010-01-15 00:00:00,2010-01-23 00:00:00,753,92374,1,241.4475,GBP
2010-01-15 00:00:00,2010-01-23 00:00:00,753,93453,1,244.0725,USD
2010-01-15 00:00:00,2010-01-23 00:00:00,753,94561,1,244.0725,USD
2010-01-15 00:00:00,2010-01-23 00:00:00,753,95003,1,241.4475,GBP
2010-01-15 00:00:00,2010-01-23 00:00:00,753,97702,2,488.145,USD
2010-01-15 00:00:00,2010-01-23 00:00:00,754,08060,1,244.0725,USD
2010-01-15 00:00:00,2010-01-23 00:00:00,754,35175,1,244.0725,USD
2010-01-15 00:00:00,2010-01-23 00:00:00,754,37110,1,244.0725,GBP
2010-01-15 00:00:00,2010-01-23 00:00:00,754,37909,1,244.0725,USD
2010-01-15 00:00:00,2010-01-23 00:00:00,754,38040,1,244.0725,GBP
2010-01-15 00:00:00,2010-01-23 00:00:00,754,90038,1,244.0725,USD
2010-01-15 00:00:00,2010-01-23 00:00:00,754,91360,1,241.4475,GBP
2010-01-15 00:00:00,2010-01-23 00:00:00,754,92065,1,244.0725,USD
2010-01-15 00:00:00,2010-01-23 00:00:00,754,97702,2,488.145,USD
2010-01-15 00:00:00,2010-01-23 00:00:00,757,06437,2,167.895,GBP
2010-01-15 00:00:00,2010-01-23 00:00:00,757,07430,1,83.9475,GBP
2010-01-15 00:00:00,2010-01-23 00:00:00,757,08302,2,167.895,GBP
2010-01-15 00:00:00,2010-01-23 00:00:00,757,21015,1,83.9475,GBP
2010-01-15 00:00:00,2010-01-23 00:00:00,757,21111,2,167.895,USD
2010-01-15 00:00:00,2010-01-23 00:00:00,757,21875,1,83.9475,GBP
2010-01-15 00:00:00,2010-01-23 00:00:00,757,26039,1,83.9475,GBP
2010-01-15 00:00:00,2010-01-23 00:00:00,757,26105,1,83.9475,GBP
2010-01-15 00:00:00,2010-01-23 00:00:00,757,32732,1,83.9475,GBP
2010-01-15 00:00:00,2010-01-23 00:00:00,757,33311,1,83.9475,USD
2010-01-15 00:00:00,2010-01-23 00:00:00,757,33809,2,167.895,USD
2010-01-15 00:00:00,2010-01-23 00:00:00,757,34990,2,167.895,GBP
2010-01-15 00:00:00,2010-01-23 00:00:00,757,34996,1,83.9475,GBP
2010-01-15 00:00:00,2010-01-23 00:00:00,757,35023,1,83.9475,USD
2010-01-15 00:00:00,2010-01-23 00:00:00,757,36054,3,251.8425,USD
2010-01-15 00:00:00,2010-01-23 00:00:00,757,37188,1,83.9475,USD
2010-01-15 00:00:00,2010-01-23 00:00:00,757,37642,1,83.9475,GBP
2010-01-15 00:00:00,2010-01-23 00:00:00,757,37938,1,83.9475,USD
2010-01-15 00:00:00,2010-01-23 00:00:00,757,38025,1,83.9475,USD
2010-01-15 00:00:00,2010-01-23 00:00:00,757,38965,1,83.9475,GBP
2010-01-15 00:00:00,2010-01-23 00:00:00,757,39507,1,83.9475,GBP
2010-01-15 00:00:00,2010-01-23 00:00:00,757,40214,2,167.895,GBP
2010-01-15 00:00:00,2010-01-23 00:00:00,757,40701,1,83.9475,GBP
2010-01-15 00:00:00,2010-01-23 00:00:00,757,40831,1,83.9475,USD
2010-01-15 00:00:00,2010-01-23 00:00:00,757,41164,1,83.9475,USD
2010-01-15 00:00:00,2010-01-23 00:00:00,757,46408,1,83.9475,GBP
2010-01-15 00:00:00,2010-01-23 00:00:00,757,46807,1,83.9475,GBP
2010-01-15 00:00:00,2010-01-23 00:00:00,757,63129,1,83.9475,USD
2010-01-15 00:00:00,2010-01-23 00:00:00,757,63555,1,83.9475,GBP
2010-01-15 00:00:00,2010-01-23 00:00:00,757,67209,1,83.9475,GBP
2010-01-15 00:00:00,2010-01-23 00:00:00,757,67337,1,83.9475,GBP
2010-01-15 00:00:00,2010-01-23 00:00:00,757,68467,1,83.9475,USD
2010-01-15 00:00:00,2010-01-23 00:00:00,757,70427,1,83.9475,USD
2010-01-15 00:00:00,2010-01-23 00:00:00,757,70506,1,83.9475,GBP
2010-01-15 00:00:00,2010-01-23 00:00:00,757,71227,1,83.9475,GBP
2010-01-15 00:00:00,2010-01-23 00:00:00,757,71472,1,83.9475,GBP
2010-01-15 00:00:00,2010-01-23 00:00:00,757,71646,1,83.9475,USD
2010-01-15 00:00:00,2010-01-23 00:00:00,757,73026,1,83.9475,GBP
2010-01-15 00:00:00,2010-01-23 00:00:00,757,75140,1,83.9475,GBP
2010-01-15 00:00:00,2010-01-23 00:00:00,757,75762,1,83.9475,USD
2010-01-15 00:00:00,2010-01-23 00:00:00,757,76179,1,83.9475,GBP
2010-01-15 00:00:00,2010-01-23 00:00:00,757,77346,1,83.9475,GBP
2010-01-15 00:00:00,2010-01-23 00:00:00,757,77384,1,83.9475,GBP
2010-01-15 00:00:00,2010-01-23 00:00:00,757,84092,1,83.9475,GBP
2010-01-15 00:00:00,2010-01-23 00:00:00,757,85203,1,83.9475,GBP
2010-01-15 00:00:00,2010-01-23 00:00:00,757,85718,1,83.9475,USD
2010-01-15 00:00:00,2010-01-23 00:00:00,757,91350,1,83.9475,GBP
2010-01-15 00:00:00,2010-01-23 00:00:00,757,92508,1,83.9475,GBP
2010-01-15 00:00:00,2010-01-23 00:00:00,757,93621,1,83.9475,GBP
2010-01-15 00:00:00,2010-01-23 00:00:00,757,94947,1,83.9475,USD
2010-01-15 00:00:00,2010-01-23 00:00:00,758,07083,1,83.9475,USD
2010-01-15 00:00:00,2010-01-23 00:00:00,758,08093,1,83.9475,USD
2010-01-15 00:00:00,2010-01-23 00:00:00,758,08215,1,83.9475,USD
2010-01-15 00:00:00,2010-01-23 00:00:00,758,21122,1,83.9475,USD
2010-01-15 00:00:00,2010-01-23 00:00:00,758,25019,1,83.9475,USD
2010-01-15 00:00:00,2010-01-23 00:00:00,758,29072,1,83.9475,USD
2010-01-15 00:00:00,2010-01-23 00:00:00,758,29554,1,83.9475,USD
2010-01-15 00:00:00,2010-01-23 00:00:00,758,29928,1,83.9475,USD
2010-01-15 00:00:00,2010-01-23 00:00:00,758,33801,1,83.9475,GBP
2010-01-15 00:00:00,2010-01-23 00:00:00,758,34602,1,83.9475,USD
2010-01-15 00:00:00,2010-01-23 00:00:00,758,34983,1,83.9475,USD
2010-01-15 00:00:00,2010-01-23 00:00:00,758,35023,1,83.9475,GBP
2010-01-15 00:00:00,2010-01-23 00:00:00,758,35111,1,83.9475,USD
2010-01-15 00:00:00,2010-01-23 00:00:00,758,35127,1,83.9475,GBP
2010-01-15 00:00:00,2010-01-23 00:00:00,758,35674,1,83.9475,USD
2010-01-15 00:00:00,2010-01-23 00:00:00,758,37075,2,167.895,GBP
2010-01-15 00:00:00,2010-01-23 00:00:00,758,37172,1,83.9475,USD
2010-01-15 00:00:00,2010-01-23 00:00:00,758,38344,1,83.9475,USD
2010-01-15 00:00:00,2010-01-23 00:00:00,758,38369,1,83.9475,GBP
2010-01-15 00:00:00,2010-01-23 00:00:00,758,38464,1,83.9475,GBP
2010-01-15 00:00:00,2010-01-23 00:00:00,758,39507,1,83.9475,GBP
2010-01-15 00:00:00,2010-01-23 00:00:00,758,39629,1,83.9475,USD
2010-01-15 00:00:00,2010-01-23 00:00:00,758,41267,1,83.9475,USD
2010-01-15 00:00:00,2010-01-23 00:00:00,758,46307,1,83.9475,GBP
2010-01-15 00:00:00,2010-01-23 00:00:00,758,50109,1,83.9475,USD
2010-01-15 00:00:00,2010-01-23 00:00:00,758,63390,1,83.9475,USD
2010-01-15 00:00:00,2010-01-23 00:00:00,758,70001,1,83.9475,USD
2010-01-15 00:00:00,2010-01-23 00:00:00,758,70441,1,83.9475,USD
2010-01-15 00:00:00,2010-01-23 00:00:00,758,70443,1,83.9475,USD
2010-01-15 00:00:00,2010-01-23 00:00:00,758,71486,1,83.9475,USD
2010-01-15 00:00:00,2010-01-23 00:00:00,758,72315,1,83.9475,USD
2010-01-15 00:00:00,2010-01-23 00:00:00,758,72811,1,83.9475,GBP
2010-01-15 00:00:00,2010-01-23 00:00:00,758,73049,1,83.9475,GBP
2010-01-15 00:00:00,2010-01-23 00:00:00,758,74047,1,83.9475,USD
2010-01-15 00:00:00,2010-01-23 00:00:00,758,75028,1,83.9475,USD
2010-01-15 00:00:00,2010-01-23 00:00:00,758,75140,1,83.9475,GBP
2010-01-15 00:00:00,2010-01-23 00:00:00,758,75951,1,83.9475,USD
2010-01-15 00:00:00,2010-01-23 00:00:00,758,75961,1,83.9475,USD
2010-01-15 00:00:00,2010-01-23 00:00:00,758,77378,1,83.9475,GBP
2010-01-15 00:00:00,2010-01-23 00:00:00,758,77384,1,83.9475,USD
2010-01-15 00:00:00,2010-01-23 00:00:00,758,77619,1,83.9475,USD
2010-01-15 00:00:00,2010-01-23 00:00:00,758,85054,1,83.9475,USD
2010-01-15 00:00:00,2010-01-23 00:00:00,758,88220,1,83.9475,GBP
2010-01-15 00:00:00,2010-01-23 00:00:00,758,91710,1,83.9475,GBP
2010-01-15 00:00:00,2010-01-23 00:00:00,758,92509,1,83.9475,USD
2010-01-15 00:00:00,2010-01-23 00:00:00,758,93306,2,167.895,USD
2010-01-15 00:00:00,2010-01-23 00:00:00,758,93960,1,83.9475,GBP
2010-01-15 00:00:00,2010-01-23 00:00:00,758,94044,1,83.9475,USD
2010-01-15 00:00:00,2010-01-23 00:00:00,758,95422,1,83.9475,GBP
2010-01-15 00:00:00,2010-01-23 00:00:00,758,97045,1,83.9475,USD
2010-01-15 00:00:00,2010-01-23 00:00:00,758,97502,1,83.9475,USD
2010-01-15 00:00:00,2010-01-23 00:00:00,767,02061,1,104.9475,GBP
2010-01-15 00:00:00,2010-01-23 00:00:00,767,07866,1,104.9475,GBP
2010-01-15 00:00:00,2010-01-23 00:00:00,767,07950,1,104.9475,GBP
2010-01-15 00:00:00,2010-01-23 00:00:00,767,19808,1,104.9475,GBP
2010-01-15 00:00:00,2010-01-23 00:00:00,767,21037,1,104.9475,GBP
2010-01-15 00:00:00,2010-01-23 00:00:00,767,21037,1,209.895,USD
2010-01-15 00:00:00,2010-01-23 00:00:00,767,21078,1,104.9475,GBP
2010-01-15 00:00:00,2010-01-23 00:00:00,767,29161,1,104.9475,USD
2010-01-15 00:00:00,2010-01-23 00:00:00,767,29422,1,104.9475,USD
2010-01-15 00:00:00,2010-01-23 00:00:00,767,29910,1,104.9475,GBP
2010-01-15 00:00:00,2010-01-23 00:00:00,767,32404,1,104.9475,USD
2010-01-15 00:00:00,2010-01-23 00:00:00,767,32615,1,104.9475,USD
2010-01-15 00:00:00,2010-01-23 00:00:00,767,34997,2,209.895,GBP
2010-01-15 00:00:00,2010-01-23 00:00:00,767,35042,1,104.9475,GBP
2010-01-15 00:00:00,2010-01-23 00:00:00,767,35071,1,104.9475,GBP
2010-01-15 00:00:00,2010-01-23 00:00:00,767,36301,1,104.9475,USD
2010-01-15 00:00:00,2010-01-23 00:00:00,767,37334,1,104.9475,USD
2010-01-15 00:00:00,2010-01-23 00:00:00,767,37617,1,104.9475,GBP
2010-01-15 00:00:00,2010-01-23 00:00:00,767,37813,1,104.9475,USD
2010-01-15 00:00:00,2010-01-23 00:00:00,767,37873,1,104.9475,USD
2010-01-15 00:00:00,2010-01-23 00:00:00,767,38040,1,104.9475,USD
2010-01-15 00:00:00,2010-01-23 00:00:00,767,38946,1,104.9475,USD
2010-01-15 00:00:00,2010-01-23 00:00:00,767,39110,1,104.9475,GBP
2010-01-15 00:00:00,2010-01-23 00:00:00,767,40444,1,104.9475,GBP
2010-01-15 00:00:00,2010-01-23 00:00:00,767,42453,1,104.9475,GBP
2010-01-15 00:00:00,2010-01-23 00:00:00,767,46350,1,104.9475,GBP
2010-01-15 00:00:00,2010-01-23 00:00:00,767,67853,1,104.9475,USD
2010-01-15 00:00:00,2010-01-23 00:00:00,767,72120,1,104.9475,USD
2010-01-15 00:00:00,2010-01-23 00:00:00,767,75154,1,104.9475,GBP
2010-01-15 00:00:00,2010-01-23 00:00:00,767,76087,1,104.9475,GBP
2010-01-15 00:00:00,2010-01-23 00:00:00,767,77511,1,102.3225,GBP
2010-01-15 00:00:00,2010-01-23 00:00:00,767,91744,1,104.9475,GBP
2010-01-15 00:00:00,2010-01-23 00:00:00,767,92373,2,209.895,GBP
2010-01-15 00:00:00,2010-01-23 00:00:00,767,93035,1,104.9475,GBP
2010-01-15 00:00:00,2010-01-23 00:00:00,767,93240,1,104.9475,GBP
2010-01-15 00:00:00,2010-01-23 00:00:00,767,94587,1,104.9475,USD
2010-01-15 00:00:00,2010-01-23 00:00:00,767,96032,1,104.9475,GBP
2010-01-15 00:00:00,2010-01-23 00:00:00,768,02532,1,104.9475,USD
2010-01-15 00:00:00,2010-01-23 00:00:00,768,07074,1,104.9475,USD
2010-01-15 00:00:00,2010-01-23 00:00:00,768,08053,1,104.9475,GBP
2010-01-15 00:00:00,2010-01-23 00:00:00,768,21037,1,314.84250000000003,GBP
2010-01-15 00:00:00,2010-01-23 00:00:00,768,21037,1,314.84250000000003,USD
2010-01-15 00:00:00,2010-01-23 00:00:00,768,21078,1,104.9475,GBP
2010-01-15 00:00:00,2010-01-23 00:00:00,768,21921,1,104.9475,GBP
2010-01-15 00:00:00,2010-01-23 00:00:00,768,26060,1,104.9475,USD
2010-01-15 00:00:00,2010-01-23 00:00:00,768,29341,1,104.9475,USD
2010-01-15 00:00:00,2010-01-23 00:00:00,768,29422,1,104.9475,GBP
2010-01-15 00:00:00,2010-01-23 00:00:00,768,29455,1,102.3225,GBP
2010-01-15 00:00:00,2010-01-23 00:00:00,768,29577,1,104.9475,USD
2010-01-15 00:00:00,2010-01-23 00:00:00,768,33018,1,104.9475,GBP
2010-01-15 00:00:00,2010-01-23 00:00:00,768,35063,1,102.3225,USD
2010-01-15 00:00:00,2010-01-23 00:00:00,768,37873,1,104.9475,USD
2010-01-15 00:00:00,2010-01-23 00:00:00,768,38008,2,209.895,USD
2010-01-15 00:00:00,2010-01-23 00:00:00,768,38344,1,104.9475,USD
2010-01-15 00:00:00,2010-01-23 00:00:00,768,38829,1,104.9475,GBP
2010-01-15 00:00:00,2010-01-23 00:00:00,768,38965,1,102.3225,USD
2010-01-15 00:00:00,2010-01-23 00:00:00,768,41555,1,104.9475,GBP
2010-01-15 00:00:00,2010-01-23 00:00:00,768,42453,1,104.9475,USD
2010-01-15 00:00:00,2010-01-23 00:00:00,768,46350,1,104.9475,GBP
2010-01-15 00:00:00,2010-01-23 00:00:00,768,71107,1,104.9475,USD
2010-01-15 00:00:00,2010-01-23 00:00:00,768,77355,1,104.9475,USD
2010-01-15 00:00:00,2010-01-23 00:00:00,768,78552,1,104.9475,GBP
2010-01-15 00:00:00,2010-01-23 00:00:00,768,78691,1,104.9475,USD
2010-01-15 00:00:00,2010-01-23 00:00:00,768,85020,1,104.9475,USD
2010-01-15 00:00:00,2010-01-23 00:00:00,768,92111,1,104.9475,USD
2010-01-15 00:00:00,2010-01-23 00:00:00,768,92504,2,209.895,GBP
2010-01-15 00:00:00,2010-01-23 00:00:00,768,92630,1,104.9475,USD
2010-01-15 00:00:00,2010-01-23 00:00:00,768,93012,1,104.9475,GBP
2010-01-15 00:00:00,2010-01-23 00:00:00,768,93550,2,209.895,USD
2010-01-15 00:00:00,2010-01-23 00:00:00,768,94971,1,104.9475,USD
2010-01-15 00:00:00,2010-01-23 00:00:00,768,95006,1,104.9475,USD
2010-01-15 00:00:00,2010-01-23 00:00:00,769,07206,1,257.1975,GBP
2010-01-15 00:00:00,2010-01-23 00:00:00,769,25670,1,257.1975,GBP
2010-01-15 00:00:00,2010-01-23 00:00:00,769,29040,1,257.1975,GBP
2010-01-15 00:00:00,2010-01-23 00:00:00,769,33166,2,514.395,GBP
2010-01-15 00:00:00,2010-01-23 00:00:00,769,33315,1,257.1975,GBP
2010-01-15 00:00:00,2010-01-23 00:00:00,769,34275,1,257.1975,GBP
2010-01-15 00:00:00,2010-01-23 00:00:00,769,46158,1,257.1975,GBP
2010-01-15 00:00:00,2010-01-23 00:00:00,769,64505,1,257.1975,GBP
2010-01-15 00:00:00,2010-01-23 00:00:00,769,67212,1,257.1975,GBP
2010-01-15 00:00:00,2010-01-23 00:00:00,769,70427,1,257.1975,GBP
2010-01-15 00:00:00,2010-01-23 00:00:00,769,70571,1,257.1975,GBP
2010-01-15 00:00:00,2010-01-23 00:00:00,769,75457,1,257.1975,GBP
2010-01-15 00:00:00,2010-01-23 00:00:00,769,84074,1,257.1975,GBP
2010-01-15 00:00:00,2010-01-23 00:00:00,769,84121,1,257.1975,USD
2010-01-15 00:00:00,2010-01-23 00:00:00,769,92612,1,257.1975,GBP
2010-01-15 00:00:00,2010-01-23 00:00:00,769,93638,1,257.1975,GBP
2010-01-15 00:00:00,2010-01-23 00:00:00,769,95363,1,257.1975,USD
2010-01-15 00:00:00,2010-01-23 00:00:00,769,95492,1,257.1975,GBP
2010-01-15 00:00:00,2010-01-23 00:00:00,769,97128,1,257.1975,USD
2010-01-15 00:00:00,2010-01-23 00:00:00,769,97701,1,257.1975,USD
2010-01-15 00:00:00,2010-01-23 00:00:00,770,29625,1,257.1975,GBP
2010-01-15 00:00:00,2010-01-23 00:00:00,770,33469,1,257.1975,GBP
2010-01-15 00:00:00,2010-01-23 00:00:00,770,38356,1,257.1975,USD
2010-01-15 00:00:00,2010-01-23 00:00:00,770,65583,1,257.1975,USD
2010-01-15 00:00:00,2010-01-23 00:00:00,770,84121,1,257.1975,USD
2010-01-15 00:00:00,2010-01-23 00:00:00,770,89130,1,257.1975,USD
2010-01-15 00:00:00,2010-01-23 00:00:00,770,92612,1,257.1975,GBP
2010-01-15 00:00:00,2010-01-23 00:00:00,771,53023,1,165.3225,GBP
2010-01-15 00:00:00,2010-01-23 00:00:00,771,89014,1,165.3225,USD
2010-01-15 00:00:00,2010-01-23 00:00:00,771,92620,1,165.3225,USD
2010-01-15 00:00:00,2010-01-23 00:00:00,771,92845,1,165.3225,USD
2010-01-15 00:00:00,2010-01-23 00:00:00,771,93030,1,165.3225,USD
2010-01-15 00:00:00,2010-01-23 00:00:00,771,97739,1,165.3225,GBP
2010-01-15 00:00:00,2010-01-23 00:00:00,772,32738,1,165.3225,GBP
2010-01-15 00:00:00,2010-01-23 00:00:00,772,32940,1,165.3225,GBP
2010-01-15 00:00:00,2010-01-23 00:00:00,772,41042,1,165.3225,GBP
2010-01-15 00:00:00,2010-01-23 00:00:00,772,91730,1,165.3225,GBP
2010-01-15 00:00:00,2010-01-23 00:00:00,772,92805,1,165.3225,GBP
2010-01-15 00:00:00,2010-01-23 00:00:00,772,92886,1,165.3225,GBP
2010-01-15 00:00:00,2010-01-23 00:00:00,772,95449,1,165.3225,GBP
2010-01-15 00:00:00,2010-01-23 00:00:00,772,97739,1,165.3225,GBP
2010-01-15 00:00:00,2010-01-23 00:00:00,795,21532,1,272.9475,USD
2010-01-15 00:00:00,2010-01-23 00:00:00,795,70770,1,275.5725,USD
2010-01-15 00:00:00,2010-01-23 00:00:00,795,75495,1,275.5725,GBP
2010-01-15 00:00:00,2010-01-23 00:00:00,795,86323,1,275.5725,GBP
2010-01-15 00:00:00,2010-01-23 00:00:00,795,91042,1,275.5725,USD
2010-01-15 00:00:00,2010-01-23 00:00:00,795,92131,1,275.5725,GBP
2010-01-15 00:00:00,2010-01-23 00:00:00,795,93427,1,275.5725,USD
2010-01-15 00:00:00,2010-01-23 00:00:00,795,95037,1,275.5725,USD
2010-01-15 00:00:00,2010-01-23 00:00:00,795,97062,1,275.5725,USD
2010-01-15 00:00:00,2010-01-23 00:00:00,795,97116,1,272.9475,GBP
2010-01-15 00:00:00,2010-01-23 00:00:00,796,29642,1,275.5725,USD
2010-01-15 00:00:00,2010-01-23 00:00:00,796,71902,1,275.5725,GBP
2010-01-15 00:00:00,2010-01-23 00:00:00,796,77520,1,267.6975,GBP
2010-01-15 00:00:00,2010-01-23 00:00:00,796,77546,1,275.5725,USD
2010-01-15 00:00:00,2010-01-23 00:00:00,796,85304,1,275.5725,GBP
2010-01-15 00:00:00,2010-01-23 00:00:00,796,86323,1,275.5725,GBP
2010-01-15 00:00:00,2010-01-23 00:00:00,796,90815,1,275.5725,USD
2010-01-15 00:00:00,2010-01-23 00:00:00,796,92054,1,275.5725,GBP
2010-01-15 00:00:00,2010-01-23 00:00:00,796,92067,1,275.5725,GBP
2010-01-15 00:00:00,2010-01-23 00:00:00,796,92346,1,275.5725,GBP
2010-01-15 00:00:00,2010-01-23 00:00:00,796,92373,2,551.145,USD
2010-01-15 00:00:00,2010-01-23 00:00:00,796,92624,2,551.145,USD
2010-01-15 00:00:00,2010-01-23 00:00:00,796,93065,1,275.5725,GBP
2010-01-15 00:00:00,2010-01-23 00:00:00,796,95351,1,275.5725,USD
2010-01-15 00:00:00,2010-01-23 00:00:00,796,95678,1,275.5725,USD
2010-01-15 00:00:00,2010-01-23 00:00:00,796,97224,1,275.5725,GBP
2010-01-15 00:00:00,2010-01-23 00:00:00,796,97303,1,275.5725,USD
2010-01-15 00:00:00,2010-01-23 00:00:00,797,08062,1,301.8225,GBP
2010-01-15 00:00:00,2010-01-23 00:00:00,797,08302,1,301.8225,USD
2010-01-15 00:00:00,2010-01-23 00:00:00,797,20879,1,301.8225,USD
2010-01-15 00:00:00,2010-01-23 00:00:00,797,35405,1,301.8225,USD
2010-01-15 00:00:00,2010-01-23 00:00:00,797,46750,1,301.8225,GBP
2010-01-15 00:00:00,2010-01-23 00:00:00,797,78731,1,301.8225,USD
2010-01-15 00:00:00,2010-01-23 00:00:00,797,79316,1,301.8225,USD
2010-01-15 00:00:00,2010-01-23 00:00:00,797,83442,1,301.8225,GBP
2010-01-15 00:00:00,2010-01-23 00:00:00,797,85027,1,301.8225,GBP
2010-01-15 00:00:00,2010-01-23 00:00:00,797,91350,1,301.8225,GBP
2010-01-15 00:00:00,2010-01-23 00:00:00,797,91352,1,301.8225,GBP
2010-01-15 00:00:00,2010-01-23 00:00:00,797,91754,1,301.8225,USD
2010-01-15 00:00:00,2010-01-23 00:00:00,797,91977,1,301.8225,GBP
2010-01-15 00:00:00,2010-01-23 00:00:00,797,92392,1,301.8225,USD
2010-01-15 00:00:00,2010-01-23 00:00:00,797,92508,1,301.8225,USD
2010-01-15 00:00:00,2010-01-23 00:00:00,797,92705,3,905.4675,GBP
2010-01-15 00:00:00,2010-01-23 00:00:00,797,93022,1,301.8225,USD
2010-01-15 00:00:00,2010-01-23 00:00:00,797,94928,1,301.8225,GBP
2010-01-15 00:00:00,2010-01-23 00:00:00,797,95008,1,301.8225,GBP
2010-01-15 00:00:00,2010-01-23 00:00:00,797,95482,2,603.645,USD
2010-01-15 00:00:00,2010-01-23 00:00:00,797,97058,1,301.8225,GBP
2010-01-15 00:00:00,2010-01-23 00:00:00,797,97368,1,301.8225,USD
2010-01-15 00:00:00,2010-01-23 00:00:00,801,95820,1,291.3225,USD
2010-01-15 00:00:00,2010-01-23 00:00:00,823,94587,1,619.4475,GBP
2010-01-15 00:00:00,2010-01-23 00:00:00,838,29579,1,944.9475,GBP
2010-01-15 00:00:00,2010-01-23 00:00:00,838,32940,1,934.4475,GBP
2010-01-15 00:00:00,2010-01-23 00:00:00,838,33033,1,934.4475,USD
2010-01-15 00:00:00,2010-01-23 00:00:00,838,33947,1,944.9475,USD
2010-01-15 00:00:00,2010-01-23 00:00:00,838,35952,1,918.6975,GBP
2010-01-15 00:00:00,2010-01-23 00:00:00,838,75080,1,944.9475,USD
2010-01-15 00:00:00,2010-01-23 00:00:00,838,77067,1,934.4475,USD
2010-01-15 00:00:00,2010-01-23 00:00:00,838,78233,1,929.1975,GBP
2010-01-15 00:00:00,2010-01-23 00:00:00,838,92647,1,929.1975,USD
2010-01-15 00:00:00,2010-01-23 00:00:00,838,93543,1,934.4475,USD
2010-01-15 00:00:00,2010-01-23 00:00:00,838,94112,1,934.4475,USD
2010-01-15 00:00:00,2010-01-23 00:00:00,838,97018,1,944.9475,USD
2010-01-15 00:00:00,2010-01-23 00:00:00,847,32060,1,603.6975,USD
2010-01-15 00:00:00,2010-01-23 00:00:00,847,46385,1,603.6975,GBP
2010-01-15 00:00:00,2010-01-23 00:00:00,847,92117,1,603.6975,USD
2010-01-15 00:00:00,2010-01-23 00:00:00,852,89822,1,761.1975,GBP
2010-01-15 00:00:00,2010-01-23 00:00:00,853,90045,1,456.6975,GBP
2010-01-15 00:00:00,2010-01-23 00:00:00,862,34241,1,304.4475,USD
2010-01-15 00:00:00,2010-01-23 00:00:00,862,35956,1,209.9475,USD
2010-01-15 00:00:00,2010-01-23 00:00:00,862,55432,4,839.79,USD
2010-01-15 00:00:00,2010-01-23 00:00:00,901,33713,1,409.4475,GBP
2010-01-15 00:00:00,2010-01-23 00:00:00,901,46240,1,409.4475,GBP
2010-01-15 00:00:00,2010-01-23 00:00:00,901,46240,1,409.4475,USD
2010-01-15 00:00:00,2010-01-23 00:00:00,901,57706,1,409.4475,USD
2010-01-15 00:00:00,2010-01-23 00:00:00,901,57717,1,409.4475,USD
2010-01-15 00:00:00,2010-01-23 00:00:00,901,63127,1,409.4475,USD
2010-01-15 00:00:00,2010-01-23 00:00:00,901,70535,1,409.4475,USD
2010-01-15 00:00:00,2010-01-23 00:00:00,901,72756,1,409.4475,GBP
2010-01-15 00:00:00,2010-01-23 00:00:00,901,83440,1,409.4475,GBP
2010-01-15 00:00:00,2010-01-23 00:00:00,901,89103,1,409.4475,USD
2010-01-15 00:00:00,2010-01-23 00:00:00,901,92110,1,409.4475,GBP
2010-01-15 00:00:00,2010-01-23 00:00:00,901,92277,1,409.4475,USD
2010-01-15 00:00:00,2010-01-23 00:00:00,901,94019,1,409.4475,USD
2010-01-15 00:00:00,2010-01-23 00:00:00,910,75206,1,414.6975,USD
2010-01-15 00:00:00,2010-01-23 00:00:00,910,77042,1,414.6975,USD
2010-01-15 00:00:00,2010-01-23 00:00:00,921,01001,1,524.9475,GBP
2010-01-15 00:00:00,2010-01-23 00:00:00,921,33014,1,524.9475,GBP
2010-01-15 00:00:00,2010-01-23 00:00:00,921,53583,1,524.9475,GBP
2010-01-15 00:00:00,2010-01-23 00:00:00,922,33069,1,472.4475,USD
2010-01-15 00:00:00,2010-01-23 00:00:00,922,33830,1,472.4475,USD
2010-01-15 00:00:00,2010-01-23 00:00:00,922,34994,1,472.4475,GBP
2010-01-15 00:00:00,2010-01-23 00:00:00,922,78666,1,472.4475,GBP
2010-01-15 00:00:00,2010-01-23 00:00:00,922,90292,1,472.4475,GBP
2010-01-15 00:00:00,2010-01-23 00:00:00,922,91360,1,472.4475,USD
2010-01-15 00:00:00,2010-01-23 00:00:00,922,94115,1,472.4475,USD
2010-01-15 00:00:00,2010-01-23 00:00:00,932,33498,1,430.4475,USD
2010-01-15 00:00:00,2010-01-23 00:00:00,935,72110,1,488.1975,GBP
2010-01-15 00:00:00,2010-01-23 00:00:00,936,32666,1,498.6975,GBP
2010-01-15 00:00:00,2010-01-23 00:00:00,936,33413,1,498.6975,GBP
2010-01-15 00:00:00,2010-01-23 00:00:00,936,33458,1,498.6975,USD
2010-01-15 00:00:00,2010-01-23 00:00:00,936,91344,1,498.6975,GBP
2010-01-15 00:00:00,2010-01-23 00:00:00,936,92065,1,498.6975,GBP
2010-01-15 00:00:00,2010-01-23 00:00:00,936,92083,1,498.6975,GBP
2010-01-15 00:00:00,2010-01-23 00:00:00,936,92129,1,498.6975,USD
2010-01-15 00:00:00,2010-01-23 00:00:00,940,33952,1,687.6975,GBP
2010-01-15 00:00:00,2010-01-23 00:00:00,940,72211,1,687.6975,USD
2010-01-15 00:00:00,2010-01-23 00:00:00,940,77066,1,671.9475,USD
2010-01-15 00:00:00,2010-01-23 00:00:00,940,85251,1,671.9475,GBP
2010-01-15 00:00:00,2010-01-23 00:00:00,940,94566,1,687.6975,GBP
2010-01-15 00:00:00,2010-01-23 00:00:00,952,01540,1,262.4475,GBP
2010-01-15 00:00:00,2010-01-23 00:00:00,952,05701,1,262.4475,GBP
2010-01-15 00:00:00,2010-01-23 00:00:00,952,32082,1,299.1975,GBP
2010-01-15 00:00:00,2010-01-23 00:00:00,952,95062,1,299.1975,USD
2010-01-15 00:00:00,2010-01-23 00:00:00,962,33015,1,509.1975,GBP
2010-01-15 00:00:00,2010-01-23 00:00:00,962,33182,1,524.9475,GBP
2010-01-15 00:00:00,2010-01-23 00:00:00,962,72015,1,524.9475,USD
2010-01-15 00:00:00,2010-01-23 00:00:00,962,78412,1,524.9475,USD
2010-01-15 00:00:00,2010-01-23 00:00:00,962,79924,1,524.9475,USD
2010-01-15 00:00:00,2010-01-23 00:00:00,964,32224,1,346.4475,GBP
2010-01-15 00:00:00,2010-01-23 00:00:00,964,33178,1,346.4475,GBP
2010-01-15 00:00:00,2010-01-23 00:00:00,964,33882,1,356.9475,USD
2010-01-15 00:00:00,2010-01-23 00:00:00,964,35083,1,346.4475,USD
2010-01-15 00:00:00,2010-01-23 00:00:00,964,76016,1,346.4475,USD
2010-01-15 00:00:00,2010-01-23 00:00:00,964,85607,1,356.9475,GBP
2010-01-15 00:00:00,2010-01-23 00:00:00,964,92126,1,356.9475,USD
2010-01-15 00:00:00,2010-01-23 00:00:00,964,93044,1,356.9475,GBP
2010-01-15 00:00:00,2010-01-23 00:00:00,964,97405,1,356.9475,USD
2010-01-15 00:00:00,2010-01-23 00:00:00,979,08270,1,409.4475,GBP
2010-01-15 00:00:00,2010-01-23 00:00:00,979,73556,1,409.4475,USD
2010-01-15 00:00:00,2010-01-23 00:00:00,979,97123,1,393.6975,GBP
2010-01-15 00:00:00,2010-01-23 00:00:00,981,35650,1,167.9475,USD
2010-01-15 00:00:00,2010-01-23 00:00:00,981,36106,1,167.9475,GBP
2010-01-15 00:00:00,2010-01-23 00:00:00,981,75236,1,167.9475,GBP
2010-01-15 00:00:00,2010-01-23 00:00:00,981,76063,1,157.4475,USD
2010-01-15 00:00:00,2010-01-23 00:00:00,981,90292,1,157.4475,USD
2010-01-15 00:00:00,2010-01-23 00:00:00,981,95825,1,167.9475,USD
2010-01-15 00:00:00,2010-01-23 00:00:00,989,32118,1,467.1975,USD
2010-01-15 00:00:00,2010-01-23 00:00:00,989,32124,1,451.4475,USD
2010-01-15 00:00:00,2010-01-23 00:00:00,989,41749,1,902.895,USD
2010-01-15 00:00:00,2010-01-23 00:00:00,989,72758,1,467.1975,GBP
2010-01-15 00:00:00,2010-01-23 00:00:00,989,78382,1,451.4475,USD
2010-01-15 00:00:00,2010-01-23 00:00:00,989,90241,1,451.4475,USD
2010-01-15 00:00:00,2010-01-23 00:00:00,989,97031,1,467.1975,USD
2010-01-15 00:00:00,2010-01-23 00:00:00,990,47714,1,456.6975,GBP
2010-01-15 00:00:00,2010-01-23 00:00:00,990,55448,1,524.9475,GBP
2010-01-15 00:00:00,2010-01-23 00:00:00,990,70433,1,503.9475,USD
2010-01-15 00:00:00,2010-01-23 00:00:00,990,78123,1,456.6975,USD
2010-01-15 00:00:00,2010-01-23 00:00:00,990,94501,1,524.9475,GBP
2010-01-15 00:00:00,2010-01-23 00:00:00,992,07734,1,314.9475,USD
2010-01-15 00:00:00,2010-01-23 00:00:00,992,29464,1,288.6975,GBP
2010-01-15 00:00:00,2010-01-23 00:00:00,992,33020,1,278.1975,GBP
2010-01-15 00:00:00,2010-01-23 00:00:00,992,33186,1,278.1975,USD
2010-01-15 00:00:00,2010-01-23 00:00:00,992,33565,1,278.1975,USD
2010-01-15 00:00:00,2010-01-23 00:00:00,992,34465,1,314.9475,USD
2010-01-15 00:00:00,2010-01-23 00:00:00,992,42240,1,288.6975,GBP
2010-01-15 00:00:00,2010-01-23 00:00:00,1003,29209,1,86.5725,GBP
2010-01-15 00:00:00,2010-01-23 00:00:00,1003,46616,1,86.5725,GBP
2010-01-15 00:00:00,2010-01-23 00:00:00,1003,47374,1,86.5725,GBP
2010-01-15 00:00:00,2010-01-23 00:00:00,1003,50317,1,86.5725,USD
2010-01-15 00:00:00,2010-01-23 00:00:00,1003,70047,1,86.5725,USD
2010-01-15 00:00:00,2010-01-23 00:00:00,1003,71072,1,86.5725,USD
2010-01-15 00:00:00,2010-01-23 00:00:00,1003,72211,1,86.5725,GBP
2010-01-15 00:00:00,2010-01-23 00:00:00,1005,21660,1,107.5725,USD
2010-01-15 00:00:00,2010-01-23 00:00:00,1005,34669,1,107.5725,GBP
2010-01-15 00:00:00,2010-01-23 00:00:00,1005,70818,1,107.5725,GBP
2010-01-15 00:00:00,2010-01-23 00:00:00,1005,77039,1,107.5725,USD
2010-01-15 00:00:00,2010-01-23 00:00:00,1005,77494,1,107.5725,USD
2010-01-15 00:00:00,2010-01-23 00:00:00,1005,84093,1,107.5725,USD
2010-01-15 00:00:00,2010-01-23 00:00:00,1005,94118,1,107.5725,USD
2010-01-15 00:00:00,2010-01-23 00:00:00,1008,33404,1,236.1975,GBP
2010-01-15 00:00:00,2010-01-23 00:00:00,1008,33626,1,236.1975,USD
2010-01-15 00:00:00,2010-01-23 00:00:00,1008,35906,1,236.1975,GBP
2010-01-15 00:00:00,2010-01-23 00:00:00,1008,36608,1,236.1975,GBP
2010-01-15 00:00:00,2010-01-23 00:00:00,1008,67133,1,236.1975,USD
2010-01-15 00:00:00,2010-01-23 00:00:00,1008,77041,1,230.9475,GBP
2010-01-15 00:00:00,2010-01-23 00:00:00,1008,85541,1,236.1975,USD
2010-01-15 00:00:00,2010-01-23 00:00:00,1008,90806,1,236.1975,USD
2010-01-15 00:00:00,2010-01-23 00:00:00,1008,92101,1,236.1975,USD
2010-01-15 00:00:00,2010-01-23 00:00:00,1014,29681,1,86.5725,GBP
2010-01-15 00:00:00,2010-01-23 00:00:00,1014,29715,1,86.5725,USD
2010-01-15 00:00:00,2010-01-23 00:00:00,1014,47342,1,86.5725,GBP
2010-01-15 00:00:00,2010-01-23 00:00:00,1045,95614,1,207.3225,GBP
2010-01-15 00:00:00,2010-01-23 00:00:00,1046,07740,1,99.6975,GBP
2010-01-15 00:00:00,2010-01-23 00:00:00,1046,19701,1,99.6975,USD
2010-01-15 00:00:00,2010-01-23 00:00:00,1046,25560,2,199.395,GBP
2010-01-15 00:00:00,2010-01-23 00:00:00,1046,32405,1,99.6975,GBP
2010-01-15 00:00:00,2010-01-23 00:00:00,1046,33904,1,99.6975,GBP
2010-01-15 00:00:00,2010-01-23 00:00:00,1046,35161,1,99.6975,GBP
2010-01-15 00:00:00,2010-01-23 00:00:00,1046,35950,1,99.6975,USD
2010-01-15 00:00:00,2010-01-23 00:00:00,1046,72903,1,99.6975,GBP
2010-01-15 00:00:00,2010-01-23 00:00:00,1046,75060,2,199.395,USD
2010-01-15 00:00:00,2010-01-23 00:00:00,1046,75422,1,99.6975,USD
2010-01-15 00:00:00,2010-01-23 00:00:00,1053,36854,1,251.9475,USD
2010-01-15 00:00:00,2010-01-23 00:00:00,1053,52601,1,251.9475,USD
2010-01-15 00:00:00,2010-01-23 00:00:00,1053,91776,1,251.9475,USD
2010-01-15 00:00:00,2010-01-23 00:00:00,1053,95959,1,251.9475,GBP
2010-01-15 00:00:00,2010-01-23 00:00:00,1053,97484,1,251.9475,GBP
2010-01-15 00:00:00,2010-01-23 00:00:00,1054,93602,1,299.1975,GBP
2010-01-15 00:00:00,2010-01-23 00:00:00,1063,95531,1,233.5725,GBP
2010-01-15 00:00:00,2010-01-23 00:00:00,1064,95531,1,233.5725,USD
2010-01-15 00:00:00,2010-01-23 00:00:00,1065,06804,1,296.5725,GBP
2010-01-15 00:00:00,2010-01-23 00:00:00,1065,07825,1,296.5725,GBP
2010-01-15 00:00:00,2010-01-23 00:00:00,1065,32211,1,296.5725,GBP
2010-01-15 00:00:00,2010-01-23 00:00:00,1065,32701,1,296.5725,GBP
2010-01-15 00:00:00,2010-01-23 00:00:00,1065,32835,1,296.5725,GBP
2010-01-15 00:00:00,2010-01-23 00:00:00,1065,33166,1,296.5725,USD
2010-01-15 00:00:00,2010-01-23 00:00:00,1065,37110,1,296.5725,USD
2010-01-15 00:00:00,2010-01-23 00:00:00,1065,37388,1,296.5725,USD
2010-01-15 00:00:00,2010-01-23 00:00:00,1065,42071,1,296.5725,GBP
2010-01-15 00:00:00,2010-01-23 00:00:00,1065,42345,1,296.5725,USD
2010-01-15 00:00:00,2010-01-23 00:00:00,1065,47006,1,296.5725,USD
2010-01-15 00:00:00,2010-01-23 00:00:00,1065,52003,1,296.5725,GBP
2010-01-15 00:00:00,2010-01-23 00:00:00,1065,54304,1,296.5725,GBP
2010-01-15 00:00:00,2010-01-23 00:00:00,1065,55068,1,296.5725,GBP
2010-01-15 00:00:00,2010-01-23 00:00:00,1065,55302,1,296.5725,GBP
2010-01-15 00:00:00,2010-01-23 00:00:00,1065,58801,1,296.5725,USD
2010-01-15 00:00:00,2010-01-23 00:00:00,1065,72143,1,296.5725,USD
2010-01-15 00:00:00,2010-01-23 00:00:00,1065,72856,1,296.5725,GBP
2010-01-15 00:00:00,2010-01-23 00:00:00,1065,75052,1,296.5725,GBP
2010-01-15 00:00:00,2010-01-23 00:00:00,1065,77056,1,296.5725,GBP
2010-01-15 00:00:00,2010-01-23 00:00:00,1065,77083,1,296.5725,USD
2010-01-15 00:00:00,2010-01-23 00:00:00,1065,77354,1,296.5725,USD
2010-01-15 00:00:00,2010-01-23 00:00:00,1065,79925,1,296.5725,USD
2010-01-15 00:00:00,2010-01-23 00:00:00,1065,84642,1,296.5725,GBP
2010-01-15 00:00:00,2010-01-23 00:00:00,1065,87063,1,296.5725,USD
2010-01-15 00:00:00,2010-01-23 00:00:00,1065,89801,1,296.5725,USD
2010-01-15 00:00:00,2010-01-23 00:00:00,1065,91709,1,296.5725,USD
2010-01-15 00:00:00,2010-01-23 00:00:00,1065,91730,1,296.5725,USD
2010-01-15 00:00:00,2010-01-23 00:00:00,1065,92021,1,296.5725,GBP
2010-01-15 00:00:00,2010-01-23 00:00:00,1065,92028,1,296.5725,USD
2010-01-15 00:00:00,2010-01-23 00:00:00,1065,92506,1,296.5725,USD
2010-01-15 00:00:00,2010-01-23 00:00:00,1065,92530,1,296.5725,USD
2010-01-15 00:00:00,2010-01-23 00:00:00,1065,92571,1,296.5725,GBP
2010-01-15 00:00:00,2010-01-23 00:00:00,1065,92679,1,296.5725,USD
2010-01-15 00:00:00,2010-01-23 00:00:00,1065,93268,1,296.5725,GBP
2010-01-15 00:00:00,2010-01-23 00:00:00,1065,95127,1,296.5725,USD
2010-01-15 00:00:00,2010-01-23 00:00:00,1065,97045,2,593.145,USD
2010-01-15 00:00:00,2010-01-23 00:00:00,1065,97306,1,296.5725,USD
2010-01-15 00:00:00,2010-01-23 00:00:00,1065,97502,1,296.5725,USD
2010-01-15 00:00:00,2010-01-23 00:00:00,1065,97540,1,296.5725,USD
2010-01-15 00:00:00,2010-01-23 00:00:00,1066,01001,1,296.5725,GBP
2010-01-15 00:00:00,2010-01-23 00:00:00,1066,08050,1,296.5725,GBP
2010-01-15 00:00:00,2010-01-23 00:00:00,1066,33470,1,296.5725,GBP
2010-01-15 00:00:00,2010-01-23 00:00:00,1066,35214,1,296.5725,GBP
2010-01-15 00:00:00,2010-01-23 00:00:00,1066,36701,1,296.5725,GBP
2010-01-15 00:00:00,2010-01-23 00:00:00,1066,50049,1,296.5725,GBP
2010-01-15 00:00:00,2010-01-23 00:00:00,1066,54449,1,296.5725,GBP
2010-01-15 00:00:00,2010-01-23 00:00:00,1066,55358,1,296.5725,GBP
2010-01-15 00:00:00,2010-01-23 00:00:00,1066,59601,1,296.5725,GBP
2010-01-15 00:00:00,2010-01-23 00:00:00,1066,72143,1,296.5725,USD
2010-01-15 00:00:00,2010-01-23 00:00:00,1066,73142,1,296.5725,GBP
2010-01-15 00:00:00,2010-01-23 00:00:00,1066,75206,1,275.5725,USD
2010-01-15 00:00:00,2010-01-23 00:00:00,1066,75708,1,296.5725,GBP
2010-01-15 00:00:00,2010-01-23 00:00:00,1066,76028,1,296.5725,GBP
2010-01-15 00:00:00,2010-01-23 00:00:00,1066,78219,1,293.9475,GBP
2010-01-15 00:00:00,2010-01-23 00:00:00,1066,78726,1,296.5725,GBP
2010-01-15 00:00:00,2010-01-23 00:00:00,1066,82717,1,296.5725,GBP
2010-01-15 00:00:00,2010-01-23 00:00:00,1066,83201,1,296.5725,USD
2010-01-15 00:00:00,2010-01-23 00:00:00,1066,83245,1,296.5725,USD
2010-01-15 00:00:00,2010-01-23 00:00:00,1066,83402,1,296.5725,GBP
2010-01-15 00:00:00,2010-01-23 00:00:00,1066,83642,1,296.5725,GBP
2010-01-15 00:00:00,2010-01-23 00:00:00,1066,85044,1,296.5725,USD
2010-01-15 00:00:00,2010-01-23 00:00:00,1066,86022,1,296.5725,GBP
2010-01-15 00:00:00,2010-01-23 00:00:00,1066,86040,1,296.5725,GBP
2010-01-15 00:00:00,2010-01-23 00:00:00,1066,89031,1,296.5725,GBP
2010-01-15 00:00:00,2010-01-23 00:00:00,1066,89118,1,296.5725,GBP
2010-01-15 00:00:00,2010-01-23 00:00:00,1066,91355,1,296.5725,GBP
2010-01-15 00:00:00,2010-01-23 00:00:00,1066,91741,1,296.5725,USD
2010-01-15 00:00:00,2010-01-23 00:00:00,1066,92404,1,296.5725,GBP
2010-01-15 00:00:00,2010-01-23 00:00:00,1066,92506,1,296.5725,GBP
2010-01-15 00:00:00,2010-01-23 00:00:00,1066,92571,1,296.5725,GBP
2010-01-15 00:00:00,2010-01-23 00:00:00,1066,92581,1,296.5725,GBP
2010-01-15 00:00:00,2010-01-23 00:00:00,1066,92591,1,296.5725,GBP
2010-01-15 00:00:00,2010-01-23 00:00:00,1066,93536,1,296.5725,USD
2010-01-15 00:00:00,2010-01-23 00:00:00,1066,94403,1,296.5725,GBP
2010-01-15 00:00:00,2010-01-23 00:00:00,1066,95426,1,296.5725,GBP
2010-01-15 00:00:00,2010-01-23 00:00:00,1066,96118,1,296.5725,GBP
2010-01-15 00:00:00,2010-01-23 00:00:00,1066,97080,1,296.5725,GBP
2010-01-15 00:00:00,2010-01-23 00:00:00,1066,97302,1,296.5725,GBP
2010-01-15 00:00:00,2010-01-23 00:00:00,1066,97487,1,296.5725,GBP
2010-01-15 00:00:00,2010-01-23 00:00:00,1066,97530,1,296.5725,GBP
2010-01-15 00:00:00,2010-01-23 00:00:00,1079,78222,1,262.4475,GBP
2010-01-15 00:00:00,2010-01-23 00:00:00,1079,83455,1,262.4475,GBP
2010-01-15 00:00:00,2010-01-23 00:00:00,1079,85532,1,262.4475,GBP
2010-01-15 00:00:00,2010-01-23 00:00:00,1079,90277,1,262.4475,GBP
2010-01-15 00:00:00,2010-01-23 00:00:00,1079,95667,1,262.4475,GBP
2010-01-15 00:00:00,2010-01-23 00:00:00,1079,96001,1,262.4475,GBP
2010-01-15 00:00:00,2010-01-23 00:00:00,1080,35005,1,262.4475,GBP
2010-01-15 00:00:00,2010-01-23 00:00:00,1080,63021,1,262.4475,USD
2010-01-15 00:00:00,2010-01-23 00:00:00,1080,76017,1,262.4475,USD
2010-01-15 00:00:00,2010-01-23 00:00:00,1080,85044,1,262.4475,USD
2010-01-15 00:00:00,2010-01-23 00:00:00,1080,85361,1,262.4475,GBP
2010-01-15 00:00:00,2010-01-23 00:00:00,1080,85532,1,262.4475,USD
2010-01-15 00:00:00,2010-01-23 00:00:00,1080,89410,2,524.895,USD
2010-01-15 00:00:00,2010-01-23 00:00:00,1080,92064,1,262.4475,USD
2010-01-15 00:00:00,2010-01-23 00:00:00,1080,93561,1,262.4475,USD
2010-01-15 00:00:00,2010-01-23 00:00:00,1081,74070,1,225.6975,GBP
2010-01-15 00:00:00,2010-01-23 00:00:00,1082,08234,1,225.6975,USD
2010-01-15 00:00:00,2010-01-23 00:00:00,1082,34609,1,225.6975,GBP
2010-01-15 00:00:00,2010-01-23 00:00:00,1082,65337,1,225.6975,USD
2010-01-15 00:00:00,2010-01-23 00:00:00,1082,75119,1,225.6975,GBP
2010-01-15 00:00:00,2010-01-23 00:00:00,1082,95926,1,225.6975,USD
2010-01-15 00:00:00,2010-01-23 00:00:00,1091,88220,1,169.5225,GBP
2010-01-15 00:00:00,2010-01-23 00:00:00,1092,78209,1,169.5225,GBP
2010-01-15 00:00:00,2010-01-23 00:00:00,1105,33142,1,246.6975,GBP
2010-01-15 00:00:00,2010-01-23 00:00:00,1105,47807,1,246.6975,GBP
2010-01-15 00:00:00,2010-01-23 00:00:00,1105,73108,1,246.6975,USD
2010-01-15 00:00:00,2010-01-23 00:00:00,1105,92345,1,246.6975,USD
2010-01-15 00:00:00,2010-01-23 00:00:00,1105,92346,1,246.6975,USD
2010-01-15 00:00:00,2010-01-23 00:00:00,1105,92504,1,246.6975,USD
2010-01-15 00:00:00,2010-01-23 00:00:00,1105,94061,1,246.6975,USD
2010-01-15 00:00:00,2010-01-23 00:00:00,1105,97338,1,246.6975,GBP
2010-01-15 00:00:00,2010-01-23 00:00:00,1106,21030,1,246.6975,USD
2010-01-15 00:00:00,2010-01-23 00:00:00,1106,35803,1,246.6975,GBP
2010-01-15 00:00:00,2010-01-23 00:00:00,1106,46528,1,246.6975,USD
2010-01-15 00:00:00,2010-01-23 00:00:00,1106,47807,1,246.6975,GBP
2010-01-15 00:00:00,2010-01-23 00:00:00,1106,47807,1,246.6975,USD
2010-01-15 00:00:00,2010-01-23 00:00:00,1106,73065,1,246.6975,USD
2010-01-15 00:00:00,2010-01-23 00:00:00,1106,75090,1,246.6975,USD
2010-01-15 00:00:00,2010-01-23 00:00:00,1106,92587,1,246.6975,USD
2010-01-15 00:00:00,2010-01-23 00:00:00,1109,06057,1,209.9475,GBP
2010-01-15 00:00:00,2010-01-23 00:00:00,1109,08691,1,209.9475,GBP
2010-01-15 00:00:00,2010-01-23 00:00:00,1109,36117,1,209.9475,GBP
2010-01-15 00:00:00,2010-01-23 00:00:00,1109,39520,1,209.9475,USD
2010-01-15 00:00:00,2010-01-23 00:00:00,1109,77378,1,209.9475,GBP
2010-01-15 00:00:00,2010-01-23 00:00:00,1110,08691,1,209.9475,GBP
2010-01-15 00:00:00,2010-01-23 00:00:00,1110,37886,1,209.9475,USD
2010-01-15 00:00:00,2010-01-23 00:00:00,1110,38829,1,209.9475,USD
2010-01-15 00:00:00,2010-01-23 00:00:00,1110,72638,1,209.9475,USD
2010-01-15 00:00:00,2010-01-23 00:00:00,1110,76040,2,419.895,USD
2010-01-15 00:00:00,2010-01-23 00:00:00,1110,78230,2,419.895,GBP
2010-01-15 00:00:00,2010-01-23 00:00:00,1111,29627,1,116.4975,GBP
2010-01-15 00:00:00,2010-01-23 00:00:00,1111,35645,1,116.4975,USD
2010-01-15 00:00:00,2010-01-23 00:00:00,1111,37421,1,116.4975,USD
2010-01-15 00:00:00,2010-01-23 00:00:00,1111,40175,1,116.4975,GBP
2010-01-15 00:00:00,2010-01-23 00:00:00,1111,42206,1,116.4975,USD
2010-01-15 00:00:00,2010-01-23 00:00:00,1111,46510,1,116.4975,USD
2010-01-15 00:00:00,2010-01-23 00:00:00,1111,77327,1,116.4975,GBP
2010-01-15 00:00:00,2010-01-23 00:00:00,1111,84095,1,116.4975,GBP
2010-01-15 00:00:00,2010-01-23 00:00:00,1111,87002,1,116.4975,USD
2010-01-15 00:00:00,2010-01-23 00:00:00,1111,88201,1,116.4975,GBP
2010-01-15 00:00:00,2010-01-23 00:00:00,1111,89007,1,116.4975,GBP
2010-01-15 00:00:00,2010-01-23 00:00:00,1111,91901,1,116.4975,USD
2010-01-15 00:00:00,2010-01-23 00:00:00,1111,92316,1,116.4975,GBP
2010-01-15 00:00:00,2010-01-23 00:00:00,1111,92399,3,349.4925,GBP
2010-01-15 00:00:00,2010-01-23 00:00:00,1111,93436,1,116.4975,USD
2010-01-15 00:00:00,2010-01-23 00:00:00,1111,97128,1,116.4975,USD
2010-01-15 00:00:00,2010-01-23 00:00:00,1112,07421,1,116.4975,USD
2010-01-15 00:00:00,2010-01-23 00:00:00,1112,40175,1,116.4975,GBP
2010-01-15 00:00:00,2010-01-23 00:00:00,1112,46725,1,116.4975,USD
2010-01-15 00:00:00,2010-01-23 00:00:00,1112,83638,1,116.4975,GBP
2010-01-15 00:00:00,2010-01-23 00:00:00,1112,83703,1,116.4975,GBP
2010-01-15 00:00:00,2010-01-23 00:00:00,1112,85742,1,116.4975,GBP
2010-01-15 00:00:00,2010-01-23 00:00:00,1112,89031,1,116.4975,GBP
2010-01-15 00:00:00,2010-01-23 00:00:00,1112,90047,1,116.4975,USD
2010-01-15 00:00:00,2010-01-23 00:00:00,1112,90077,1,116.4975,GBP
2010-01-15 00:00:00,2010-01-23 00:00:00,1112,92027,1,116.4975,USD
2010-01-15 00:00:00,2010-01-23 00:00:00,1112,95006,1,116.4975,USD
2010-01-15 00:00:00,2010-01-23 00:00:00,1116,02532,1,251.9475,GBP
2010-01-15 00:00:00,2010-01-23 00:00:00,1116,07105,1,251.9475,GBP
2010-01-15 00:00:00,2010-01-23 00:00:00,1116,33155,2,503.895,GBP
2010-01-15 00:00:00,2010-01-23 00:00:00,1116,46118,1,251.9475,USD
2010-01-15 00:00:00,2010-01-23 00:00:00,1116,46544,1,251.9475,USD
2010-01-15 00:00:00,2010-01-23 00:00:00,1116,47586,1,251.9475,USD
2010-01-15 00:00:00,2010-01-23 00:00:00,1116,50501,1,251.9475,GBP
2010-01-15 00:00:00,2010-01-23 00:00:00,1116,56431,1,251.9475,USD
2010-01-15 00:00:00,2010-01-23 00:00:00,1116,58103,1,251.9475,USD
2010-01-15 00:00:00,2010-01-23 00:00:00,1116,73013,1,251.9475,GBP
2010-01-15 00:00:00,2010-01-23 00:00:00,1116,73501,1,251.9475,GBP
2010-01-15 00:00:00,2010-01-23 00:00:00,1116,73858,1,251.9475,USD
2010-01-15 00:00:00,2010-01-23 00:00:00,1116,74074,1,251.9475,GBP
2010-01-15 00:00:00,2010-01-23 00:00:00,1116,76301,1,251.9475,USD
2010-01-15 00:00:00,2010-01-23 00:00:00,1116,77530,1,251.9475,USD
2010-01-15 00:00:00,2010-01-23 00:00:00,1116,85296,1,251.9475,GBP
2010-01-15 00:00:00,2010-01-23 00:00:00,1116,92083,1,251.9475,USD
2010-01-15 00:00:00,2010-01-23 00:00:00,1116,92530,2,503.895,USD
2010-01-15 00:00:00,2010-01-23 00:00:00,1120,21037,1,173.1975,GBP
2010-01-15 00:00:00,2010-01-23 00:00:00,1120,21037,1,173.1975,USD
2010-01-15 00:00:00,2010-01-23 00:00:00,1120,32750,1,173.1975,GBP
2010-01-15 00:00:00,2010-01-23 00:00:00,1120,34950,1,173.1975,GBP
2010-01-15 00:00:00,2010-01-23 00:00:00,1120,35202,1,173.1975,GBP
2010-01-15 00:00:00,2010-01-23 00:00:00,1120,39305,1,173.1975,USD
2010-01-15 00:00:00,2010-01-23 00:00:00,1120,70560,1,173.1975,USD
2010-01-15 00:00:00,2010-01-23 00:00:00,1120,82609,1,173.1975,USD
2010-01-15 00:00:00,2010-01-23 00:00:00,1120,89102,1,173.1975,GBP
2010-01-15 00:00:00,2010-01-23 00:00:00,1120,95367,1,173.1975,GBP
2010-01-15 00:00:00,2010-01-23 00:00:00,1120,97302,1,173.1975,GBP
2010-01-15 00:00:00,2010-01-23 00:00:00,1120,97467,1,173.1975,GBP
2010-01-15 00:00:00,2010-01-23 00:00:00,1122,06234,1,157.4475,USD
2010-01-15 00:00:00,2010-01-23 00:00:00,1122,07722,1,157.4475,USD
2010-01-15 00:00:00,2010-01-23 00:00:00,1122,32413,2,314.895,USD
2010-01-15 00:00:00,2010-01-23 00:00:00,1122,34475,1,157.4475,USD
2010-01-15 00:00:00,2010-01-23 00:00:00,1122,35907,1,157.4475,USD
2010-01-15 00:00:00,2010-01-23 00:00:00,1122,42241,1,157.4475,USD
2010-01-15 00:00:00,2010-01-23 00:00:00,1122,73644,1,157.4475,USD
2010-01-15 00:00:00,2010-01-23 00:00:00,1122,78233,1,157.4475,USD
2010-01-15 00:00:00,2010-01-23 00:00:00,1122,84070,1,157.4475,USD
2010-01-15 00:00:00,2010-01-23 00:00:00,1122,90606,1,157.4475,GBP
2010-01-15 00:00:00,2010-01-23 00:00:00,1122,92335,1,157.4475,USD
2010-01-15 00:00:00,2010-01-23 00:00:00,1131,34202,1,419.9475,USD
2010-01-15 00:00:00,2010-01-23 00:00:00,1131,92843,1,419.9475,USD
2010-01-15 00:00:00,2010-01-23 00:00:00,1131,94952,1,419.9475,USD
2010-01-15 00:00:00,2010-01-23 00:00:00,1132,07032,1,629.9475,USD
2010-01-15 00:00:00,2010-01-23 00:00:00,1132,21219,1,629.9475,GBP
2010-01-15 00:00:00,2010-01-23 00:00:00,1132,36330,1,629.9475,USD
2010-01-15 00:00:00,2010-01-23 00:00:00,1132,42025,1,629.9475,USD
2010-01-15 00:00:00,2010-01-23 00:00:00,1132,70531,1,629.9475,USD
2010-01-15 00:00:00,2010-01-23 00:00:00,1132,78628,1,629.9475,USD
2010-01-15 00:00:00,2010-01-23 00:00:00,1132,79106,1,629.9475,USD
2010-01-15 00:00:00,2010-01-23 00:00:00,1132,92105,1,629.9475,USD
2010-01-15 00:00:00,2010-01-23 00:00:00,1133,72015,1,629.9475,USD
2010-01-15 00:00:00,2010-01-23 00:00:00,1150,85009,17,6675.9,USD
2010-01-15 00:00:00,2010-01-23 00:00:00,1150,95110,3,1178.1,GBP
2010-01-15 00:00:00,2010-01-23 00:00:00,1157,33166,1,377.9475,USD
2010-01-15 00:00:00,2010-01-23 00:00:00,1157,35226,1,377.9475,USD
2010-01-15 00:00:00,2010-01-23 00:00:00,1157,78750,1,377.9475,USD
2010-01-15 00:00:00,2010-01-23 00:00:00,1157,97540,1,377.9475,GBP
2010-01-15 00:00:00,2010-01-23 00:00:00,1166,32119,1,535.4475,USD
2010-01-15 00:00:00,2010-01-23 00:00:00,1166,32839,1,535.4475,GBP
2010-01-15 00:00:00,2010-01-23 00:00:00,1166,37923,1,535.4475,USD
2010-01-15 00:00:00,2010-01-23 00:00:00,1166,76513,1,551.1975,USD
2010-01-15 00:00:00,2010-01-23 00:00:00,1166,92154,1,535.4475,GBP
2010-01-15 00:00:00,2010-01-23 00:00:00,1168,33182,1,367.4475,USD
2010-01-15 00:00:00,2010-01-23 00:00:00,1168,42450,1,367.4475,USD
2010-01-15 00:00:00,2010-01-23 00:00:00,1169,37774,1,435.6975,USD
2010-01-15 00:00:00,2010-01-23 00:00:00,1173,19904,1,524.9475,GBP
2010-01-15 00:00:00,2010-01-23 00:00:00,1173,21230,1,524.9475,USD
2010-01-15 00:00:00,2010-01-23 00:00:00,1173,33155,2,1049.895,GBP
2010-01-15 00:00:00,2010-01-23 00:00:00,1173,33404,1,524.9475,GBP
2010-01-15 00:00:00,2010-01-23 00:00:00,1173,36362,1,524.9475,USD
2010-01-15 00:00:00,2010-01-23 00:00:00,1173,36751,1,524.9475,USD
2010-01-15 00:00:00,2010-01-23 00:00:00,1173,38655,1,524.9475,GBP
2010-01-15 00:00:00,2010-01-23 00:00:00,1173,38703,1,524.9475,GBP
2010-01-15 00:00:00,2010-01-23 00:00:00,1173,69341,1,524.9475,GBP
2010-01-15 00:00:00,2010-01-23 00:00:00,1173,71055,1,524.9475,USD
2010-01-15 00:00:00,2010-01-23 00:00:00,1173,77015,1,524.9475,GBP
2010-01-15 00:00:00,2010-01-23 00:00:00,1173,91765,1,524.9475,USD
2010-01-15 00:00:00,2010-01-23 00:00:00,1182,32547,1,157.4475,GBP
2010-01-15 00:00:00,2010-01-23 00:00:00,1182,76542,1,157.4475,GBP
2010-01-15 00:00:00,2010-01-23 00:00:00,1182,93110,1,157.4475,USD
2010-01-15 00:00:00,2010-01-23 00:00:00,1182,94061,1,157.4475,USD
2010-01-15 00:00:00,2010-01-23 00:00:00,1185,33165,1,419.9475,GBP
2010-01-15 00:00:00,2010-01-23 00:00:00,1185,55407,1,419.9475,GBP
2010-01-15 00:00:00,2010-01-23 00:00:00,1185,77306,2,839.895,GBP
2010-01-15 00:00:00,2010-01-23 00:00:00,1185,94015,1,419.9475,GBP
2010-01-15 00:00:00,2010-01-23 00:00:00,1188,07866,1,472.4475,USD
2010-01-15 00:00:00,2010-01-23 00:00:00,1188,33416,1,472.4475,USD
2010-01-15 00:00:00,2010-01-23 00:00:00,1188,37857,1,472.4475,USD
2010-01-15 00:00:00,2010-01-23 00:00:00,1188,85050,1,472.4475,GBP
2010-01-15 00:00:00,2010-01-23 00:00:00,1191,33175,1,262.4475,GBP
2010-01-15 00:00:00,2010-01-23 00:00:00,1203,41035,1,314.9475,GBP
2010-01-15 00:00:00,2010-01-23 00:00:00,1203,78242,1,314.9475,USD
2010-01-15 00:00:00,2010-01-23 00:00:00,1203,78250,1,314.9475,USD
2010-01-15 00:00:00,2010-01-23 00:00:00,1203,78253,1,314.9475,USD
2010-01-15 00:00:00,2010-01-23 00:00:00,1204,39629,1,419.9475,USD
2010-01-15 00:00:00,2010-01-23 00:00:00,1206,32746,1,509.1975,GBP
2010-01-15 00:00:00,2010-01-23 00:00:00,1206,92027,1,509.1975,USD
2010-01-15 00:00:00,2010-01-23 00:00:00,1215,46526,1,362.1975,GBP
2010-01-15 00:00:00,2010-01-23 00:00:00,1215,46545,1,356.9475,GBP
2010-01-15 00:00:00,2010-01-23 00:00:00,1215,70122,1,356.9475,GBP
2010-01-15 00:00:00,2010-01-23 00:00:00,1215,87111,1,356.9475,USD
2010-01-15 00:00:00,2010-01-23 00:00:00,1215,92501,1,356.9475,GBP
2010-01-15 00:00:00,2010-01-23 00:00:00,1227,33853,1,314.9475,USD
2010-01-15 00:00:00,2010-01-23 00:00:00,1227,37327,1,314.9475,GBP
2010-01-15 00:00:00,2010-01-23 00:00:00,1227,67839,1,314.9475,USD
2010-01-15 00:00:00,2010-01-23 00:00:00,1227,74435,2,629.895,USD
2010-01-15 00:00:00,2010-01-23 00:00:00,1227,76180,1,314.9475,GBP
2010-01-15 00:00:00,2010-01-23 00:00:00,1227,91436,1,314.9475,GBP
2010-01-15 00:00:00,2010-01-23 00:00:00,1229,29579,1,236.1975,GBP
2010-01-15 00:00:00,2010-01-23 00:00:00,1229,33055,1,236.1975,GBP
2010-01-15 00:00:00,2010-01-23 00:00:00,1229,70463,1,236.1975,GBP
2010-01-15 00:00:00,2010-01-23 00:00:00,1229,87124,1,236.1975,GBP
2010-01-15 00:00:00,2010-01-23 00:00:00,1230,32224,1,519.6975,USD
2010-01-15 00:00:00,2010-01-23 00:00:00,1230,33160,1,524.9475,USD
2010-01-15 00:00:00,2010-01-23 00:00:00,1230,33470,1,524.9475,GBP
2010-01-15 00:00:00,2010-01-23 00:00:00,1230,33541,1,524.9475,USD
2010-01-15 00:00:00,2010-01-23 00:00:00,1230,35603,1,524.9475,USD
2010-01-15 00:00:00,2010-01-23 00:00:00,1230,39120,1,524.9475,USD
2010-01-15 00:00:00,2010-01-23 00:00:00,1230,52353,1,519.6975,GBP
2010-01-15 00:00:00,2010-01-23 00:00:00,1230,70433,2,1044.645,GBP
2010-01-15 00:00:00,2010-01-23 00:00:00,1230,74959,1,519.6975,USD
2010-01-15 00:00:00,2010-01-23 00:00:00,1230,75034,1,519.6975,GBP
2010-01-15 00:00:00,2010-01-23 00:00:00,1230,77417,1,524.9475,USD
2010-01-15 00:00:00,2010-01-23 00:00:00,1230,79110,1,524.9475,USD
2010-01-15 00:00:00,2010-01-23 00:00:00,1230,86413,1,524.9475,GBP
2010-01-15 00:00:00,2010-01-23 00:00:00,1230,87108,1,519.6975,GBP
2010-01-15 00:00:00,2010-01-23 00:00:00,1260,37643,1,322.77,GBP
2010-01-15 00:00:00,2010-01-23 00:00:00,1270,08731,1,355.845,GBP
2010-01-15 00:00:00,2010-01-23 00:00:00,1298,89702,1,346.395,USD
2010-01-15 00:00:00,2010-01-23 00:00:00,1298,95073,2,692.79,USD
2010-01-15 00:00:00,2010-01-23 00:00:00,1309,39759,1,270.27,GBP
2010-01-15 00:00:00,2010-01-23 00:00:00,1317,26101,1,307.02,GBP
2010-01-15 00:00:00,2010-01-23 00:00:00,1317,39631,1,307.02,USD
2010-01-15 00:00:00,2010-01-23 00:00:00,1317,63367,1,307.02,USD
2010-01-15 00:00:00,2010-01-23 00:00:00,1317,73661,1,307.02,USD
2010-01-15 00:00:00,2010-01-23 00:00:00,1318,08270,1,307.02,GBP
2010-01-15 00:00:00,2010-01-23 00:00:00,1329,34639,1,92.82,USD
2010-01-15 00:00:00,2010-01-23 00:00:00,1329,50129,2,928.1999999999999,GBP
2010-01-15 00:00:00,2010-01-23 00:00:00,1329,63624,1,92.82,GBP
2010-01-15 00:00:00,2010-01-23 00:00:00,1329,64155,1,92.82,GBP
2010-01-15 00:00:00,2010-01-23 00:00:00,1329,77013,1,92.82,GBP
2010-01-15 00:00:00,2010-01-23 00:00:00,1329,90077,1,92.82,GBP
2010-01-15 00:00:00,2010-01-23 00:00:00,1329,96105,1,92.82,GBP
2010-01-15 00:00:00,2010-01-23 00:00:00,1330,50129,2,556.92,GBP
2010-01-15 00:00:00,2010-01-23 00:00:00,1330,50129,2,185.64,USD
2010-01-15 00:00:00,2010-01-23 00:00:00,1330,64155,1,92.82,USD
2010-01-15 00:00:00,2010-01-23 00:00:00,1330,84117,1,92.82,USD
2010-01-15 00:00:00,2010-01-23 00:00:00,1330,92122,1,92.82,GBP
2010-01-15 00:00:00,2010-01-23 00:00:00,1345,37716,1,304.395,USD
2010-01-15 00:00:00,2010-01-23 00:00:00,1347,25801,1,299.145,GBP
2010-01-15 00:00:00,2010-01-23 00:00:00,1347,76542,1,299.145,GBP
2010-01-15 00:00:00,2010-01-23 00:00:00,1347,83706,1,299.145,USD
2010-01-15 00:00:00,2010-01-23 00:00:00,1347,85205,1,299.145,USD
2010-01-15 00:00:00,2010-01-23 00:00:00,1347,97015,1,299.145,GBP
2010-01-15 00:00:00,2010-01-23 00:00:00,1348,25801,1,299.145,USD
2010-01-15 00:00:00,2010-01-23 00:00:00,1348,83706,1,299.145,GBP
2010-01-15 00:00:00,2010-01-23 00:00:00,1351,85257,1,309.645,GBP
2010-01-15 00:00:00,2010-01-23 00:00:00,1351,90712,1,309.645,USD
2010-01-15 00:00:00,2010-01-23 00:00:00,1352,29843,1,309.645,GBP
2010-01-15 00:00:00,2010-01-23 00:00:00,1352,68135,1,309.645,GBP
2010-01-15 00:00:00,2010-01-23 00:00:00,1352,75050,1,309.645,GBP
2010-01-15 00:00:00,2010-01-23 00:00:00,1379,94566,1,314.895,GBP
2010-01-15 00:00:00,2010-01-23 00:00:00,1379,95046,1,314.895,GBP
2010-01-15 00:00:00,2010-01-23 00:00:00,1425,06611,1,286.02,USD
2010-01-15 00:00:00,2010-01-23 00:00:00,1425,29620,1,286.02,GBP
2010-01-15 00:00:00,2010-01-23 00:00:00,1425,83713,1,286.02,GBP
2010-01-15 00:00:00,2010-01-23 00:00:00,1425,85202,1,286.02,USD
2010-01-15 00:00:00,2010-01-23 00:00:00,1425,97836,1,286.02,GBP
2010-01-15 00:00:00,2010-01-23 00:00:00,1426,06357,1,286.02,GBP
2010-01-15 00:00:00,2010-01-23 00:00:00,1426,08224,1,286.02,GBP
2010-01-15 00:00:00,2010-01-23 00:00:00,1426,95608,1,286.02,GBP
2010-01-15 00:00:00,2010-01-23 00:00:00,1426,97836,1,286.02,GBP
2010-01-15 00:00:00,2010-01-23 00:00:00,1429,79424,1,283.395,USD
2010-01-15 00:00:00,2010-01-23 00:00:00,1429,92313,1,283.395,GBP
2010-01-15 00:00:00,2010-01-23 00:00:00,1429,94002,1,283.395,USD
2010-01-15 00:00:00,2010-01-23 00:00:00,1430,85260,1,283.395,USD
2010-01-15 00:00:00,2010-01-23 00:00:00,1435,29113,1,312.27,GBP
2010-01-15 00:00:00,2010-01-23 00:00:00,1435,73089,1,312.27,GBP
2010-01-15 00:00:00,2010-01-23 00:00:00,1435,85382,1,312.27,GBP
2010-01-15 00:00:00,2010-01-23 00:00:00,1435,90290,1,312.27,GBP
2010-01-15 00:00:00,2010-01-23 00:00:00,1435,93257,1,312.27,GBP
2010-01-15 00:00:00,2010-01-23 00:00:00,1435,97741,1,312.27,USD
2010-01-15 00:00:00,2010-01-23 00:00:00,1436,76247,1,312.27,GBP
2010-01-15 00:00:00,2010-01-23 00:00:00,1436,85204,1,312.27,GBP
2010-01-15 00:00:00,2010-01-23 00:00:00,1436,90290,1,312.27,GBP
2010-01-15 00:00:00,2010-01-23 00:00:00,1449,29316,1,118.02,GBP
2010-01-15 00:00:00,2010-01-23 00:00:00,1449,76706,1,118.02,GBP
2010-01-15 00:00:00,2010-01-23 00:00:00,1449,85027,1,118.02,USD
2010-01-15 00:00:00,2010-01-23 00:00:00,1449,91604,1,118.02,USD
2010-01-15 00:00:00,2010-01-23 00:00:00,1449,92227,1,118.02,GBP
2010-01-15 00:00:00,2010-01-23 00:00:00,1449,92506,1,118.02,GBP
2010-01-15 00:00:00,2010-01-23 00:00:00,1449,92563,1,118.02,USD
2010-01-15 00:00:00,2010-01-23 00:00:00,1449,93446,1,118.02,USD
2010-01-15 00:00:00,2010-01-23 00:00:00,1450,29316,1,118.02,GBP
2010-01-15 00:00:00,2010-01-23 00:00:00,1450,33055,1,118.02,USD
2010-01-15 00:00:00,2010-01-23 00:00:00,1450,34761,1,118.02,GBP
2010-01-15 00:00:00,2010-01-23 00:00:00,1450,36117,1,118.02,USD
2010-01-15 00:00:00,2010-01-23 00:00:00,1450,63010,1,118.02,GBP
2010-01-15 00:00:00,2010-01-23 00:00:00,1450,72949,1,118.02,USD
2010-01-15 00:00:00,2010-01-23 00:00:00,1450,74070,1,118.02,GBP
2010-01-15 00:00:00,2010-01-23 00:00:00,1450,92563,1,118.02,GBP
2010-01-15 00:00:00,2010-01-23 00:00:00,1483,39452,1,70.77,GBP
2010-01-15 00:00:00,2010-01-23 00:00:00,1484,39452,1,70.77,GBP
2010-01-15 00:00:00,2010-01-23 00:00:00,1489,29302,1,262.395,USD
2010-01-15 00:00:00,2010-01-23 00:00:00,1489,83669,1,262.395,USD
2010-01-15 00:00:00,2010-01-23 00:00:00,1490,66223,1,262.395,GBP
2010-01-15 00:00:00,2010-01-23 00:00:00,1490,93312,1,262.395,USD
2010-01-15 00:00:00,2010-01-23 00:00:00,1517,08753,1,141.645,USD
2010-01-15 00:00:00,2010-01-23 00:00:00,1517,33308,1,141.645,USD
2010-01-15 00:00:00,2010-01-23 00:00:00,1517,33411,3,424.935,USD
2010-01-15 00:00:00,2010-01-23 00:00:00,1517,50208,1,141.645,USD
2010-01-15 00:00:00,2010-01-23 00:00:00,1517,65724,1,141.645,USD
2010-01-15 00:00:00,2010-01-23 00:00:00,1518,21157,1,141.645,GBP
2010-01-15 00:00:00,2010-01-23 00:00:00,1518,26651,1,141.645,USD
2010-01-15 00:00:00,2010-01-23 00:00:00,1518,38017,1,141.645,USD
2010-01-15 00:00:00,2010-01-23 00:00:00,1518,84117,1,141.645,USD
2010-01-15 00:00:00,2010-01-23 00:00:00,1518,88256,1,141.645,GBP
2010-01-15 00:00:00,2010-01-23 00:00:00,1518,89130,1,141.645,GBP
2010-01-15 00:00:00,2010-01-23 00:00:00,1518,93648,1,141.645,GBP
2010-01-15 00:00:00,2010-01-23 00:00:00,1553,93614,1,330.645,GBP
2010-01-15 00:00:00,2010-01-23 00:00:00,1553,95354,1,330.645,USD
2010-01-15 00:00:00,2010-01-23 00:00:00,1641,79072,3,212.31,GBP
2010-01-15 00:00:00,2010-01-23 00:00:00,1641,85248,1,70.77,GBP
2010-01-15 00:00:00,2010-01-23 00:00:00,1641,89436,2,141.54,GBP
2010-01-15 00:00:00,2010-01-23 00:00:00,1641,89506,2,141.54,GBP
2010-01-15 00:00:00,2010-01-23 00:00:00,1641,97140,1,70.77,GBP
2010-01-15 00:00:00,2010-01-23 00:00:00,1894,01331,1,682.2375,USD
2010-01-15 00:00:00,2010-01-23 00:00:00,1894,08087,1,682.2375,USD
2010-01-15 00:00:00,2010-01-23 00:00:00,1894,32738,1,682.2375,GBP
2010-01-15 00:00:00,2010-01-23 00:00:00,1894,38018,1,682.2375,USD
2010-01-15 00:00:00,2010-01-23 00:00:00,1894,38632,1,682.2375,USD
2010-01-15 00:00:00,2010-01-23 00:00:00,1894,55044,1,682.2375,USD
2010-01-15 00:00:00,2010-01-23 00:00:00,1894,56201,1,682.2375,USD
2010-01-15 00:00:00,2010-01-23 00:00:00,1894,72390,1,682.2375,USD
2010-01-15 00:00:00,2010-01-23 00:00:00,1894,77037,1,682.2375,USD
2010-01-15 00:00:00,2010-01-23 00:00:00,1894,77978,1,682.2375,USD
2010-01-15 00:00:00,2010-01-23 00:00:00,1894,87106,1,682.2375,USD
2010-01-15 00:00:00,2010-01-23 00:00:00,1894,87505,1,682.2375,USD
2010-01-15 00:00:00,2010-01-23 00:00:00,1909,76247,1,199.4475,GBP
2010-01-15 00:00:00,2010-01-23 00:00:00,1909,92677,1,199.4475,GBP
2010-01-15 00:00:00,2010-01-23 00:00:00,1909,96003,1,199.4475,GBP
2010-01-15 00:00:00,2010-01-23 00:00:00,1911,02822,1,244.0725,USD
2010-01-15 00:00:00,2010-01-23 00:00:00,1911,21122,1,244.0725,USD
2010-01-15 00:00:00,2010-01-23 00:00:00,1911,21797,1,244.0725,USD
2010-01-15 00:00:00,2010-01-23 00:00:00,1911,32141,1,244.0725,USD
2010-01-15 00:00:00,2010-01-23 00:00:00,1911,83704,1,244.0725,USD
2010-01-15 00:00:00,2010-01-23 00:00:00,1911,91791,1,244.0725,GBP
2010-01-15 00:00:00,2010-01-23 00:00:00,1911,92256,1,241.4475,GBP
2010-01-15 00:00:00,2010-01-23 00:00:00,1911,95684,1,244.0725,GBP
2010-01-15 00:00:00,2010-01-23 00:00:00,1920,32208,1,280.8225,GBP
2010-01-15 00:00:00,2010-01-23 00:00:00,1930,42103,1,566.895,GBP
2010-01-15 00:00:00,2010-01-23 00:00:00,1930,42103,1,283.4475,USD
2010-01-15 00:00:00,2010-01-23 00:00:00,1931,42103,1,283.4475,GBP
2010-01-15 00:00:00,2010-01-23 00:00:00,1931,42103,1,566.895,USD
2010-01-15 00:00:00,2010-01-23 00:00:00,1948,02715,1,296.5725,USD
2010-01-15 00:00:00,2010-01-23 00:00:00,1948,47802,1,296.5725,GBP
2010-01-15 00:00:00,2010-01-23 00:00:00,1948,47918,1,296.5725,GBP
2010-01-15 00:00:00,2010-01-23 00:00:00,1948,47918,1,593.145,USD
2010-01-15 00:00:00,2010-01-23 00:00:00,1948,50021,1,296.5725,USD
2010-01-15 00:00:00,2010-01-23 00:00:00,1948,50158,1,296.5725,GBP
2010-01-15 00:00:00,2010-01-23 00:00:00,1948,51038,1,296.5725,GBP
2010-01-15 00:00:00,2010-01-23 00:00:00,1948,53104,1,296.5725,USD
2010-01-15 00:00:00,2010-01-23 00:00:00,1948,53188,1,296.5725,USD
2010-01-15 00:00:00,2010-01-23 00:00:00,1948,76013,1,296.5725,USD
2010-01-15 00:00:00,2010-01-23 00:00:00,1948,77630,1,296.5725,USD
2010-01-15 00:00:00,2010-01-23 00:00:00,1948,79902,1,296.5725,USD
2010-01-15 00:00:00,2010-01-23 00:00:00,1948,85236,1,296.5725,USD
2010-01-15 00:00:00,2010-01-23 00:00:00,1948,90630,1,296.5725,GBP
2010-01-15 00:00:00,2010-01-23 00:00:00,1948,91701,1,296.5725,USD
2010-01-15 00:00:00,2010-01-23 00:00:00,1948,92054,1,296.5725,GBP
2010-01-15 00:00:00,2010-01-23 00:00:00,1948,92065,1,296.5725,USD
2010-01-15 00:00:00,2010-01-23 00:00:00,1948,92627,8,2372.58,USD
2010-01-15 00:00:00,2010-01-23 00:00:00,1948,92648,1,296.5725,USD
2010-01-15 00:00:00,2010-01-23 00:00:00,1948,92677,1,296.5725,GBP
2010-01-15 00:00:00,2010-01-23 00:00:00,1948,92868,1,296.5725,GBP
2010-01-15 00:00:00,2010-01-23 00:00:00,1948,92887,2,593.145,USD
2010-01-15 00:00:00,2010-01-23 00:00:00,1948,93227,1,296.5725,USD
2010-01-15 00:00:00,2010-01-23 00:00:00,1948,94517,1,296.5725,USD
2010-01-15 00:00:00,2010-01-23 00:00:00,1948,97031,1,296.5725,GBP
2010-01-15 00:00:00,2010-01-23 00:00:00,1948,99577,1,296.5725,GBP
2010-01-15 00:00:00,2010-01-23 00:00:00,1949,19707,1,296.5725,USD
2010-01-15 00:00:00,2010-01-23 00:00:00,1949,21220,2,593.145,USD
2010-01-15 00:00:00,2010-01-23 00:00:00,1949,21221,1,296.5725,USD
2010-01-15 00:00:00,2010-01-23 00:00:00,1949,29819,1,296.5725,USD
2010-01-15 00:00:00,2010-01-23 00:00:00,1949,42320,1,296.5725,USD
2010-01-15 00:00:00,2010-01-23 00:00:00,1949,47918,1,1186.29,GBP
2010-01-15 00:00:00,2010-01-23 00:00:00,1949,47918,1,296.5725,USD
2010-01-15 00:00:00,2010-01-23 00:00:00,1949,64015,1,296.5725,USD
2010-01-15 00:00:00,2010-01-23 00:00:00,1949,64735,1,296.5725,USD
2010-01-15 00:00:00,2010-01-23 00:00:00,1949,67216,1,296.5725,USD
2010-01-15 00:00:00,2010-01-23 00:00:00,1949,70816,1,296.5725,USD
2010-01-15 00:00:00,2010-01-23 00:00:00,1949,74743,1,296.5725,USD
2010-01-15 00:00:00,2010-01-23 00:00:00,1949,75050,2,593.145,GBP
2010-01-15 00:00:00,2010-01-23 00:00:00,1949,76013,1,296.5725,USD
2010-01-15 00:00:00,2010-01-23 00:00:00,1949,76501,1,296.5725,GBP
2010-01-15 00:00:00,2010-01-23 00:00:00,1949,82834,1,296.5725,GBP
2010-01-15 00:00:00,2010-01-23 00:00:00,1949,83402,1,296.5725,USD
2010-01-15 00:00:00,2010-01-23 00:00:00,1949,83706,1,296.5725,GBP
2010-01-15 00:00:00,2010-01-23 00:00:00,1949,91042,1,296.5725,GBP
2010-01-15 00:00:00,2010-01-23 00:00:00,1949,91350,2,593.145,GBP
2010-01-15 00:00:00,2010-01-23 00:00:00,1949,92054,1,296.5725,USD
2010-01-15 00:00:00,2010-01-23 00:00:00,1949,92673,1,296.5725,GBP
2010-01-15 00:00:00,2010-01-23 00:00:00,1949,92677,1,296.5725,USD
2010-01-15 00:00:00,2010-01-23 00:00:00,1949,92821,1,296.5725,USD
2010-01-15 00:00:00,2010-01-23 00:00:00,1949,93242,1,296.5725,USD
2010-01-15 00:00:00,2010-01-23 00:00:00,1949,93274,2,593.145,GBP
2010-01-15 00:00:00,2010-01-23 00:00:00,1949,94521,1,296.5725,GBP
2010-01-15 00:00:00,2010-01-23 00:00:00,1949,97814,1,296.5725,USD
2010-01-15 00:00:00,2010-01-23 00:00:00,1949,99515,1,296.5725,USD
2010-01-15 00:00:00,2010-01-23 00:00:00,1956,21085,2,307.545,USD
2010-01-15 00:00:00,2010-01-23 00:00:00,1956,37618,1,153.7725,USD
2010-01-15 00:00:00,2010-01-23 00:00:00,1956,37642,1,153.7725,GBP
2010-01-15 00:00:00,2010-01-23 00:00:00,1956,38472,1,153.7725,GBP
2010-01-15 00:00:00,2010-01-23 00:00:00,1956,64012,1,153.7725,GBP
2010-01-15 00:00:00,2010-01-23 00:00:00,1957,21236,1,153.7725,GBP
2010-01-15 00:00:00,2010-01-23 00:00:00,1957,37620,2,307.545,USD
2010-01-15 00:00:00,2010-01-23 00:00:00,1957,38401,1,153.7725,GBP
2010-01-15 00:00:00,2010-01-23 00:00:00,1957,40391,1,153.7725,GBP
2010-01-15 00:00:00,2010-01-23 00:00:00,1957,47401,1,153.7725,GBP
2010-01-15 00:00:00,2010-01-23 00:00:00,1957,53168,1,153.7725,USD
2010-01-15 00:00:00,2010-01-23 00:00:00,1957,66414,1,153.7725,USD
2010-01-15 00:00:00,2010-01-23 00:00:00,1957,75043,1,153.7725,USD
2010-01-15 00:00:00,2010-01-23 00:00:00,1957,87532,1,153.7725,GBP
2010-01-15 00:00:00,2010-01-23 00:00:00,1957,92103,1,153.7725,USD
2010-01-15 00:00:00,2010-01-23 00:00:00,1957,92805,1,153.7725,USD
2010-01-15 00:00:00,2010-01-23 00:00:00,1957,93274,1,153.7725,GBP
2010-01-15 00:00:00,2010-01-23 00:00:00,1957,93436,1,153.7725,GBP
2010-01-15 00:00:00,2010-01-23 00:00:00,1957,93654,1,153.7725,USD
2010-01-15 00:00:00,2010-01-23 00:00:00,1960,06351,1,97.0725,GBP
2010-01-15 00:00:00,2010-01-23 00:00:00,1960,21613,2,194.145,USD
2010-01-15 00:00:00,2010-01-23 00:00:00,1960,35907,1,97.0725,GBP
2010-01-15 00:00:00,2010-01-23 00:00:00,1960,47802,1,291.21750000000003,GBP
2010-01-15 00:00:00,2010-01-23 00:00:00,1960,63124,1,97.0725,GBP
2010-01-15 00:00:00,2010-01-23 00:00:00,1960,72921,1,97.0725,GBP
2010-01-15 00:00:00,2010-01-23 00:00:00,1960,74020,1,97.0725,GBP
2010-01-15 00:00:00,2010-01-23 00:00:00,1960,76431,1,97.0725,GBP
2010-01-15 00:00:00,2010-01-23 00:00:00,1960,92692,1,97.0725,USD
2010-01-15 00:00:00,2010-01-23 00:00:00,1960,93536,1,97.0725,USD
2010-01-15 00:00:00,2010-01-23 00:00:00,1960,95670,1,97.0725,GBP
2010-01-15 00:00:00,2010-01-23 00:00:00,1960,97113,1,97.0725,GBP
2010-01-15 00:00:00,2010-01-23 00:00:00,1960,97478,1,97.0725,USD
2010-01-15 00:00:00,2010-01-23 00:00:00,1961,21771,1,97.0725,GBP
2010-01-15 00:00:00,2010-01-23 00:00:00,1961,35125,1,97.0725,USD
2010-01-15 00:00:00,2010-01-23 00:00:00,1961,47802,1,291.21750000000003,GBP
2010-01-15 00:00:00,2010-01-23 00:00:00,1961,74020,1,97.0725,USD
2010-01-15 00:00:00,2010-01-23 00:00:00,1961,75087,1,97.0725,USD
2010-01-15 00:00:00,2010-01-23 00:00:00,1961,76028,1,97.0725,USD
2010-01-15 00:00:00,2010-01-23 00:00:00,1961,83323,1,97.0725,USD
2010-01-15 00:00:00,2010-01-23 00:00:00,1961,93536,1,97.0725,GBP
2010-01-15 00:00:00,2010-01-23 00:00:00,1961,95949,1,97.0725,USD
2010-01-15 00:00:00,2010-01-23 00:00:00,1968,37027,1,230.9475,USD
2010-01-15 00:00:00,2010-01-23 00:00:00,1968,46773,1,238.8225,USD
2010-01-15 00:00:00,2010-01-23 00:00:00,1969,84066,1,236.1975,GBP
2010-01-15 00:00:00,2010-01-23 00:00:00,1969,91710,1,238.8225,USD
2010-01-15 00:00:00,2010-01-23 00:00:00,1969,91942,1,238.8225,GBP
2010-01-15 00:00:00,2010-01-23 00:00:00,1969,95959,1,238.8225,GBP
2010-01-15 00:00:00,2010-01-23 00:00:00,1974,06351,1,52.4475,USD
2010-01-15 00:00:00,2010-01-23 00:00:00,1974,29170,1,52.4475,USD
2010-01-15 00:00:00,2010-01-23 00:00:00,1974,29643,1,52.4475,USD
2010-01-15 00:00:00,2010-01-23 00:00:00,1974,35901,2,104.895,USD
2010-01-15 00:00:00,2010-01-23 00:00:00,1974,37075,1,52.4475,USD
2010-01-15 00:00:00,2010-01-23 00:00:00,1974,47167,1,52.4475,GBP
2010-01-15 00:00:00,2010-01-23 00:00:00,1974,47167,1,52.4475,USD
2010-01-15 00:00:00,2010-01-23 00:00:00,1974,64801,1,52.4475,USD
2010-01-15 00:00:00,2010-01-23 00:00:00,1974,77477,1,52.4475,USD
2010-01-15 00:00:00,2010-01-23 00:00:00,1974,77539,1,52.4475,USD
2010-01-15 00:00:00,2010-01-23 00:00:00,1974,85710,1,52.4475,USD
2010-01-15 00:00:00,2010-01-23 00:00:00,1974,92310,1,52.4475,USD
2010-01-15 00:00:00,2010-01-23 00:00:00,1974,99514,1,52.4475,USD
2010-01-15 00:00:00,2010-01-23 00:00:00,1975,06351,1,52.4475,GBP
2010-01-15 00:00:00,2010-01-23 00:00:00,1975,20706,1,52.4475,GBP
2010-01-15 00:00:00,2010-01-23 00:00:00,1975,29643,1,52.4475,GBP
2010-01-15 00:00:00,2010-01-23 00:00:00,1975,32534,1,52.4475,GBP
2010-01-15 00:00:00,2010-01-23 00:00:00,1975,32927,1,52.4475,GBP
2010-01-15 00:00:00,2010-01-23 00:00:00,1975,47167,1,52.4475,GBP
2010-01-15 00:00:00,2010-01-23 00:00:00,1975,47167,1,104.895,USD
2010-01-15 00:00:00,2010-01-23 00:00:00,1975,64801,1,52.4475,USD
2010-01-15 00:00:00,2010-01-23 00:00:00,1975,77096,1,52.4475,USD
2010-01-15 00:00:00,2010-01-23 00:00:00,1975,83443,1,52.4475,GBP
2010-01-15 00:00:00,2010-01-23 00:00:00,1975,83687,2,104.895,USD
2010-01-15 00:00:00,2010-01-23 00:00:00,1975,91911,1,52.4475,USD
2010-01-15 00:00:00,2010-01-23 00:00:00,1975,95746,2,104.895,USD
2010-01-15 00:00:00,2010-01-23 00:00:00,1975,99514,1,52.4475,USD
2010-01-15 00:00:00,2010-01-23 00:00:00,1979,92646,1,254.5725,GBP
2010-01-15 00:00:00,2010-01-23 00:00:00,1979,95032,1,254.5725,USD
2010-01-15 00:00:00,2010-01-23 00:00:00,1990,06096,1,257.1975,USD
2010-01-15 00:00:00,2010-01-23 00:00:00,1990,21221,1,257.1975,GBP
2010-01-15 00:00:00,2010-01-23 00:00:00,1990,21531,1,257.1975,USD
2010-01-15 00:00:00,2010-01-23 00:00:00,1990,33409,4,1028.79,USD
2010-01-15 00:00:00,2010-01-23 00:00:00,1990,33476,1,257.1975,USD
2010-01-15 00:00:00,2010-01-23 00:00:00,1990,37660,2,514.395,GBP
2010-01-15 00:00:00,2010-01-23 00:00:00,1990,42051,1,257.1975,USD
2010-01-15 00:00:00,2010-01-23 00:00:00,1990,46619,1,257.1975,USD
2010-01-15 00:00:00,2010-01-23 00:00:00,1990,47918,1,514.395,GBP
2010-01-15 00:00:00,2010-01-23 00:00:00,1990,51024,2,514.395,USD
2010-01-15 00:00:00,2010-01-23 00:00:00,1990,51108,1,257.1975,GBP
2010-01-15 00:00:00,2010-01-23 00:00:00,1990,54494,1,257.1975,USD
2010-01-15 00:00:00,2010-01-23 00:00:00,1990,54874,1,257.1975,USD
2010-01-15 00:00:00,2010-01-23 00:00:00,1990,90807,2,514.395,USD
2010-01-15 00:00:00,2010-01-23 00:00:00,1990,92106,1,257.1975,USD
2010-01-15 00:00:00,2010-01-23 00:00:00,1990,92324,1,257.1975,USD
2010-01-15 00:00:00,2010-01-23 00:00:00,1990,95822,2,514.395,GBP
2010-01-15 00:00:00,2010-01-23 00:00:00,1990,97124,3,771.5925,USD
2010-01-15 00:00:00,2010-01-23 00:00:00,2005,32738,1,299.1975,GBP
2010-01-15 00:00:00,2010-01-23 00:00:00,2005,77042,1,299.1975,USD
2010-01-15 00:00:00,2010-01-23 00:00:00,2005,85008,1,299.1975,GBP
2010-01-15 00:00:00,2010-01-23 00:00:00,2012,75040,1,372.6975,GBP
2010-01-15 00:00:00,2010-01-23 00:00:00,2012,90501,1,377.9475,USD
2010-01-15 00:00:00,2010-01-23 00:00:00,2012,90606,1,377.9475,GBP
2010-01-15 00:00:00,2010-01-23 00:00:00,2012,91362,1,377.9475,USD
2010-01-15 00:00:00,2010-01-23 00:00:00,2016,35603,1,299.1975,USD
2010-01-15 00:00:00,2010-01-23 00:00:00,2045,20707,1,409.4475,GBP
2010-01-15 00:00:00,2010-01-23 00:00:00,2045,32750,1,409.4475,GBP
2010-01-15 00:00:00,2010-01-23 00:00:00,2045,36862,1,409.4475,GBP
2010-01-15 00:00:00,2010-01-23 00:00:00,2045,46033,1,409.4475,GBP
2010-01-15 00:00:00,2010-01-23 00:00:00,2045,70770,1,409.4475,GBP
2010-01-15 00:00:00,2010-01-23 00:00:00,2045,74962,1,409.4475,GBP
2010-01-15 00:00:00,2010-01-23 00:00:00,2045,75784,1,409.4475,GBP
2010-01-15 00:00:00,2010-01-23 00:00:00,2045,76134,1,409.4475,GBP
2010-01-15 00:00:00,2010-01-23 00:00:00,2045,76542,1,409.4475,GBP
2010-01-15 00:00:00,2010-01-23 00:00:00,2045,78741,1,409.4475,GBP
2010-01-15 00:00:00,2010-01-23 00:00:00,2045,85064,1,409.4475,GBP
2010-01-15 00:00:00,2010-01-23 00:00:00,2045,95051,1,404.1975,USD
2010-01-15 00:00:00,2010-01-23 00:00:00,2047,07036,1,372.6975,USD
2010-01-15 00:00:00,2010-01-23 00:00:00,2047,35150,1,377.9475,GBP
2010-01-15 00:00:00,2010-01-23 00:00:00,2047,78245,1,377.9475,USD
2010-01-15 00:00:00,2010-01-23 00:00:00,2047,91768,1,377.9475,USD
2010-01-15 00:00:00,2010-01-23 00:00:00,2047,93065,1,377.9475,USD
2010-01-15 00:00:00,2010-01-23 00:00:00,2048,36066,1,477.6975,GBP
2010-01-15 00:00:00,2010-01-23 00:00:00,2050,71909,1,498.6975,USD
2010-01-15 00:00:00,2010-01-23 00:00:00,2050,79995,1,498.6975,GBP
2010-01-15 00:00:00,2010-01-23 00:00:00,2056,19904,1,325.4475,USD
2010-01-15 00:00:00,2010-01-23 00:00:00,2056,29044,1,325.4475,USD
2010-01-15 00:00:00,2010-01-23 00:00:00,2056,29150,1,325.4475,USD
2010-01-15 00:00:00,2010-01-23 00:00:00,2056,32542,1,320.1975,GBP
2010-01-15 00:00:00,2010-01-23 00:00:00,2056,39532,1,325.4475,GBP
2010-01-15 00:00:00,2010-01-23 00:00:00,2056,76542,1,325.4475,GBP
2010-01-15 00:00:00,2010-01-23 00:00:00,2056,78229,1,325.4475,USD
2010-01-15 00:00:00,2010-01-23 00:00:00,2057,37920,1,472.4475,GBP
2010-01-15 00:00:00,2010-01-23 00:00:00,2064,32266,1,488.1975,GBP
2010-01-15 00:00:00,2010-01-23 00:00:00,2064,63348,1,488.1975,GBP
2010-01-15 00:00:00,2010-01-23 00:00:00,2064,73013,1,488.1975,GBP
2010-01-15 00:00:00,2010-01-23 00:00:00,2064,93552,1,488.1975,GBP
2010-01-15 00:00:00,2010-01-23 00:00:00,2064,94549,3,1464.5925,USD
2010-01-15 00:00:00,2010-01-23 00:00:00,2064,95829,1,488.1975,GBP
2010-01-15 00:00:00,2010-01-23 00:00:00,2070,32608,1,519.6975,GBP
2010-01-15 00:00:00,2010-01-23 00:00:00,2070,34448,1,519.6975,USD
2010-01-15 00:00:00,2010-01-23 00:00:00,2070,40353,1,519.6975,GBP
2010-01-15 00:00:00,2010-01-23 00:00:00,2070,75951,1,519.6975,USD
2010-01-15 00:00:00,2010-01-23 00:00:00,2070,77336,1,519.6975,USD
2010-01-15 00:00:00,2010-01-23 00:00:00,2070,77510,1,519.6975,USD
2010-01-15 00:00:00,2010-01-23 00:00:00,2070,84065,1,519.6975,USD
2010-01-15 00:00:00,2010-01-23 00:00:00,2070,84713,1,519.6975,GBP
2010-01-15 00:00:00,2010-01-23 00:00:00,2070,93611,1,519.6975,GBP
2010-01-15 00:00:00,2010-01-23 00:00:00,2074,19904,1,328.0725,GBP
2010-01-15 00:00:00,2010-01-23 00:00:00,2074,33063,1,328.0725,USD
2010-01-15 00:00:00,2010-01-23 00:00:00,2074,33803,1,328.0725,GBP
2010-01-15 00:00:00,2010-01-23 00:00:00,2074,35601,1,328.0725,USD
2010-01-15 00:00:00,2010-01-23 00:00:00,2074,37186,1,328.0725,USD
2010-01-15 00:00:00,2010-01-23 00:00:00,2074,73115,1,328.0725,GBP
2010-01-15 00:00:00,2010-01-23 00:00:00,2074,75601,1,328.0725,USD
2010-01-15 00:00:00,2010-01-23 00:00:00,2074,94019,1,328.0725,USD
2010-01-15 00:00:00,2010-01-23 00:00:00,2081,32901,1,220.4475,GBP
2010-01-15 00:00:00,2010-01-23 00:00:00,2083,72601,1,309.6975,GBP
2010-01-15 00:00:00,2010-01-23 00:00:00,2083,79322,1,309.6975,GBP
2010-01-15 00:00:00,2010-01-23 00:00:00,2083,92345,1,309.6975,GBP
2010-01-15 00:00:00,2010-01-23 00:00:00,2083,95020,1,309.6975,GBP
2010-01-15 00:00:00,2010-01-23 00:00:00,2091,33543,1,152.1975,GBP
2010-01-15 00:00:00,2010-01-23 00:00:00,2091,88310,1,152.1975,GBP
2010-01-15 00:00:00,2010-01-23 00:00:00,2094,32539,1,433.0725,GBP
2010-01-15 00:00:00,2010-01-23 00:00:00,2094,33772,1,433.0725,GBP
2010-01-15 00:00:00,2010-01-23 00:00:00,2094,71118,1,433.0725,USD
2010-01-15 00:00:00,2010-01-23 00:00:00,2094,78664,1,433.0725,USD
2010-01-15 00:00:00,2010-01-23 00:00:00,2094,91941,1,433.0725,GBP
2010-01-15 00:00:00,2010-01-23 00:00:00,2094,93003,1,433.0725,GBP
2010-01-15 00:00:00,2010-01-23 00:00:00,2094,94305,1,433.0725,USD
2010-01-15 00:00:00,2010-01-23 00:00:00,2094,94564,1,433.0725,GBP
2010-01-15 00:00:00,2010-01-23 00:00:00,2094,95128,1,433.0725,USD
2010-01-15 00:00:00,2010-01-23 00:00:00,2121,85050,1,619.2375,GBP
2010-01-15 00:00:00,2010-01-23 00:00:00,2130,33145,1,472.2375,GBP
2010-01-15 00:00:00,2010-01-23 00:00:00,2161,54629,1,571.9875,USD
2010-01-15 00:00:00,2010-01-23 00:00:00,2167,90717,1,577.2375,GBP
2010-01-15 00:00:00,2010-01-23 00:00:00,2169,77089,1,535.2375,GBP
2010-01-15 00:00:00,2010-01-23 00:00:00,2188,94577,1,233.5725,GBP
2010-01-15 00:00:00,2010-01-23 00:00:00,2192,73078,1,202.0725,GBP
2010-01-15 00:00:00,2010-01-23 00:00:00,2192,87122,1,202.0725,USD
2010-01-15 00:00:00,2010-01-23 00:00:00,2192,97034,1,202.0725,GBP
2010-01-15 00:00:00,2010-01-23 00:00:00,2199,02852,1,178.4475,USD
2010-01-15 00:00:00,2010-01-23 00:00:00,2199,39110,1,178.4475,USD
2010-01-15 00:00:00,2010-01-23 00:00:00,2199,93514,1,178.4475,USD
2010-01-15 00:00:00,2010-01-23 00:00:00,2199,95205,1,178.4475,USD
2010-01-15 00:00:00,2010-01-23 00:00:00,2205,37122,1,173.1975,GBP
2010-01-15 00:00:00,2010-01-23 00:00:00,2210,20837,1,107.5725,USD
2010-01-15 00:00:00,2010-01-23 00:00:00,2210,33326,1,107.5725,GBP
2010-01-15 00:00:00,2010-01-23 00:00:00,2210,33853,1,107.5725,USD
2010-01-15 00:00:00,2010-01-23 00:00:00,2210,34431,1,107.5725,GBP
2010-01-15 00:00:00,2010-01-23 00:00:00,2210,37167,1,107.5725,USD
2010-01-15 00:00:00,2010-01-23 00:00:00,2210,39476,1,107.5725,GBP
2010-01-15 00:00:00,2010-01-23 00:00:00,2210,73071,1,107.5725,GBP
2010-01-15 00:00:00,2010-01-23 00:00:00,2210,74701,1,107.5725,GBP
2010-01-15 00:00:00,2010-01-23 00:00:00,2210,77062,1,107.5725,USD
2010-01-15 00:00:00,2010-01-23 00:00:00,2210,77705,1,104.9475,USD
2010-01-15 00:00:00,2010-01-23 00:00:00,2210,84312,1,107.5725,GBP
2010-01-15 00:00:00,2010-01-23 00:00:00,2210,97068,1,107.5725,GBP
2010-01-15 00:00:00,2010-01-23 00:00:00,2211,07675,1,107.5725,GBP
2010-01-15 00:00:00,2010-01-23 00:00:00,2211,21773,1,107.5725,GBP
2010-01-15 00:00:00,2010-01-23 00:00:00,2211,21915,1,107.5725,USD
2010-01-15 00:00:00,2010-01-23 00:00:00,2211,33569,1,107.5725,GBP
2010-01-15 00:00:00,2010-01-23 00:00:00,2211,36921,1,107.5725,USD
2010-01-15 00:00:00,2010-01-23 00:00:00,2211,42142,1,107.5725,USD
2010-01-15 00:00:00,2010-01-23 00:00:00,2211,47022,1,107.5725,GBP
2010-01-15 00:00:00,2010-01-23 00:00:00,2211,66514,1,107.5725,USD
2010-01-15 00:00:00,2010-01-23 00:00:00,2211,73072,1,107.5725,GBP
2010-01-15 00:00:00,2010-01-23 00:00:00,2211,73093,1,107.5725,GBP
2010-01-15 00:00:00,2010-01-23 00:00:00,2211,74033,1,107.5725,GBP
2010-01-15 00:00:00,2010-01-23 00:00:00,2211,74354,1,107.5725,USD
2010-01-15 00:00:00,2010-01-23 00:00:00,2211,74884,1,107.5725,USD
2010-01-15 00:00:00,2010-01-23 00:00:00,2211,77450,2,215.145,USD
2010-01-15 00:00:00,2010-01-23 00:00:00,2211,84312,1,107.5725,USD
2010-01-15 00:00:00,2010-01-23 00:00:00,2211,85282,2,215.145,USD
2010-01-15 00:00:00,2010-01-23 00:00:00,2234,01060,1,65.5725,USD
2010-01-15 00:00:00,2010-01-23 00:00:00,2234,02814,1,65.5725,USD
2010-01-15 00:00:00,2010-01-23 00:00:00,2234,07927,1,65.5725,USD
2010-01-15 00:00:00,2010-01-23 00:00:00,2234,08854,1,65.5725,GBP
2010-01-15 00:00:00,2010-01-23 00:00:00,2234,20776,2,131.145,USD
2010-01-15 00:00:00,2010-01-23 00:00:00,2234,20872,1,65.5725,USD
2010-01-15 00:00:00,2010-01-23 00:00:00,2234,21113,2,131.145,USD
2010-01-15 00:00:00,2010-01-23 00:00:00,2234,29627,1,65.5725,GBP
2010-01-15 00:00:00,2010-01-23 00:00:00,2234,32617,1,65.5725,USD
2010-01-15 00:00:00,2010-01-23 00:00:00,2234,32686,1,65.5725,USD
2010-01-15 00:00:00,2010-01-23 00:00:00,2234,33525,1,65.5725,USD
2010-01-15 00:00:00,2010-01-23 00:00:00,2234,34669,1,65.5725,GBP
2010-01-15 00:00:00,2010-01-23 00:00:00,2234,34741,2,131.145,USD
2010-01-15 00:00:00,2010-01-23 00:00:00,2234,35592,1,65.5725,GBP
2010-01-15 00:00:00,2010-01-23 00:00:00,2234,35907,3,196.7175,GBP
2010-01-15 00:00:00,2010-01-23 00:00:00,2234,36532,1,65.5725,USD
2010-01-15 00:00:00,2010-01-23 00:00:00,2234,37062,1,65.5725,GBP
2010-01-15 00:00:00,2010-01-23 00:00:00,2234,37167,1,65.5725,USD
2010-01-15 00:00:00,2010-01-23 00:00:00,2234,37209,1,65.5725,USD
2010-01-15 00:00:00,2010-01-23 00:00:00,2234,37308,1,65.5725,GBP
2010-01-15 00:00:00,2010-01-23 00:00:00,2234,39480,1,65.5725,USD
2010-01-15 00:00:00,2010-01-23 00:00:00,2234,46055,1,65.5725,USD
2010-01-15 00:00:00,2010-01-23 00:00:00,2234,46222,1,65.5725,GBP
2010-01-15 00:00:00,2010-01-23 00:00:00,2234,52101,1,65.5725,USD
2010-01-15 00:00:00,2010-01-23 00:00:00,2234,55303,1,65.5725,USD
2010-01-15 00:00:00,2010-01-23 00:00:00,2234,63764,1,65.5725,GBP
2010-01-15 00:00:00,2010-01-23 00:00:00,2234,63901,1,65.5725,USD
2010-01-15 00:00:00,2010-01-23 00:00:00,2234,70401,1,65.5725,GBP
2010-01-15 00:00:00,2010-01-23 00:00:00,2234,72032,1,65.5725,USD
2010-01-15 00:00:00,2010-01-23 00:00:00,2234,73641,1,65.5725,GBP
2010-01-15 00:00:00,2010-01-23 00:00:00,2234,75002,1,65.5725,USD
2010-01-15 00:00:00,2010-01-23 00:00:00,2234,75052,1,65.5725,USD
2010-01-15 00:00:00,2010-01-23 00:00:00,2234,75154,1,65.5725,GBP
2010-01-15 00:00:00,2010-01-23 00:00:00,2234,75703,1,65.5725,USD
2010-01-15 00:00:00,2010-01-23 00:00:00,2234,78745,1,65.5725,USD
2010-01-15 00:00:00,2010-01-23 00:00:00,2234,83651,1,65.5725,USD
2010-01-15 00:00:00,2010-01-23 00:00:00,2234,83705,1,65.5725,USD
2010-01-15 00:00:00,2010-01-23 00:00:00,2234,84341,1,65.5725,USD
2010-01-15 00:00:00,2010-01-23 00:00:00,2234,85018,1,65.5725,USD
2010-01-15 00:00:00,2010-01-23 00:00:00,2234,85326,1,65.5725,GBP
2010-01-15 00:00:00,2010-01-23 00:00:00,2234,88011,1,65.5725,GBP
2010-01-15 00:00:00,2010-01-23 00:00:00,2234,88340,1,65.5725,USD
2010-01-15 00:00:00,2010-01-23 00:00:00,2234,91302,1,65.5725,USD
2010-01-15 00:00:00,2010-01-23 00:00:00,2234,91350,2,131.145,USD
2010-01-15 00:00:00,2010-01-23 00:00:00,2234,92376,3,196.7175,USD
2010-01-15 00:00:00,2010-01-23 00:00:00,2234,92592,1,65.5725,USD
2010-01-15 00:00:00,2010-01-23 00:00:00,2234,92821,1,65.5725,GBP
2010-01-15 00:00:00,2010-01-23 00:00:00,2234,93021,1,65.5725,USD
2010-01-15 00:00:00,2010-01-23 00:00:00,2234,93285,1,65.5725,USD
2010-01-15 00:00:00,2010-01-23 00:00:00,2234,93401,1,65.5725,USD
2010-01-15 00:00:00,2010-01-23 00:00:00,2234,94565,1,65.5725,USD
2010-01-15 00:00:00,2010-01-23 00:00:00,2234,94903,1,65.5725,USD
2010-01-15 00:00:00,2010-01-23 00:00:00,2235,01531,1,65.5725,GBP
2010-01-15 00:00:00,2010-01-23 00:00:00,2235,06851,1,65.5725,GBP
2010-01-15 00:00:00,2010-01-23 00:00:00,2235,07666,1,65.5725,USD
2010-01-15 00:00:00,2010-01-23 00:00:00,2235,20872,1,65.5725,GBP
2010-01-15 00:00:00,2010-01-23 00:00:00,2235,21207,1,65.5725,USD
2010-01-15 00:00:00,2010-01-23 00:00:00,2235,21213,3,196.7175,GBP
2010-01-15 00:00:00,2010-01-23 00:00:00,2235,21613,1,65.5725,GBP
2010-01-15 00:00:00,2010-01-23 00:00:00,2235,32124,2,131.145,GBP
2010-01-15 00:00:00,2010-01-23 00:00:00,2235,32447,1,65.5725,USD
2010-01-15 00:00:00,2010-01-23 00:00:00,2235,32666,1,65.5725,GBP
2010-01-15 00:00:00,2010-01-23 00:00:00,2235,32746,1,65.5725,USD
2010-01-15 00:00:00,2010-01-23 00:00:00,2235,32776,1,65.5725,GBP
2010-01-15 00:00:00,2010-01-23 00:00:00,2235,32927,1,65.5725,USD
2010-01-15 00:00:00,2010-01-23 00:00:00,2235,33324,1,65.5725,USD
2010-01-15 00:00:00,2010-01-23 00:00:00,2235,34475,1,65.5725,GBP
2010-01-15 00:00:00,2010-01-23 00:00:00,2235,34482,1,65.5725,GBP
2010-01-15 00:00:00,2010-01-23 00:00:00,2235,34669,1,65.5725,GBP
2010-01-15 00:00:00,2010-01-23 00:00:00,2235,34741,2,131.145,USD
2010-01-15 00:00:00,2010-01-23 00:00:00,2235,34982,1,65.5725,GBP
2010-01-15 00:00:00,2010-01-23 00:00:00,2235,36323,1,65.5725,GBP
2010-01-15 00:00:00,2010-01-23 00:00:00,2235,36618,1,65.5725,GBP
2010-01-15 00:00:00,2010-01-23 00:00:00,2235,37048,1,65.5725,GBP
2010-01-15 00:00:00,2010-01-23 00:00:00,2235,37211,1,65.5725,USD
2010-01-15 00:00:00,2010-01-23 00:00:00,2235,39455,1,65.5725,USD
2010-01-15 00:00:00,2010-01-23 00:00:00,2235,47025,1,65.5725,USD
2010-01-15 00:00:00,2010-01-23 00:00:00,2235,52722,1,65.5725,GBP
2010-01-15 00:00:00,2010-01-23 00:00:00,2235,55303,1,65.5725,GBP
2010-01-15 00:00:00,2010-01-23 00:00:00,2235,55341,1,65.5725,GBP
2010-01-15 00:00:00,2010-01-23 00:00:00,2235,63764,1,65.5725,GBP
2010-01-15 00:00:00,2010-01-23 00:00:00,2235,70041,1,65.5725,USD
2010-01-15 00:00:00,2010-01-23 00:00:00,2235,70518,1,65.5725,USD
2010-01-15 00:00:00,2010-01-23 00:00:00,2235,71837,1,65.5725,GBP
2010-01-15 00:00:00,2010-01-23 00:00:00,2235,73093,1,65.5725,GBP
2010-01-15 00:00:00,2010-01-23 00:00:00,2235,73099,1,65.5725,USD
2010-01-15 00:00:00,2010-01-23 00:00:00,2235,73641,1,65.5725,GBP
2010-01-15 00:00:00,2010-01-23 00:00:00,2235,74854,1,65.5725,GBP
2010-01-15 00:00:00,2010-01-23 00:00:00,2235,75002,1,65.5725,USD
2010-01-15 00:00:00,2010-01-23 00:00:00,2235,75053,1,65.5725,GBP
2010-01-15 00:00:00,2010-01-23 00:00:00,2235,75061,1,65.5725,GBP
2010-01-15 00:00:00,2010-01-23 00:00:00,2235,75065,2,131.145,USD
2010-01-15 00:00:00,2010-01-23 00:00:00,2235,75835,1,65.5725,USD
2010-01-15 00:00:00,2010-01-23 00:00:00,2235,76092,1,65.5725,GBP
2010-01-15 00:00:00,2010-01-23 00:00:00,2235,77520,1,65.5725,GBP
2010-01-15 00:00:00,2010-01-23 00:00:00,2235,77573,1,65.5725,USD
2010-01-15 00:00:00,2010-01-23 00:00:00,2235,77611,1,65.5725,GBP
2010-01-15 00:00:00,2010-01-23 00:00:00,2235,77836,1,65.5725,USD
2010-01-15 00:00:00,2010-01-23 00:00:00,2235,83651,1,65.5725,GBP
2010-01-15 00:00:00,2010-01-23 00:00:00,2235,84118,1,65.5725,USD
2010-01-15 00:00:00,2010-01-23 00:00:00,2235,85018,1,65.5725,GBP
2010-01-15 00:00:00,2010-01-23 00:00:00,2235,85024,1,65.5725,GBP
2010-01-15 00:00:00,2010-01-23 00:00:00,2235,85268,2,131.145,USD
2010-01-15 00:00:00,2010-01-23 00:00:00,2235,85308,1,65.5725,GBP
2010-01-15 00:00:00,2010-01-23 00:00:00,2235,85326,1,65.5725,USD
2010-01-15 00:00:00,2010-01-23 00:00:00,2235,91739,1,65.5725,USD
2010-01-15 00:00:00,2010-01-23 00:00:00,2235,92026,1,65.5725,GBP
2010-01-15 00:00:00,2010-01-23 00:00:00,2235,93041,1,65.5725,USD
2010-01-15 00:00:00,2010-01-23 00:00:00,2235,93401,1,65.5725,GBP
2010-01-15 00:00:00,2010-01-23 00:00:00,2235,95121,1,65.5725,USD
2010-01-15 00:00:00,2010-01-23 00:00:00,2246,32533,1,131.1975,GBP
2010-01-15 00:00:00,2010-01-23 00:00:00,2246,32927,1,131.1975,GBP
2010-01-15 00:00:00,2010-01-23 00:00:00,2246,75075,1,131.1975,GBP
2010-01-15 00:00:00,2010-01-23 00:00:00,2246,95494,1,131.1975,USD
2010-01-15 00:00:00,2010-01-23 00:00:00,2254,02360,1,57.6975,GBP
2010-01-15 00:00:00,2010-01-23 00:00:00,2254,02745,1,57.6975,USD
2010-01-15 00:00:00,2010-01-23 00:00:00,2254,07078,2,115.395,GBP
2010-01-15 00:00:00,2010-01-23 00:00:00,2254,08854,1,57.6975,GBP
2010-01-15 00:00:00,2010-01-23 00:00:00,2254,19971,2,115.395,GBP
2010-01-15 00:00:00,2010-01-23 00:00:00,2254,21032,1,57.6975,USD
2010-01-15 00:00:00,2010-01-23 00:00:00,2254,21163,1,57.6975,USD
2010-01-15 00:00:00,2010-01-23 00:00:00,2254,29710,1,57.6975,GBP
2010-01-15 00:00:00,2010-01-23 00:00:00,2254,32577,1,57.6975,GBP
2010-01-15 00:00:00,2010-01-23 00:00:00,2254,32653,1,57.6975,GBP
2010-01-15 00:00:00,2010-01-23 00:00:00,2254,32724,1,57.6975,GBP
2010-01-15 00:00:00,2010-01-23 00:00:00,2254,32746,1,57.6975,GBP
2010-01-15 00:00:00,2010-01-23 00:00:00,2254,33844,1,57.6975,GBP
2010-01-15 00:00:00,2010-01-23 00:00:00,2254,33860,1,57.6975,USD
2010-01-15 00:00:00,2010-01-23 00:00:00,2254,36054,1,57.6975,USD
2010-01-15 00:00:00,2010-01-23 00:00:00,2254,39530,1,57.6975,GBP
2010-01-15 00:00:00,2010-01-23 00:00:00,2254,39601,1,57.6975,GBP
2010-01-15 00:00:00,2010-01-23 00:00:00,2254,40004,1,57.6975,GBP
2010-01-15 00:00:00,2010-01-23 00:00:00,2254,42718,1,57.6975,USD
2010-01-15 00:00:00,2010-01-23 00:00:00,2254,46040,1,57.6975,GBP
2010-01-15 00:00:00,2010-01-23 00:00:00,2254,46254,1,57.6975,GBP
2010-01-15 00:00:00,2010-01-23 00:00:00,2254,58623,1,57.6975,GBP
2010-01-15 00:00:00,2010-01-23 00:00:00,2254,63822,1,57.6975,GBP
2010-01-15 00:00:00,2010-01-23 00:00:00,2254,64504,1,70.8225,USD
2010-01-15 00:00:00,2010-01-23 00:00:00,2254,64861,1,57.6975,GBP
2010-01-15 00:00:00,2010-01-23 00:00:00,2254,69360,1,57.6975,GBP
2010-01-15 00:00:00,2010-01-23 00:00:00,2254,73099,1,57.6975,GBP
2010-01-15 00:00:00,2010-01-23 00:00:00,2254,77327,3,173.0925,USD
2010-01-15 00:00:00,2010-01-23 00:00:00,2254,78582,1,57.6975,USD
2010-01-15 00:00:00,2010-01-23 00:00:00,2254,82401,1,57.6975,USD
2010-01-15 00:00:00,2010-01-23 00:00:00,2254,83713,1,57.6975,USD
2010-01-15 00:00:00,2010-01-23 00:00:00,2254,83835,1,57.6975,GBP
2010-01-15 00:00:00,2010-01-23 00:00:00,2254,85224,1,57.6975,USD
2010-01-15 00:00:00,2010-01-23 00:00:00,2254,85737,1,57.6975,USD
2010-01-15 00:00:00,2010-01-23 00:00:00,2254,86406,1,57.6975,USD
2010-01-15 00:00:00,2010-01-23 00:00:00,2254,90278,1,57.6975,USD
2010-01-15 00:00:00,2010-01-23 00:00:00,2254,91701,2,115.395,USD
2010-01-15 00:00:00,2010-01-23 00:00:00,2254,91768,1,57.6975,USD
2010-01-15 00:00:00,2010-01-23 00:00:00,2254,92337,1,57.6975,USD
2010-01-15 00:00:00,2010-01-23 00:00:00,2254,92374,1,57.6975,GBP
2010-01-15 00:00:00,2010-01-23 00:00:00,2254,93030,1,57.6975,USD
2010-01-15 00:00:00,2010-01-23 00:00:00,2254,93210,1,57.6975,USD
2010-01-15 00:00:00,2010-01-23 00:00:00,2254,93215,1,57.6975,USD
2010-01-15 00:00:00,2010-01-23 00:00:00,2254,93313,1,57.6975,GBP
2010-01-15 00:00:00,2010-01-23 00:00:00,2254,93465,1,57.6975,GBP
2010-01-15 00:00:00,2010-01-23 00:00:00,2254,94513,1,57.6975,USD
2010-01-15 00:00:00,2010-01-23 00:00:00,2254,94566,1,57.6975,GBP
2010-01-15 00:00:00,2010-01-23 00:00:00,2254,95122,1,57.6975,GBP
2010-01-15 00:00:00,2010-01-23 00:00:00,2254,95485,1,57.6975,USD
2010-01-15 00:00:00,2010-01-23 00:00:00,2254,95631,2,115.395,GBP
2010-01-15 00:00:00,2010-01-23 00:00:00,2254,95926,1,57.6975,USD
2010-01-15 00:00:00,2010-01-23 00:00:00,2254,97420,1,57.6975,USD
2010-01-15 00:00:00,2010-01-23 00:00:00,2255,02539,1,57.6975,GBP
2010-01-15 00:00:00,2010-01-23 00:00:00,2255,02745,1,57.6975,USD
2010-01-15 00:00:00,2010-01-23 00:00:00,2255,20837,2,115.395,USD
2010-01-15 00:00:00,2010-01-23 00:00:00,2255,21032,1,57.6975,USD
2010-01-15 00:00:00,2010-01-23 00:00:00,2255,21214,1,70.8225,USD
2010-01-15 00:00:00,2010-01-23 00:00:00,2255,21773,1,57.6975,USD
2010-01-15 00:00:00,2010-01-23 00:00:00,2255,21783,1,57.6975,GBP
2010-01-15 00:00:00,2010-01-23 00:00:00,2255,29635,1,57.6975,USD
2010-01-15 00:00:00,2010-01-23 00:00:00,2255,32669,1,57.6975,GBP
2010-01-15 00:00:00,2010-01-23 00:00:00,2255,33844,1,57.6975,USD
2010-01-15 00:00:00,2010-01-23 00:00:00,2255,36029,2,115.395,GBP
2010-01-15 00:00:00,2010-01-23 00:00:00,2255,36108,1,70.8225,USD
2010-01-15 00:00:00,2010-01-23 00:00:00,2255,39601,1,57.6975,USD
2010-01-15 00:00:00,2010-01-23 00:00:00,2255,41031,1,57.6975,GBP
2010-01-15 00:00:00,2010-01-23 00:00:00,2255,41501,1,57.6975,GBP
2010-01-15 00:00:00,2010-01-23 00:00:00,2255,46222,1,57.6975,GBP
2010-01-15 00:00:00,2010-01-23 00:00:00,2255,52172,1,57.6975,GBP
2010-01-15 00:00:00,2010-01-23 00:00:00,2255,54302,1,57.6975,USD
2010-01-15 00:00:00,2010-01-23 00:00:00,2255,70518,1,57.6975,GBP
2010-01-15 00:00:00,2010-01-23 00:00:00,2255,71106,1,57.6975,GBP
2010-01-15 00:00:00,2010-01-23 00:00:00,2255,71112,1,57.6975,USD
2010-01-15 00:00:00,2010-01-23 00:00:00,2255,71292,1,57.6975,GBP
2010-01-15 00:00:00,2010-01-23 00:00:00,2255,74354,1,70.8225,USD
2010-01-15 00:00:00,2010-01-23 00:00:00,2255,75125,1,57.6975,GBP
2010-01-15 00:00:00,2010-01-23 00:00:00,2255,75181,1,57.6975,GBP
2010-01-15 00:00:00,2010-01-23 00:00:00,2255,77469,1,70.8225,GBP
2010-01-15 00:00:00,2010-01-23 00:00:00,2255,77713,1,57.6975,USD
2010-01-15 00:00:00,2010-01-23 00:00:00,2255,83544,1,70.8225,USD
2010-01-15 00:00:00,2010-01-23 00:00:00,2255,83672,1,57.6975,GBP
2010-01-15 00:00:00,2010-01-23 00:00:00,2255,85260,2,115.395,GBP
2010-01-15 00:00:00,2010-01-23 00:00:00,2255,86403,1,57.6975,USD
2010-01-15 00:00:00,2010-01-23 00:00:00,2255,89031,1,57.6975,GBP
2010-01-15 00:00:00,2010-01-23 00:00:00,2255,91350,1,57.6975,GBP
2010-01-15 00:00:00,2010-01-23 00:00:00,2255,92337,1,57.6975,GBP
2010-01-15 00:00:00,2010-01-23 00:00:00,2255,92374,1,57.6975,GBP
2010-01-15 00:00:00,2010-01-23 00:00:00,2255,92646,2,115.395,GBP
2010-01-15 00:00:00,2010-01-23 00:00:00,2255,93035,1,57.6975,USD
2010-01-15 00:00:00,2010-01-23 00:00:00,2255,93215,1,57.6975,GBP
2010-01-15 00:00:00,2010-01-23 00:00:00,2255,94517,1,57.6975,GBP
2010-01-15 00:00:00,2010-01-23 00:00:00,2255,95035,1,57.6975,GBP
2010-01-15 00:00:00,2010-01-23 00:00:00,2255,95382,1,57.6975,USD
2010-01-15 00:00:00,2010-01-23 00:00:00,2255,95631,2,115.395,GBP
2010-01-15 00:00:00,2010-01-23 00:00:00,2255,97058,1,57.6975,GBP
2010-01-15 00:00:00,2010-01-23 00:00:00,2255,97068,1,57.6975,GBP
2010-01-15 00:00:00,2010-01-23 00:00:00,2255,97470,1,57.6975,USD
2010-01-15 00:00:00,2010-01-23 00:00:00,2274,64748,1,293.9475,GBP
2010-01-15 00:00:00,2010-01-23 00:00:00,2277,01077,1,251.9475,GBP
2010-01-15 00:00:00,2010-01-23 00:00:00,2277,02324,1,251.9475,GBP
2010-01-15 00:00:00,2010-01-23 00:00:00,2277,07428,1,251.9475,GBP
2010-01-15 00:00:00,2010-01-23 00:00:00,2277,19802,1,251.9475,GBP
2010-01-15 00:00:00,2010-01-23 00:00:00,2277,21704,1,251.9475,USD
2010-01-15 00:00:00,2010-01-23 00:00:00,2277,29712,1,251.9475,GBP
2010-01-15 00:00:00,2010-01-23 00:00:00,2277,33024,2,503.895,USD
2010-01-15 00:00:00,2010-01-23 00:00:00,2277,33063,1,251.9475,USD
2010-01-15 00:00:00,2010-01-23 00:00:00,2277,33860,1,251.9475,GBP
2010-01-15 00:00:00,2010-01-23 00:00:00,2277,41727,1,251.9475,GBP
2010-01-15 00:00:00,2010-01-23 00:00:00,2277,46060,1,251.9475,GBP
2010-01-15 00:00:00,2010-01-23 00:00:00,2277,46311,2,503.895,GBP
2010-01-15 00:00:00,2010-01-23 00:00:00,2277,57793,1,251.9475,GBP
2010-01-15 00:00:00,2010-01-23 00:00:00,2277,66442,1,228.3225,USD
2010-01-15 00:00:00,2010-01-23 00:00:00,2277,70394,1,251.9475,GBP
2010-01-15 00:00:00,2010-01-23 00:00:00,2277,70518,1,251.9475,USD
2010-01-15 00:00:00,2010-01-23 00:00:00,2277,70739,1,251.9475,GBP
2010-01-15 00:00:00,2010-01-23 00:00:00,2277,76048,1,251.9475,GBP
2010-01-15 00:00:00,2010-01-23 00:00:00,2277,76087,1,251.9475,GBP
2010-01-15 00:00:00,2010-01-23 00:00:00,2277,76401,1,251.9475,GBP
2010-01-15 00:00:00,2010-01-23 00:00:00,2277,77379,1,251.9475,GBP
2010-01-15 00:00:00,2010-01-23 00:00:00,2277,77536,1,251.9475,GBP
2010-01-15 00:00:00,2010-01-23 00:00:00,2277,83001,2,503.895,GBP
2010-01-15 00:00:00,2010-01-23 00:00:00,2277,84003,1,251.9475,USD
2010-01-15 00:00:00,2010-01-23 00:00:00,2277,89130,1,251.9475,GBP
2010-01-15 00:00:00,2010-01-23 00:00:00,2277,91006,1,251.9475,USD
2010-01-15 00:00:00,2010-01-23 00:00:00,2277,92057,1,251.9475,USD
2010-01-15 00:00:00,2010-01-23 00:00:00,2277,92586,1,251.9475,GBP
2010-01-15 00:00:00,2010-01-23 00:00:00,2277,92618,1,251.9475,USD
2010-01-15 00:00:00,2010-01-23 00:00:00,2277,92887,1,251.9475,GBP
2010-01-15 00:00:00,2010-01-23 00:00:00,2277,93063,1,251.9475,GBP
2010-01-15 00:00:00,2010-01-23 00:00:00,2277,93308,1,251.9475,GBP
2010-01-15 00:00:00,2010-01-23 00:00:00,2277,94513,1,251.9475,GBP
2010-01-15 00:00:00,2010-01-23 00:00:00,2277,94550,1,251.9475,USD
2010-01-15 00:00:00,2010-01-23 00:00:00,2277,95124,1,251.9475,GBP
2010-01-15 00:00:00,2010-01-23 00:00:00,2277,95693,1,251.9475,GBP
2010-01-15 00:00:00,2010-01-23 00:00:00,2277,97756,1,251.9475,USD
2010-01-15 00:00:00,2010-01-23 00:00:00,2279,07470,2,330.645,GBP
2010-01-15 00:00:00,2010-01-23 00:00:00,2279,33157,1,165.3225,GBP
2010-01-15 00:00:00,2010-01-23 00:00:00,2279,34952,1,165.3225,USD
2010-01-15 00:00:00,2010-01-23 00:00:00,2279,73065,1,165.3225,USD
2010-01-15 00:00:00,2010-01-23 00:00:00,2279,76117,1,165.3225,GBP
2010-01-15 00:00:00,2010-01-23 00:00:00,2279,89108,1,165.3225,USD
2010-01-15 00:00:00,2010-01-23 00:00:00,2279,89436,2,330.645,GBP
2010-01-15 00:00:00,2010-01-23 00:00:00,2279,91367,1,165.3225,USD
2010-01-15 00:00:00,2010-01-23 00:00:00,2279,92595,2,330.645,GBP
2010-01-15 00:00:00,2010-01-23 00:00:00,2279,93510,1,165.3225,GBP
2010-01-15 00:00:00,2010-01-23 00:00:00,2279,94513,1,165.3225,USD
2010-01-15 00:00:00,2010-01-23 00:00:00,2279,95123,1,165.3225,GBP
2010-01-15 00:00:00,2010-01-23 00:00:00,2282,02019,1,304.4475,GBP
2010-01-15 00:00:00,2010-01-23 00:00:00,2282,02048,1,304.4475,GBP
2010-01-15 00:00:00,2010-01-23 00:00:00,2282,06811,1,304.4475,USD
2010-01-15 00:00:00,2010-01-23 00:00:00,2282,08527,1,304.4475,GBP
2010-01-15 00:00:00,2010-01-23 00:00:00,2282,20619,1,304.4475,GBP
2010-01-15 00:00:00,2010-01-23 00:00:00,2282,21901,1,304.4475,USD
2010-01-15 00:00:00,2010-01-23 00:00:00,2282,33024,2,608.895,GBP
2010-01-15 00:00:00,2010-01-23 00:00:00,2282,36117,1,304.4475,GBP
2010-01-15 00:00:00,2010-01-23 00:00:00,2282,42327,1,608.895,USD
2010-01-15 00:00:00,2010-01-23 00:00:00,2282,47501,1,304.4475,GBP
2010-01-15 00:00:00,2010-01-23 00:00:00,2282,50315,1,304.4475,USD
2010-01-15 00:00:00,2010-01-23 00:00:00,2282,53121,1,304.4475,GBP
2010-01-15 00:00:00,2010-01-23 00:00:00,2282,59412,1,304.4475,USD
2010-01-15 00:00:00,2010-01-23 00:00:00,2282,65536,1,304.4475,USD
2010-01-15 00:00:00,2010-01-23 00:00:00,2282,70005,1,304.4475,GBP
2010-01-15 00:00:00,2010-01-23 00:00:00,2282,70805,1,304.4475,GBP
2010-01-15 00:00:00,2010-01-23 00:00:00,2282,74048,1,304.4475,USD
2010-01-15 00:00:00,2010-01-23 00:00:00,2282,75002,1,304.4475,GBP
2010-01-15 00:00:00,2010-01-23 00:00:00,2282,76248,1,304.4475,USD
2010-01-15 00:00:00,2010-01-23 00:00:00,2282,77586,2,608.895,GBP
2010-01-15 00:00:00,2010-01-23 00:00:00,2282,83001,1,304.4475,GBP
2010-01-15 00:00:00,2010-01-23 00:00:00,2282,83705,1,304.4475,GBP
2010-01-15 00:00:00,2010-01-23 00:00:00,2282,84058,3,913.3425,GBP
2010-01-15 00:00:00,2010-01-23 00:00:00,2282,85268,1,304.4475,USD
2010-01-15 00:00:00,2010-01-23 00:00:00,2282,85296,1,304.4475,GBP
2010-01-15 00:00:00,2010-01-23 00:00:00,2282,85713,1,304.4475,GBP
2010-01-15 00:00:00,2010-01-23 00:00:00,2282,89147,3,913.3425,GBP
2010-01-15 00:00:00,2010-01-23 00:00:00,2282,90703,1,304.4475,GBP
2010-01-15 00:00:00,2010-01-23 00:00:00,2282,90717,2,608.895,GBP
2010-01-15 00:00:00,2010-01-23 00:00:00,2282,91722,2,608.895,GBP
2010-01-15 00:00:00,2010-01-23 00:00:00,2282,91773,1,304.4475,GBP
2010-01-15 00:00:00,2010-01-23 00:00:00,2282,91942,2,608.895,USD
2010-01-15 00:00:00,2010-01-23 00:00:00,2282,92253,1,304.4475,GBP
2010-01-15 00:00:00,2010-01-23 00:00:00,2282,92591,1,304.4475,GBP
2010-01-15 00:00:00,2010-01-23 00:00:00,2282,92592,1,304.4475,USD
2010-01-15 00:00:00,2010-01-23 00:00:00,2282,93274,1,304.4475,GBP
2010-01-15 00:00:00,2010-01-23 00:00:00,2282,93308,1,304.4475,GBP
2010-01-15 00:00:00,2010-01-23 00:00:00,2282,93535,4,1217.79,GBP
2010-01-15 00:00:00,2010-01-23 00:00:00,2282,93635,1,304.4475,GBP
2010-01-15 00:00:00,2010-01-23 00:00:00,2282,94603,1,304.4475,GBP
2010-01-15 00:00:00,2010-01-23 00:00:00,2282,95037,2,608.895,USD
2010-01-15 00:00:00,2010-01-23 00:00:00,2282,95127,1,304.4475,USD
2010-01-15 00:00:00,2010-01-23 00:00:00,2282,95470,1,304.4475,USD
2010-01-15 00:00:00,2010-01-23 00:00:00,2282,95662,1,304.4475,USD
2010-01-15 00:00:00,2010-01-23 00:00:00,2282,95949,1,304.4475,GBP
2010-01-15 00:00:00,2010-01-23 00:00:00,2282,97701,1,304.4475,GBP
2010-01-15 00:00:00,2010-01-23 00:00:00,2282,99517,1,304.4475,USD
2010-01-15 00:00:00,2010-01-23 00:00:00,2284,01012,1,293.9475,USD
2010-01-15 00:00:00,2010-01-23 00:00:00,2284,01570,1,293.9475,USD
2010-01-15 00:00:00,2010-01-23 00:00:00,2284,02771,1,293.9475,USD
2010-01-15 00:00:00,2010-01-23 00:00:00,2284,20705,1,293.9475,USD
2010-01-15 00:00:00,2010-01-23 00:00:00,2284,21811,1,293.9475,USD
2010-01-15 00:00:00,2010-01-23 00:00:00,2284,32114,1,293.9475,USD
2010-01-15 00:00:00,2010-01-23 00:00:00,2284,33073,1,293.9475,USD
2010-01-15 00:00:00,2010-01-23 00:00:00,2284,34145,1,293.9475,USD
2010-01-15 00:00:00,2010-01-23 00:00:00,2284,50125,1,293.9475,USD
2010-01-15 00:00:00,2010-01-23 00:00:00,2284,50321,1,293.9475,GBP
2010-01-15 00:00:00,2010-01-23 00:00:00,2284,50321,1,293.9475,USD
2010-01-15 00:00:00,2010-01-23 00:00:00,2284,55024,1,293.9475,USD
2010-01-15 00:00:00,2010-01-23 00:00:00,2284,55309,1,293.9475,USD
2010-01-15 00:00:00,2010-01-23 00:00:00,2284,55744,1,293.9475,GBP
2010-01-15 00:00:00,2010-01-23 00:00:00,2284,63026,1,293.9475,GBP
2010-01-15 00:00:00,2010-01-23 00:00:00,2284,67661,1,293.9475,USD
2010-01-15 00:00:00,2010-01-23 00:00:00,2284,69149,1,293.9475,USD
2010-01-15 00:00:00,2010-01-23 00:00:00,2284,73030,1,293.9475,USD
2010-01-15 00:00:00,2010-01-23 00:00:00,2284,73036,1,293.9475,GBP
2010-01-15 00:00:00,2010-01-23 00:00:00,2284,75063,1,293.9475,USD
2010-01-15 00:00:00,2010-01-23 00:00:00,2284,75640,2,587.895,USD
2010-01-15 00:00:00,2010-01-23 00:00:00,2284,77493,1,293.9475,GBP
2010-01-15 00:00:00,2010-01-23 00:00:00,2284,79109,1,293.9475,USD
2010-01-15 00:00:00,2010-01-23 00:00:00,2284,84068,1,293.9475,USD
2010-01-15 00:00:00,2010-01-23 00:00:00,2284,84084,1,293.9475,USD
2010-01-15 00:00:00,2010-01-23 00:00:00,2284,84106,1,293.9475,GBP
2010-01-15 00:00:00,2010-01-23 00:00:00,2284,84663,2,587.895,USD
2010-01-15 00:00:00,2010-01-23 00:00:00,2284,85032,1,293.9475,USD
2010-01-15 00:00:00,2010-01-23 00:00:00,2284,85283,1,293.9475,GBP
2010-01-15 00:00:00,2010-01-23 00:00:00,2284,87110,2,587.895,USD
2010-01-15 00:00:00,2010-01-23 00:00:00,2284,89104,1,293.9475,USD
2010-01-15 00:00:00,2010-01-23 00:00:00,2284,90302,1,293.9475,USD
2010-01-15 00:00:00,2010-01-23 00:00:00,2284,91737,1,293.9475,GBP
2010-01-15 00:00:00,2010-01-23 00:00:00,2284,92071,3,881.8425,USD
2010-01-15 00:00:00,2010-01-23 00:00:00,2284,92647,1,293.9475,GBP
2010-01-15 00:00:00,2010-01-23 00:00:00,2284,92683,1,178.4475,USD
2010-01-15 00:00:00,2010-01-23 00:00:00,2284,92688,1,293.9475,GBP
2010-01-15 00:00:00,2010-01-23 00:00:00,2284,92808,1,293.9475,USD
2010-01-15 00:00:00,2010-01-23 00:00:00,2284,94561,1,293.9475,GBP
2010-01-15 00:00:00,2010-01-23 00:00:00,2284,95038,1,293.9475,USD
2010-01-15 00:00:00,2010-01-23 00:00:00,2284,95346,1,293.9475,GBP
2010-01-15 00:00:00,2010-01-23 00:00:00,2284,95973,1,293.9475,USD
2010-01-15 00:00:00,2010-01-23 00:00:00,2284,97355,1,293.9475,USD
2010-01-15 00:00:00,2010-01-23 00:00:00,2287,20852,1,839.9475,GBP
2010-01-15 00:00:00,2010-01-23 00:00:00,2287,32824,2,1679.895,GBP
2010-01-15 00:00:00,2010-01-23 00:00:00,2287,32829,1,839.9475,GBP
2010-01-15 00:00:00,2010-01-23 00:00:00,2287,35023,1,839.9475,GBP
2010-01-15 00:00:00,2010-01-23 00:00:00,2287,72903,1,839.9475,GBP
2010-01-15 00:00:00,2010-01-23 00:00:00,2287,75028,1,839.9475,GBP
2010-01-15 00:00:00,2010-01-23 00:00:00,2287,85641,1,839.9475,GBP
2010-01-15 00:00:00,2010-01-23 00:00:00,2331,06437,1,535.4475,GBP
2010-01-15 00:00:00,2010-01-23 00:00:00,2331,20886,1,535.4475,GBP
2010-01-15 00:00:00,2010-01-23 00:00:00,2331,32174,1,535.4475,USD
2010-01-15 00:00:00,2010-01-23 00:00:00,2331,33172,1,535.4475,USD
2010-01-15 00:00:00,2010-01-23 00:00:00,2331,37909,1,535.4475,USD
2010-01-15 00:00:00,2010-01-23 00:00:00,2331,85008,1,535.4475,USD
2010-01-15 00:00:00,2010-01-23 00:00:00,2331,85024,1,535.4475,USD
2010-01-15 00:00:00,2010-01-23 00:00:00,2331,85304,1,535.4475,USD
2010-01-15 00:00:00,2010-01-23 00:00:00,2331,87505,1,535.4475,USD
2010-01-15 00:00:00,2010-01-23 00:00:00,2331,89123,1,535.4475,USD
2010-01-15 00:00:00,2010-01-23 00:00:00,2331,91701,1,535.4475,USD
2010-01-15 00:00:00,2010-01-23 00:00:00,2331,92253,1,535.4475,GBP
2010-01-15 00:00:00,2010-01-23 00:00:00,2331,92677,2,1070.895,USD
2010-01-15 00:00:00,2010-01-23 00:00:00,2331,94518,1,535.4475,USD
2010-01-15 00:00:00,2010-01-23 00:00:00,2331,99801,1,535.4475,USD
2010-01-15 00:00:00,2010-01-23 00:00:00,2351,08045,1,341.1975,GBP
2010-01-15 00:00:00,2010-01-23 00:00:00,2351,35404,1,314.9475,USD
2010-01-15 00:00:00,2010-01-23 00:00:00,2352,07035,1,367.4475,GBP
2010-01-15 00:00:00,2010-01-23 00:00:00,2352,20854,1,388.4475,USD
2010-01-15 00:00:00,2010-01-23 00:00:00,2352,85259,1,388.4475,GBP
2010-01-15 00:00:00,2010-01-23 00:00:00,2352,92122,1,367.4475,GBP
2010-01-15 00:00:00,2010-01-23 00:00:00,2352,92154,1,388.4475,GBP
2010-01-15 00:00:00,2010-01-23 00:00:00,2357,08004,1,272.9475,USD
2010-01-15 00:00:00,2010-01-23 00:00:00,2357,33069,1,278.1975,GBP
2010-01-15 00:00:00,2010-01-23 00:00:00,2357,35071,1,272.9475,USD
2010-01-15 00:00:00,2010-01-23 00:00:00,2357,74017,1,272.9475,GBP
2010-01-15 00:00:00,2010-01-23 00:00:00,2357,92253,1,278.1975,GBP
2010-01-15 00:00:00,2010-01-23 00:00:00,2357,94133,1,278.1975,GBP
2010-01-15 00:00:00,2010-01-23 00:00:00,2364,95682,1,325.4475,USD
2010-01-15 00:00:00,2010-01-23 00:00:00,2370,32763,1,732.3225,GBP
2010-01-15 00:00:00,2010-01-23 00:00:00,2370,37043,2,1464.645,GBP
2010-01-15 00:00:00,2010-01-23 00:00:00,2370,87501,1,732.3225,GBP
2010-01-15 00:00:00,2010-01-23 00:00:00,2370,95220,1,719.1975,GBP
2010-01-15 00:00:00,2010-01-23 00:00:00,2371,33584,1,551.1975,USD
2010-01-15 00:00:00,2010-01-23 00:00:00,2371,72753,1,551.1975,USD
2010-01-15 00:00:00,2010-01-23 00:00:00,2371,75023,1,551.1975,USD
2010-01-15 00:00:00,2010-01-23 00:00:00,2371,76309,1,551.1975,GBP
2010-01-15 00:00:00,2010-01-23 00:00:00,2371,92646,1,551.1975,USD
2010-01-15 00:00:00,2010-01-23 00:00:00,2372,33462,1,398.9475,GBP
2010-01-15 00:00:00,2010-01-23 00:00:00,2372,85710,1,398.9475,GBP
2010-01-15 00:00:00,2010-01-23 00:00:00,2373,32130,1,1102.395,GBP
2010-01-15 00:00:00,2010-01-23 00:00:00,2373,32130,1,2204.79,USD
2010-01-15 00:00:00,2010-01-23 00:00:00,2373,32174,1,551.1975,GBP
2010-01-15 00:00:00,2010-01-23 00:00:00,2373,32771,1,551.1975,USD
2010-01-15 00:00:00,2010-01-23 00:00:00,2373,33040,1,551.1975,GBP
2010-01-15 00:00:00,2010-01-23 00:00:00,2373,33157,1,551.1975,GBP
2010-01-15 00:00:00,2010-01-23 00:00:00,2373,70605,1,551.1975,GBP
2010-01-15 00:00:00,2010-01-23 00:00:00,2373,74804,1,551.1975,GBP
2010-01-15 00:00:00,2010-01-23 00:00:00,2373,76904,1,551.1975,GBP
2010-01-15 00:00:00,2010-01-23 00:00:00,2373,77429,1,551.1975,GBP
2010-01-15 00:00:00,2010-01-23 00:00:00,2373,89117,1,551.1975,USD
2010-01-15 00:00:00,2010-01-23 00:00:00,2373,92610,1,551.1975,USD
2010-01-15 00:00:00,2010-01-23 00:00:00,2373,92806,1,551.1975,USD
2010-01-15 00:00:00,2010-01-23 00:00:00,2379,33406,1,173.1975,GBP
2010-01-15 00:00:00,2010-01-23 00:00:00,2379,37868,1,209.9475,GBP
2010-01-15 00:00:00,2010-01-23 00:00:00,2379,76140,1,173.1975,GBP
2010-01-15 00:00:00,2010-01-23 00:00:00,2380,93436,1,293.9475,GBP
2010-01-15 00:00:00,2010-01-23 00:00:00,2380,93711,1,293.9475,USD
2010-01-15 00:00:00,2010-01-23 00:00:00,2388,32207,1,309.6975,USD
2010-01-15 00:00:00,2010-01-23 00:00:00,2388,33134,1,309.6975,USD
2010-01-15 00:00:00,2010-01-23 00:00:00,2388,34639,1,309.6975,USD
2010-01-15 00:00:00,2010-01-23 00:00:00,2388,35173,1,309.6975,GBP
2010-01-15 00:00:00,2010-01-23 00:00:00,2388,41016,1,309.6975,USD
2010-01-15 00:00:00,2010-01-23 00:00:00,2388,53511,1,309.6975,USD
2010-01-15 00:00:00,2010-01-23 00:00:00,2388,77228,1,309.6975,USD
2010-01-15 00:00:00,2010-01-23 00:00:00,2388,82435,1,309.6975,USD
2010-01-15 00:00:00,2010-01-23 00:00:00,2388,91945,1,309.6975,USD
2010-01-15 00:00:00,2010-01-23 00:00:00,2388,93063,1,309.6975,GBP
2010-01-15 00:00:00,2010-01-23 00:00:00,2388,93950,1,309.6975,USD
2010-01-15 00:00:00,2010-01-23 00:00:00,2388,95843,1,309.6975,USD
2010-01-15 00:00:00,2010-01-23 00:00:00,2401,33037,2,325.395,USD
2010-01-15 00:00:00,2010-01-23 00:00:00,2401,33566,2,325.395,USD
2010-01-15 00:00:00,2010-01-23 00:00:00,2406,33125,1,89.1975,USD
2010-01-15 00:00:00,2010-01-23 00:00:00,2406,38730,1,89.1975,GBP
2010-01-15 00:00:00,2010-01-23 00:00:00,2406,51247,1,89.1975,USD
2010-01-15 00:00:00,2010-01-23 00:00:00,2407,36089,1,73.4475,USD
2010-01-15 00:00:00,2010-01-23 00:00:00,2407,47598,1,73.4475,GBP
2010-01-15 00:00:00,2010-01-23 00:00:00,2407,53015,1,73.4475,GBP
2010-01-15 00:00:00,2010-01-23 00:00:00,2407,88201,1,73.4475,GBP
2010-01-19 00:00:00,2010-01-25 00:00:00,1735,08858,1,449.8725,USD
2010-01-19 00:00:00,2010-01-26 00:00:00,1734,08858,1,449.8725,USD
2010-02-15 00:00:00,2010-02-17 00:00:00,25,02919,1,792.75,GBP
2010-02-15 00:00:00,2010-02-17 00:00:00,32,07675,1,711.375,GBP
2010-02-15 00:00:00,2010-02-17 00:00:00,36,07647,1,414.75,USD
2010-02-15 00:00:00,2010-02-17 00:00:00,36,29621,1,414.75,USD
2010-02-15 00:00:00,2010-02-17 00:00:00,36,78617,1,414.75,GBP
2010-02-15 00:00:00,2010-02-17 00:00:00,36,94558,1,414.75,USD
2010-02-15 00:00:00,2010-02-17 00:00:00,36,95814,1,414.75,USD
2010-02-15 00:00:00,2010-02-17 00:00:00,84,07675,1,870.975,USD
2010-02-15 00:00:00,2010-02-17 00:00:00,94,20794,4,3465,USD
2010-02-15 00:00:00,2010-02-17 00:00:00,94,20879,1,839.475,GBP
2010-02-15 00:00:00,2010-02-17 00:00:00,94,95404,2,1732.5,GBP
2010-02-15 00:00:00,2010-02-17 00:00:00,120,07920,1,829.5,GBP
2010-02-15 00:00:00,2010-02-17 00:00:00,120,20817,1,829.5,GBP
2010-02-15 00:00:00,2010-02-17 00:00:00,120,21678,1,829.5,GBP
2010-02-15 00:00:00,2010-02-17 00:00:00,120,29566,1,829.5,USD
2010-02-15 00:00:00,2010-02-17 00:00:00,120,33184,1,829.5,GBP
2010-02-15 00:00:00,2010-02-17 00:00:00,120,38583,1,829.5,GBP
2010-02-15 00:00:00,2010-02-17 00:00:00,120,76008,1,829.5,GBP
2010-02-15 00:00:00,2010-02-17 00:00:00,120,95120,1,829.5,USD
2010-02-15 00:00:00,2010-02-17 00:00:00,139,21037,1,546,GBP
2010-02-15 00:00:00,2010-02-17 00:00:00,139,21037,1,1092,USD
2010-02-15 00:00:00,2010-02-17 00:00:00,139,79930,1,546,GBP
2010-02-15 00:00:00,2010-02-17 00:00:00,149,91006,1,393.225,GBP
2010-02-15 00:00:00,2010-02-17 00:00:00,157,94706,1,619.5,USD
2010-02-15 00:00:00,2010-02-17 00:00:00,184,78015,1,729.75,USD
2010-02-15 00:00:00,2010-02-17 00:00:00,184,91320,1,729.75,USD
2010-02-15 00:00:00,2010-02-17 00:00:00,187,94114,1,819,GBP
2010-02-15 00:00:00,2010-02-17 00:00:00,193,95746,1,681.975,USD
2010-02-15 00:00:00,2010-02-17 00:00:00,195,46240,1,750.225,GBP
2010-02-15 00:00:00,2010-02-17 00:00:00,195,46240,1,750.225,USD
2010-02-15 00:00:00,2010-02-17 00:00:00,195,52402,1,750.225,GBP
2010-02-15 00:00:00,2010-02-17 00:00:00,195,56011,1,750.225,GBP
2010-02-15 00:00:00,2010-02-17 00:00:00,195,93940,1,750.225,USD
2010-02-15 00:00:00,2010-02-17 00:00:00,195,95610,1,750.225,USD
2010-02-15 00:00:00,2010-02-17 00:00:00,234,68134,1,403.9875,GBP
2010-02-15 00:00:00,2010-02-17 00:00:00,234,76107,1,403.9875,USD
2010-02-15 00:00:00,2010-02-17 00:00:00,234,76179,1,403.9875,GBP
2010-02-15 00:00:00,2010-02-17 00:00:00,234,97454,1,403.9875,USD
2010-02-15 00:00:00,2010-02-17 00:00:00,247,06067,1,367.2375,GBP
2010-02-15 00:00:00,2010-02-17 00:00:00,247,73118,1,367.2375,GBP
2010-02-15 00:00:00,2010-02-17 00:00:00,247,89108,1,367.2375,GBP
2010-02-15 00:00:00,2010-02-17 00:00:00,247,90068,1,367.2375,GBP
2010-02-15 00:00:00,2010-02-17 00:00:00,247,94611,1,367.2375,GBP
2010-02-15 00:00:00,2010-02-17 00:00:00,298,95650,2,1627.5,GBP
2010-02-15 00:00:00,2010-02-17 00:00:00,314,38115,1,430.2375,USD
2010-02-15 00:00:00,2010-02-17 00:00:00,318,85253,1,865.9875,USD
2010-02-15 00:00:00,2010-02-17 00:00:00,319,54230,1,1102.2375,GBP
2010-02-15 00:00:00,2010-02-17 00:00:00,320,54220,1,1364.7375,GBP
2010-02-15 00:00:00,2010-02-17 00:00:00,320,94920,1,1364.7375,GBP
2010-02-15 00:00:00,2010-02-17 00:00:00,326,83301,1,708.4875,GBP
2010-02-15 00:00:00,2010-02-17 00:00:00,326,85253,1,708.4875,GBP
2010-02-15 00:00:00,2010-02-17 00:00:00,330,02025,1,577.2375,USD
2010-02-15 00:00:00,2010-02-17 00:00:00,330,06070,1,577.2375,USD
2010-02-15 00:00:00,2010-02-17 00:00:00,330,90026,1,577.2375,USD
2010-02-15 00:00:00,2010-02-17 00:00:00,330,94577,1,577.2375,GBP
2010-02-15 00:00:00,2010-02-17 00:00:00,370,92110,1,540.4875,GBP
2010-02-15 00:00:00,2010-02-17 00:00:00,396,02806,1,857.0625,GBP
2010-02-15 00:00:00,2010-02-17 00:00:00,396,02888,1,857.0625,USD
2010-02-15 00:00:00,2010-02-17 00:00:00,396,06405,1,857.0625,USD
2010-02-15 00:00:00,2010-02-17 00:00:00,396,06712,1,857.0625,USD
2010-02-15 00:00:00,2010-02-17 00:00:00,396,08088,1,857.0625,USD
2010-02-15 00:00:00,2010-02-17 00:00:00,396,08109,1,857.0625,GBP
2010-02-15 00:00:00,2010-02-17 00:00:00,396,20833,1,857.0625,GBP
2010-02-15 00:00:00,2010-02-17 00:00:00,396,21014,1,857.0625,USD
2010-02-15 00:00:00,2010-02-17 00:00:00,396,21158,1,857.0625,GBP
2010-02-15 00:00:00,2010-02-17 00:00:00,396,21227,1,857.0625,GBP
2010-02-15 00:00:00,2010-02-17 00:00:00,396,25411,1,857.0625,USD
2010-02-15 00:00:00,2010-02-17 00:00:00,396,29691,1,857.0625,USD
2010-02-15 00:00:00,2010-02-17 00:00:00,396,32257,1,857.0625,USD
2010-02-15 00:00:00,2010-02-17 00:00:00,396,32907,1,857.0625,USD
2010-02-15 00:00:00,2010-02-17 00:00:00,396,33014,4,3428.25,GBP
2010-02-15 00:00:00,2010-02-17 00:00:00,396,33614,1,857.0625,GBP
2010-02-15 00:00:00,2010-02-17 00:00:00,396,33704,1,857.0625,GBP
2010-02-15 00:00:00,2010-02-17 00:00:00,396,35235,1,857.0625,USD
2010-02-15 00:00:00,2010-02-17 00:00:00,396,35476,1,857.0625,GBP
2010-02-15 00:00:00,2010-02-17 00:00:00,396,38134,2,1714.125,USD
2010-02-15 00:00:00,2010-02-17 00:00:00,396,38866,1,857.0625,GBP
2010-02-15 00:00:00,2010-02-17 00:00:00,396,40383,1,857.0625,USD
2010-02-15 00:00:00,2010-02-17 00:00:00,396,46060,1,857.0625,USD
2010-02-15 00:00:00,2010-02-17 00:00:00,396,46278,1,857.0625,USD
2010-02-15 00:00:00,2010-02-17 00:00:00,396,46992,1,857.0625,USD
2010-02-15 00:00:00,2010-02-17 00:00:00,396,50680,1,857.0625,USD
2010-02-15 00:00:00,2010-02-17 00:00:00,396,51106,1,857.0625,GBP
2010-02-15 00:00:00,2010-02-17 00:00:00,396,52361,1,857.0625,GBP
2010-02-15 00:00:00,2010-02-17 00:00:00,396,53121,1,1714.125,GBP
2010-02-15 00:00:00,2010-02-17 00:00:00,396,53218,2,1714.125,USD
2010-02-15 00:00:00,2010-02-17 00:00:00,396,53225,2,3428.25,GBP
2010-02-15 00:00:00,2010-02-17 00:00:00,396,53225,2,1714.125,USD
2010-02-15 00:00:00,2010-02-17 00:00:00,396,53818,1,857.0625,USD
2010-02-15 00:00:00,2010-02-17 00:00:00,396,54891,1,857.0625,GBP
2010-02-15 00:00:00,2010-02-17 00:00:00,396,54915,1,857.0625,GBP
2010-02-15 00:00:00,2010-02-17 00:00:00,396,55008,1,857.0625,GBP
2010-02-15 00:00:00,2010-02-17 00:00:00,396,55044,1,857.0625,USD
2010-02-15 00:00:00,2010-02-17 00:00:00,396,55123,1,857.0625,USD
2010-02-15 00:00:00,2010-02-17 00:00:00,396,55372,1,857.0625,GBP
2010-02-15 00:00:00,2010-02-17 00:00:00,396,55811,1,857.0625,GBP
2010-02-15 00:00:00,2010-02-17 00:00:00,396,58701,1,857.0625,USD
2010-02-15 00:00:00,2010-02-17 00:00:00,396,59715,1,857.0625,GBP
2010-02-15 00:00:00,2010-02-17 00:00:00,396,63034,1,857.0625,GBP
2010-02-15 00:00:00,2010-02-17 00:00:00,396,64055,1,857.0625,GBP
2010-02-15 00:00:00,2010-02-17 00:00:00,396,68008,1,857.0625,USD
2010-02-15 00:00:00,2010-02-17 00:00:00,396,73505,1,857.0625,GBP
2010-02-15 00:00:00,2010-02-17 00:00:00,396,75034,1,857.0625,USD
2010-02-15 00:00:00,2010-02-17 00:00:00,396,75067,1,857.0625,USD
2010-02-15 00:00:00,2010-02-17 00:00:00,396,78133,1,857.0625,GBP
2010-02-15 00:00:00,2010-02-17 00:00:00,396,79045,1,857.0625,GBP
2010-02-15 00:00:00,2010-02-17 00:00:00,396,82609,1,857.0625,USD
2010-02-15 00:00:00,2010-02-17 00:00:00,396,87571,1,857.0625,USD
2010-02-15 00:00:00,2010-02-17 00:00:00,396,88201,1,857.0625,USD
2010-02-15 00:00:00,2010-02-17 00:00:00,396,89406,1,857.0625,GBP
2010-02-15 00:00:00,2010-02-17 00:00:00,396,90046,1,857.0625,GBP
2010-02-15 00:00:00,2010-02-17 00:00:00,396,90280,1,857.0625,USD
2010-02-15 00:00:00,2010-02-17 00:00:00,396,90292,1,857.0625,GBP
2010-02-15 00:00:00,2010-02-17 00:00:00,396,92780,1,857.0625,USD
2010-02-15 00:00:00,2010-02-17 00:00:00,396,94621,1,857.0625,USD
2010-02-15 00:00:00,2010-02-17 00:00:00,396,95241,1,857.0625,USD
2010-02-15 00:00:00,2010-02-17 00:00:00,396,95370,1,857.0625,USD
2010-02-15 00:00:00,2010-02-17 00:00:00,396,97123,2,1714.125,USD
2010-02-15 00:00:00,2010-02-17 00:00:00,400,01583,1,683.8125,USD
2010-02-15 00:00:00,2010-02-17 00:00:00,400,01604,1,683.8125,GBP
2010-02-15 00:00:00,2010-02-17 00:00:00,400,07112,1,683.8125,GBP
2010-02-15 00:00:00,2010-02-17 00:00:00,400,29201,1,683.8125,GBP
2010-02-15 00:00:00,2010-02-17 00:00:00,400,32084,1,683.8125,GBP
2010-02-15 00:00:00,2010-02-17 00:00:00,400,32130,1,1367.625,GBP
2010-02-15 00:00:00,2010-02-17 00:00:00,400,32130,1,2051.4375,USD
2010-02-15 00:00:00,2010-02-17 00:00:00,400,38079,1,683.8125,GBP
2010-02-15 00:00:00,2010-02-17 00:00:00,400,40004,1,683.8125,USD
2010-02-15 00:00:00,2010-02-17 00:00:00,400,41222,1,683.8125,GBP
2010-02-15 00:00:00,2010-02-17 00:00:00,400,47720,1,683.8125,GBP
2010-02-15 00:00:00,2010-02-17 00:00:00,400,53219,1,683.8125,GBP
2010-02-15 00:00:00,2010-02-17 00:00:00,400,72076,1,683.8125,USD
2010-02-15 00:00:00,2010-02-17 00:00:00,400,73162,1,683.8125,GBP
2010-02-15 00:00:00,2010-02-17 00:00:00,400,75051,1,683.8125,GBP
2010-02-15 00:00:00,2010-02-17 00:00:00,400,77539,1,683.8125,USD
2010-02-15 00:00:00,2010-02-17 00:00:00,400,79080,1,683.8125,GBP
2010-02-15 00:00:00,2010-02-17 00:00:00,400,79424,1,683.8125,USD
2010-02-15 00:00:00,2010-02-17 00:00:00,400,92392,1,697.725,USD
2010-02-15 00:00:00,2010-02-17 00:00:00,400,92841,1,697.725,GBP
2010-02-15 00:00:00,2010-02-17 00:00:00,400,95382,1,697.725,GBP
2010-02-15 00:00:00,2010-02-17 00:00:00,400,97045,1,683.8125,GBP
2010-02-15 00:00:00,2010-02-17 00:00:00,415,65802,1,495.8625,USD
2010-02-15 00:00:00,2010-02-17 00:00:00,415,88061,5,2479.3125,GBP
2010-02-15 00:00:00,2010-02-17 00:00:00,426,46619,1,795.1125,USD
2010-02-15 00:00:00,2010-02-17 00:00:00,433,20762,1,804.3,USD
2010-02-15 00:00:00,2010-02-17 00:00:00,433,21037,1,804.3,GBP
2010-02-15 00:00:00,2010-02-17 00:00:00,433,21037,1,3217.2,USD
2010-02-15 00:00:00,2010-02-17 00:00:00,433,29223,1,804.3,USD
2010-02-15 00:00:00,2010-02-17 00:00:00,433,34711,1,804.3,GBP
2010-02-15 00:00:00,2010-02-17 00:00:00,433,38133,1,804.3,USD
2010-02-15 00:00:00,2010-02-17 00:00:00,433,38570,1,804.3,USD
2010-02-15 00:00:00,2010-02-17 00:00:00,433,53225,1,1608.6,GBP
2010-02-15 00:00:00,2010-02-17 00:00:00,433,53225,1,1608.6,USD
2010-02-15 00:00:00,2010-02-17 00:00:00,433,70052,1,804.3,USD
2010-02-15 00:00:00,2010-02-17 00:00:00,433,85207,1,804.3,GBP
2010-02-15 00:00:00,2010-02-17 00:00:00,443,06076,1,790.9125,GBP
2010-02-15 00:00:00,2010-02-17 00:00:00,443,06756,1,790.9125,GBP
2010-02-15 00:00:00,2010-02-17 00:00:00,443,08527,1,790.9125,GBP
2010-02-15 00:00:00,2010-02-17 00:00:00,443,25003,1,790.9125,GBP
2010-02-15 00:00:00,2010-02-17 00:00:00,443,32703,1,790.9125,GBP
2010-02-15 00:00:00,2010-02-17 00:00:00,443,33313,1,790.9125,USD
2010-02-15 00:00:00,2010-02-17 00:00:00,443,33853,1,790.9125,USD
2010-02-15 00:00:00,2010-02-17 00:00:00,443,34685,2,1581.825,USD
2010-02-15 00:00:00,2010-02-17 00:00:00,443,38133,1,790.9125,GBP
2010-02-15 00:00:00,2010-02-17 00:00:00,443,46545,1,790.9125,GBP
2010-02-15 00:00:00,2010-02-17 00:00:00,443,46574,1,790.9125,GBP
2010-02-15 00:00:00,2010-02-17 00:00:00,443,47203,1,790.9125,GBP
2010-02-15 00:00:00,2010-02-17 00:00:00,443,47710,1,790.9125,GBP
2010-02-15 00:00:00,2010-02-17 00:00:00,443,47720,1,790.9125,GBP
2010-02-15 00:00:00,2010-02-17 00:00:00,443,53022,1,790.9125,GBP
2010-02-15 00:00:00,2010-02-17 00:00:00,443,53027,1,790.9125,GBP
2010-02-15 00:00:00,2010-02-17 00:00:00,443,55060,1,790.9125,GBP
2010-02-15 00:00:00,2010-02-17 00:00:00,443,59101,1,790.9125,GBP
2010-02-15 00:00:00,2010-02-17 00:00:00,443,64015,1,790.9125,GBP
2010-02-15 00:00:00,2010-02-17 00:00:00,443,77571,1,790.9125,GBP
2010-02-15 00:00:00,2010-02-17 00:00:00,443,78557,1,790.9125,GBP
2010-02-15 00:00:00,2010-02-17 00:00:00,443,85258,1,790.9125,GBP
2010-02-15 00:00:00,2010-02-17 00:00:00,443,89103,1,804.825,GBP
2010-02-15 00:00:00,2010-02-17 00:00:00,443,92584,1,804.825,USD
2010-02-15 00:00:00,2010-02-17 00:00:00,443,93277,1,804.825,GBP
2010-02-15 00:00:00,2010-02-17 00:00:00,443,95131,1,804.825,GBP
2010-02-15 00:00:00,2010-02-17 00:00:00,443,97306,1,790.9125,GBP
2010-02-15 00:00:00,2010-02-17 00:00:00,464,20024,1,566.2125,USD
2010-02-15 00:00:00,2010-02-17 00:00:00,475,08724,1,970.2,GBP
2010-02-15 00:00:00,2010-02-17 00:00:00,475,08820,1,970.2,GBP
2010-02-15 00:00:00,2010-02-17 00:00:00,475,19966,1,970.2,GBP
2010-02-15 00:00:00,2010-02-17 00:00:00,475,21601,1,970.2,USD
2010-02-15 00:00:00,2010-02-17 00:00:00,475,21770,1,970.2,USD
2010-02-15 00:00:00,2010-02-17 00:00:00,475,29672,1,970.2,USD
2010-02-15 00:00:00,2010-02-17 00:00:00,475,32579,1,970.2,GBP
2010-02-15 00:00:00,2010-02-17 00:00:00,475,33026,1,970.2,USD
2010-02-15 00:00:00,2010-02-17 00:00:00,475,35124,1,970.2,USD
2010-02-15 00:00:00,2010-02-17 00:00:00,475,38835,1,970.2,GBP
2010-02-15 00:00:00,2010-02-17 00:00:00,475,46324,1,948.4125,USD
2010-02-15 00:00:00,2010-02-17 00:00:00,475,46818,1,970.2,GBP
2010-02-15 00:00:00,2010-02-17 00:00:00,475,46902,1,970.2,USD
2010-02-15 00:00:00,2010-02-17 00:00:00,475,47872,1,970.2,USD
2010-02-15 00:00:00,2010-02-17 00:00:00,475,50662,1,970.2,GBP
2010-02-15 00:00:00,2010-02-17 00:00:00,475,50701,1,970.2,USD
2010-02-15 00:00:00,2010-02-17 00:00:00,475,52213,1,970.2,GBP
2010-02-15 00:00:00,2010-02-17 00:00:00,475,53066,2,1940.4,USD
2010-02-15 00:00:00,2010-02-17 00:00:00,475,53108,1,970.2,GBP
2010-02-15 00:00:00,2010-02-17 00:00:00,475,53118,1,970.2,GBP
2010-02-15 00:00:00,2010-02-17 00:00:00,475,53144,1,970.2,GBP
2010-02-15 00:00:00,2010-02-17 00:00:00,475,53225,1,4851,GBP
2010-02-15 00:00:00,2010-02-17 00:00:00,475,53225,1,2910.6000000000004,USD
2010-02-15 00:00:00,2010-02-17 00:00:00,475,53405,1,970.2,GBP
2010-02-15 00:00:00,2010-02-17 00:00:00,475,53549,1,970.2,GBP
2010-02-15 00:00:00,2010-02-17 00:00:00,475,53820,1,970.2,USD
2010-02-15 00:00:00,2010-02-17 00:00:00,475,54880,1,970.2,GBP
2010-02-15 00:00:00,2010-02-17 00:00:00,475,55040,1,970.2,GBP
2010-02-15 00:00:00,2010-02-17 00:00:00,475,55350,1,970.2,GBP
2010-02-15 00:00:00,2010-02-17 00:00:00,475,55920,2,1940.4,GBP
2010-02-15 00:00:00,2010-02-17 00:00:00,475,56267,1,970.2,USD
2010-02-15 00:00:00,2010-02-17 00:00:00,475,56303,1,970.2,USD
2010-02-15 00:00:00,2010-02-17 00:00:00,475,57703,1,970.2,GBP
2010-02-15 00:00:00,2010-02-17 00:00:00,475,65043,1,970.2,USD
2010-02-15 00:00:00,2010-02-17 00:00:00,475,67212,1,970.2,USD
2010-02-15 00:00:00,2010-02-17 00:00:00,475,77805,1,970.2,USD
2010-02-15 00:00:00,2010-02-17 00:00:00,475,83687,1,970.2,USD
2010-02-15 00:00:00,2010-02-17 00:00:00,475,84010,1,970.2,GBP
2010-02-15 00:00:00,2010-02-17 00:00:00,475,84088,1,970.2,GBP
2010-02-15 00:00:00,2010-02-17 00:00:00,475,91361,1,975.45,USD
2010-02-15 00:00:00,2010-02-17 00:00:00,475,92614,1,975.45,USD
2010-02-15 00:00:00,2010-02-17 00:00:00,488,34470,1,970.2,USD
2010-02-15 00:00:00,2010-02-17 00:00:00,488,50138,2,1940.4,USD
2010-02-15 00:00:00,2010-02-17 00:00:00,488,50450,1,970.2,USD
2010-02-15 00:00:00,2010-02-17 00:00:00,488,53119,1,12612.600000000002,GBP
2010-02-15 00:00:00,2010-02-17 00:00:00,488,53119,1,14553.000000000004,USD
2010-02-15 00:00:00,2010-02-17 00:00:00,488,53222,1,970.2,GBP
2010-02-15 00:00:00,2010-02-17 00:00:00,488,53228,1,970.2,USD
2010-02-15 00:00:00,2010-02-17 00:00:00,488,54171,1,970.2,USD
2010-02-15 00:00:00,2010-02-17 00:00:00,488,64034,1,970.2,GBP
2010-02-15 00:00:00,2010-02-17 00:00:00,491,01585,1,815.325,USD
2010-02-15 00:00:00,2010-02-17 00:00:00,491,02871,1,815.325,GBP
2010-02-15 00:00:00,2010-02-17 00:00:00,491,06029,1,815.325,USD
2010-02-15 00:00:00,2010-02-17 00:00:00,491,07064,1,815.325,GBP
2010-02-15 00:00:00,2010-02-17 00:00:00,491,08090,1,815.325,GBP
2010-02-15 00:00:00,2010-02-17 00:00:00,491,08742,1,815.325,GBP
2010-02-15 00:00:00,2010-02-17 00:00:00,491,08807,1,815.325,USD
2010-02-15 00:00:00,2010-02-17 00:00:00,491,29505,1,815.325,GBP
2010-02-15 00:00:00,2010-02-17 00:00:00,491,29801,1,815.325,USD
2010-02-15 00:00:00,2010-02-17 00:00:00,491,32068,1,815.325,USD
2010-02-15 00:00:00,2010-02-17 00:00:00,491,32427,1,815.325,USD
2010-02-15 00:00:00,2010-02-17 00:00:00,491,32503,1,815.325,GBP
2010-02-15 00:00:00,2010-02-17 00:00:00,491,33014,10,8153.25,USD
2010-02-15 00:00:00,2010-02-17 00:00:00,491,33330,1,815.325,USD
2010-02-15 00:00:00,2010-02-17 00:00:00,491,33813,1,815.325,GBP
2010-02-15 00:00:00,2010-02-17 00:00:00,491,34120,1,815.325,GBP
2010-02-15 00:00:00,2010-02-17 00:00:00,491,35986,1,815.325,USD
2010-02-15 00:00:00,2010-02-17 00:00:00,491,37087,1,815.325,GBP
2010-02-15 00:00:00,2010-02-17 00:00:00,491,37822,1,815.325,USD
2010-02-15 00:00:00,2010-02-17 00:00:00,491,38118,1,815.325,USD
2010-02-15 00:00:00,2010-02-17 00:00:00,491,40258,1,815.325,USD
2010-02-15 00:00:00,2010-02-17 00:00:00,491,41017,1,815.325,USD
2010-02-15 00:00:00,2010-02-17 00:00:00,491,41042,1,815.325,USD
2010-02-15 00:00:00,2010-02-17 00:00:00,491,42054,1,815.325,GBP
2010-02-15 00:00:00,2010-02-17 00:00:00,491,46628,1,815.325,GBP
2010-02-15 00:00:00,2010-02-17 00:00:00,491,47805,1,3261.3,GBP
2010-02-15 00:00:00,2010-02-17 00:00:00,491,47805,1,5707.275,USD
2010-02-15 00:00:00,2010-02-17 00:00:00,491,50310,1,815.325,USD
2010-02-15 00:00:00,2010-02-17 00:00:00,491,53018,2,1630.65,GBP
2010-02-15 00:00:00,2010-02-17 00:00:00,491,53066,1,815.325,GBP
2010-02-15 00:00:00,2010-02-17 00:00:00,491,53149,1,815.325,USD
2010-02-15 00:00:00,2010-02-17 00:00:00,491,55076,1,815.325,GBP
2010-02-15 00:00:00,2010-02-17 00:00:00,491,55337,1,815.325,USD
2010-02-15 00:00:00,2010-02-17 00:00:00,491,56401,1,815.325,USD
2010-02-15 00:00:00,2010-02-17 00:00:00,491,56537,1,815.325,USD
2010-02-15 00:00:00,2010-02-17 00:00:00,491,58501,1,815.325,GBP
2010-02-15 00:00:00,2010-02-17 00:00:00,491,64493,1,815.325,USD
2010-02-15 00:00:00,2010-02-17 00:00:00,491,68118,1,815.325,USD
2010-02-15 00:00:00,2010-02-17 00:00:00,491,70065,1,815.325,USD
2010-02-15 00:00:00,2010-02-17 00:00:00,491,70820,1,815.325,USD
2010-02-15 00:00:00,2010-02-17 00:00:00,491,71291,1,815.325,GBP
2010-02-15 00:00:00,2010-02-17 00:00:00,491,71720,1,815.325,GBP
2010-02-15 00:00:00,2010-02-17 00:00:00,491,72076,1,815.325,USD
2010-02-15 00:00:00,2010-02-17 00:00:00,491,74115,1,815.325,USD
2010-02-15 00:00:00,2010-02-17 00:00:00,491,75110,1,815.325,GBP
2010-02-15 00:00:00,2010-02-17 00:00:00,491,75482,1,815.325,GBP
2010-02-15 00:00:00,2010-02-17 00:00:00,491,78163,1,815.325,USD
2010-02-15 00:00:00,2010-02-17 00:00:00,491,79070,1,815.325,GBP
2010-02-15 00:00:00,2010-02-17 00:00:00,491,85310,1,815.325,GBP
2010-02-15 00:00:00,2010-02-17 00:00:00,491,99835,1,815.325,USD
2010-02-15 00:00:00,2010-02-17 00:00:00,495,32202,1,560.9625,USD
2010-02-15 00:00:00,2010-02-17 00:00:00,495,79457,6,3365.775,USD
2010-02-15 00:00:00,2010-02-17 00:00:00,499,01590,1,846.3,GBP
2010-02-15 00:00:00,2010-02-17 00:00:00,499,08210,1,846.3,GBP
2010-02-15 00:00:00,2010-02-17 00:00:00,499,46158,1,846.3,USD
2010-02-15 00:00:00,2010-02-17 00:00:00,499,53549,1,846.3,GBP
2010-02-15 00:00:00,2010-02-17 00:00:00,499,55129,1,846.3,USD
2010-02-15 00:00:00,2010-02-17 00:00:00,499,58201,2,1692.6,GBP
2010-02-15 00:00:00,2010-02-17 00:00:00,499,63074,1,846.3,GBP
2010-02-15 00:00:00,2010-02-17 00:00:00,499,63109,1,846.3,GBP
2010-02-15 00:00:00,2010-02-17 00:00:00,499,66025,1,846.3,GBP
2010-02-15 00:00:00,2010-02-17 00:00:00,499,84067,1,846.3,GBP
2010-02-15 00:00:00,2010-02-17 00:00:00,499,95403,1,851.55,GBP
2010-02-15 00:00:00,2010-02-17 00:00:00,499,95762,1,851.55,GBP
2010-02-15 00:00:00,2010-02-17 00:00:00,510,77019,1,837.1125,GBP
2010-02-15 00:00:00,2010-02-17 00:00:00,510,77517,1,837.1125,USD
2010-02-15 00:00:00,2010-02-17 00:00:00,510,95758,1,842.3625,USD
2010-02-15 00:00:00,2010-02-17 00:00:00,513,37064,1,451.4475,USD
2010-02-15 00:00:00,2010-02-17 00:00:00,513,46259,1,451.4475,GBP
2010-02-15 00:00:00,2010-02-17 00:00:00,513,70546,1,451.4475,GBP
2010-02-15 00:00:00,2010-02-17 00:00:00,513,91360,1,456.6975,GBP
2010-02-15 00:00:00,2010-02-17 00:00:00,521,06830,1,556.4475,GBP
2010-02-15 00:00:00,2010-02-17 00:00:00,530,21037,1,1259.895,GBP
2010-02-15 00:00:00,2010-02-17 00:00:00,530,21037,1,629.9475,USD
2010-02-15 00:00:00,2010-02-17 00:00:00,530,89513,1,624.6975,GBP
2010-02-15 00:00:00,2010-02-17 00:00:00,530,93405,1,624.6975,GBP
2010-02-15 00:00:00,2010-02-17 00:00:00,530,94061,1,640.4475,GBP
2010-02-15 00:00:00,2010-02-17 00:00:00,532,02859,1,524.9475,USD
2010-02-15 00:00:00,2010-02-17 00:00:00,532,32507,1,556.4475,USD
2010-02-15 00:00:00,2010-02-17 00:00:00,532,37043,1,556.4475,USD
2010-02-15 00:00:00,2010-02-17 00:00:00,532,37122,1,556.4475,USD
2010-02-15 00:00:00,2010-02-17 00:00:00,532,46227,1,556.4475,GBP
2010-02-15 00:00:00,2010-02-17 00:00:00,532,46236,1,556.4475,GBP
2010-02-15 00:00:00,2010-02-17 00:00:00,532,46236,1,1112.895,USD
2010-02-15 00:00:00,2010-02-17 00:00:00,532,58433,1,556.4475,USD
2010-02-15 00:00:00,2010-02-17 00:00:00,532,71282,1,556.4475,USD
2010-02-15 00:00:00,2010-02-17 00:00:00,532,74432,1,556.4475,USD
2010-02-15 00:00:00,2010-02-17 00:00:00,532,94024,1,561.6975,USD
2010-02-15 00:00:00,2010-02-17 00:00:00,532,94061,1,561.6975,USD
2010-02-15 00:00:00,2010-02-17 00:00:00,550,02190,1,403.9875,GBP
2010-02-15 00:00:00,2010-02-17 00:00:00,550,21901,1,403.9875,GBP
2010-02-15 00:00:00,2010-02-17 00:00:00,550,32073,1,403.9875,GBP
2010-02-15 00:00:00,2010-02-17 00:00:00,550,32725,1,403.9875,GBP
2010-02-15 00:00:00,2010-02-17 00:00:00,550,35546,1,403.9875,GBP
2010-02-15 00:00:00,2010-02-17 00:00:00,550,36605,1,403.9875,GBP
2010-02-15 00:00:00,2010-02-17 00:00:00,550,37122,2,807.975,GBP
2010-02-15 00:00:00,2010-02-17 00:00:00,550,37214,1,403.9875,USD
2010-02-15 00:00:00,2010-02-17 00:00:00,550,46323,1,403.9875,GBP
2010-02-15 00:00:00,2010-02-17 00:00:00,550,46816,1,403.9875,GBP
2010-02-15 00:00:00,2010-02-17 00:00:00,550,54963,1,403.9875,GBP
2010-02-15 00:00:00,2010-02-17 00:00:00,550,56055,1,403.9875,GBP
2010-02-15 00:00:00,2010-02-17 00:00:00,550,63830,1,403.9875,USD
2010-02-15 00:00:00,2010-02-17 00:00:00,550,73160,1,403.9875,GBP
2010-02-15 00:00:00,2010-02-17 00:00:00,550,75901,1,403.9875,USD
2010-02-15 00:00:00,2010-02-17 00:00:00,550,76108,1,403.9875,USD
2010-02-15 00:00:00,2010-02-17 00:00:00,550,78752,1,403.9875,GBP
2010-02-15 00:00:00,2010-02-17 00:00:00,550,95405,1,410.2875,USD
2010-02-15 00:00:00,2010-02-17 00:00:00,559,06457,1,585.6375,USD
2010-02-15 00:00:00,2010-02-17 00:00:00,559,20603,1,585.6375,GBP
2010-02-15 00:00:00,2010-02-17 00:00:00,559,20646,1,585.6375,USD
2010-02-15 00:00:00,2010-02-17 00:00:00,559,29204,1,585.6375,USD
2010-02-15 00:00:00,2010-02-17 00:00:00,559,32065,1,585.6375,GBP
2010-02-15 00:00:00,2010-02-17 00:00:00,559,41042,1,585.6375,USD
2010-02-15 00:00:00,2010-02-17 00:00:00,559,42071,1,585.6375,GBP
2010-02-15 00:00:00,2010-02-17 00:00:00,559,52807,1,585.6375,GBP
2010-02-15 00:00:00,2010-02-17 00:00:00,559,53032,1,585.6375,USD
2010-02-15 00:00:00,2010-02-17 00:00:00,559,53821,1,585.6375,GBP
2010-02-15 00:00:00,2010-02-17 00:00:00,559,54935,1,585.6375,GBP
2010-02-15 00:00:00,2010-02-17 00:00:00,559,67005,1,585.6375,GBP
2010-02-15 00:00:00,2010-02-17 00:00:00,559,74728,1,585.6375,USD
2010-02-15 00:00:00,2010-02-17 00:00:00,559,78602,1,585.6375,USD
2010-02-15 00:00:00,2010-02-17 00:00:00,559,79072,1,585.6375,USD
2010-02-15 00:00:00,2010-02-17 00:00:00,559,85002,1,585.6375,USD
2010-02-15 00:00:00,2010-02-17 00:00:00,559,85710,1,585.6375,GBP
2010-02-15 00:00:00,2010-02-17 00:00:00,559,95426,1,600.6,GBP
2010-02-15 00:00:00,2010-02-17 00:00:00,559,95621,1,600.6,USD
2010-02-15 00:00:00,2010-02-17 00:00:00,559,96007,1,600.6,GBP
2010-02-15 00:00:00,2010-02-17 00:00:00,571,85331,1,490.6125,USD
2010-02-15 00:00:00,2010-02-17 00:00:00,573,25918,1,280.6125,USD
2010-02-15 00:00:00,2010-02-17 00:00:00,573,32833,1,280.6125,GBP
2010-02-15 00:00:00,2010-02-17 00:00:00,573,33177,1,280.6125,GBP
2010-02-15 00:00:00,2010-02-17 00:00:00,573,33809,1,280.6125,GBP
2010-02-15 00:00:00,2010-02-17 00:00:00,573,34143,1,286.9125,USD
2010-02-15 00:00:00,2010-02-17 00:00:00,573,34602,1,280.6125,USD
2010-02-15 00:00:00,2010-02-17 00:00:00,573,40067,1,280.6125,GBP
2010-02-15 00:00:00,2010-02-17 00:00:00,573,40108,1,280.6125,GBP
2010-02-15 00:00:00,2010-02-17 00:00:00,573,42087,1,280.6125,USD
2010-02-15 00:00:00,2010-02-17 00:00:00,573,46013,1,280.6125,USD
2010-02-15 00:00:00,2010-02-17 00:00:00,573,46804,1,280.6125,USD
2010-02-15 00:00:00,2010-02-17 00:00:00,573,47374,1,280.6125,GBP
2010-02-15 00:00:00,2010-02-17 00:00:00,573,54642,1,280.6125,GBP
2010-02-15 00:00:00,2010-02-17 00:00:00,573,59714,1,280.6125,USD
2010-02-15 00:00:00,2010-02-17 00:00:00,573,66044,1,280.6125,GBP
2010-02-15 00:00:00,2010-02-17 00:00:00,573,66546,1,280.6125,GBP
2010-02-15 00:00:00,2010-02-17 00:00:00,573,73116,1,280.6125,GBP
2010-02-15 00:00:00,2010-02-17 00:00:00,573,75159,1,280.6125,GBP
2010-02-15 00:00:00,2010-02-17 00:00:00,573,85741,1,280.6125,GBP
2010-02-15 00:00:00,2010-02-17 00:00:00,573,92128,1,286.9125,GBP
2010-02-15 00:00:00,2010-02-17 00:00:00,573,92675,1,286.9125,GBP
2010-02-15 00:00:00,2010-02-17 00:00:00,573,92708,1,286.9125,USD
2010-02-15 00:00:00,2010-02-17 00:00:00,573,93505,1,286.9125,USD
2010-02-15 00:00:00,2010-02-17 00:00:00,573,95841,1,286.9125,GBP
2010-02-15 00:00:00,2010-02-17 00:00:00,574,94404,1,830.55,USD
2010-02-15 00:00:00,2010-02-17 00:00:00,574,95361,1,830.55,USD
2010-02-15 00:00:00,2010-02-17 00:00:00,580,08316,1,734.7375,USD
2010-02-15 00:00:00,2010-02-17 00:00:00,580,20735,1,734.7375,GBP
2010-02-15 00:00:00,2010-02-17 00:00:00,580,25253,1,734.7375,USD
2010-02-15 00:00:00,2010-02-17 00:00:00,580,32258,1,734.7375,GBP
2010-02-15 00:00:00,2010-02-17 00:00:00,580,32765,1,734.7375,GBP
2010-02-15 00:00:00,2010-02-17 00:00:00,580,37341,1,734.7375,GBP
2010-02-15 00:00:00,2010-02-17 00:00:00,580,46953,1,734.7375,GBP
2010-02-15 00:00:00,2010-02-17 00:00:00,580,56013,1,734.7375,GBP
2010-02-15 00:00:00,2010-02-17 00:00:00,580,71075,1,734.7375,USD
2010-02-15 00:00:00,2010-02-17 00:00:00,580,76034,1,734.7375,USD
2010-02-15 00:00:00,2010-02-17 00:00:00,580,89009,1,734.7375,USD
2010-02-15 00:00:00,2010-02-17 00:00:00,580,89115,1,734.7375,USD
2010-02-15 00:00:00,2010-02-17 00:00:00,580,92656,1,749.9625,USD
2010-02-15 00:00:00,2010-02-17 00:00:00,580,95662,1,749.9625,USD
2010-02-15 00:00:00,2010-02-17 00:00:00,596,01255,1,746.55,USD
2010-02-15 00:00:00,2010-02-17 00:00:00,596,06051,1,746.55,USD
2010-02-15 00:00:00,2010-02-17 00:00:00,596,32507,1,746.55,GBP
2010-02-15 00:00:00,2010-02-17 00:00:00,596,33714,1,746.55,USD
2010-02-15 00:00:00,2010-02-17 00:00:00,596,37416,1,746.55,GBP
2010-02-15 00:00:00,2010-02-17 00:00:00,596,46307,1,746.55,GBP
2010-02-15 00:00:00,2010-02-17 00:00:00,596,46394,1,746.55,GBP
2010-02-15 00:00:00,2010-02-17 00:00:00,596,53125,1,746.55,GBP
2010-02-15 00:00:00,2010-02-17 00:00:00,596,53125,1,746.55,USD
2010-02-15 00:00:00,2010-02-17 00:00:00,596,53189,1,746.55,USD
2010-02-15 00:00:00,2010-02-17 00:00:00,596,53207,1,746.55,GBP
2010-02-15 00:00:00,2010-02-17 00:00:00,596,53217,1,746.55,GBP
2010-02-15 00:00:00,2010-02-17 00:00:00,596,58577,1,746.55,USD
2010-02-15 00:00:00,2010-02-17 00:00:00,596,68144,1,746.55,GBP
2010-02-15 00:00:00,2010-02-17 00:00:00,596,77356,1,746.55,GBP
2010-02-15 00:00:00,2010-02-17 00:00:00,596,94086,1,761.5125,GBP
2010-02-15 00:00:00,2010-02-17 00:00:00,596,95340,1,761.5125,USD
2010-02-15 00:00:00,2010-02-17 00:00:00,596,97111,1,746.55,GBP
2010-02-15 00:00:00,2010-02-17 00:00:00,596,97202,1,746.55,USD
2010-02-15 00:00:00,2010-02-17 00:00:00,597,08753,1,892.2375,USD
2010-02-15 00:00:00,2010-02-17 00:00:00,597,29320,1,892.2375,GBP
2010-02-15 00:00:00,2010-02-17 00:00:00,597,46311,1,892.2375,GBP
2010-02-15 00:00:00,2010-02-17 00:00:00,597,46342,1,892.2375,GBP
2010-02-15 00:00:00,2010-02-17 00:00:00,597,54023,1,892.2375,GBP
2010-02-15 00:00:00,2010-02-17 00:00:00,597,55902,1,892.2375,USD
2010-02-15 00:00:00,2010-02-17 00:00:00,597,64024,1,892.2375,GBP
2010-02-15 00:00:00,2010-02-17 00:00:00,597,64055,1,892.2375,GBP
2010-02-15 00:00:00,2010-02-17 00:00:00,597,77478,1,892.2375,GBP
2010-02-15 00:00:00,2010-02-17 00:00:00,599,05773,1,753.6375,GBP
2010-02-15 00:00:00,2010-02-17 00:00:00,599,06238,1,753.6375,GBP
2010-02-15 00:00:00,2010-02-17 00:00:00,599,06370,1,753.6375,GBP
2010-02-15 00:00:00,2010-02-17 00:00:00,599,08088,1,753.6375,GBP
2010-02-15 00:00:00,2010-02-17 00:00:00,599,08107,1,753.6375,GBP
2010-02-15 00:00:00,2010-02-17 00:00:00,599,20692,1,753.6375,GBP
2010-02-15 00:00:00,2010-02-17 00:00:00,599,20751,1,753.6375,GBP
2010-02-15 00:00:00,2010-02-17 00:00:00,599,25082,1,753.6375,GBP
2010-02-15 00:00:00,2010-02-17 00:00:00,599,29055,1,753.6375,USD
2010-02-15 00:00:00,2010-02-17 00:00:00,599,29527,1,753.6375,GBP
2010-02-15 00:00:00,2010-02-17 00:00:00,599,29615,1,753.6375,USD
2010-02-15 00:00:00,2010-02-17 00:00:00,599,33715,1,753.6375,GBP
2010-02-15 00:00:00,2010-02-17 00:00:00,599,35004,1,753.6375,USD
2010-02-15 00:00:00,2010-02-17 00:00:00,599,39042,1,753.6375,GBP
2010-02-15 00:00:00,2010-02-17 00:00:00,599,39567,1,753.6375,USD
2010-02-15 00:00:00,2010-02-17 00:00:00,599,40336,1,753.6375,GBP
2010-02-15 00:00:00,2010-02-17 00:00:00,599,42001,1,753.6375,USD
2010-02-15 00:00:00,2010-02-17 00:00:00,599,50129,1,3014.55,GBP
2010-02-15 00:00:00,2010-02-17 00:00:00,599,50129,1,753.6375,USD
2010-02-15 00:00:00,2010-02-17 00:00:00,599,53220,1,753.6375,USD
2010-02-15 00:00:00,2010-02-17 00:00:00,599,53402,1,753.6375,USD
2010-02-15 00:00:00,2010-02-17 00:00:00,599,53916,1,753.6375,USD
2010-02-15 00:00:00,2010-02-17 00:00:00,599,55055,1,753.6375,GBP
2010-02-15 00:00:00,2010-02-17 00:00:00,599,55783,1,753.6375,GBP
2010-02-15 00:00:00,2010-02-17 00:00:00,599,67216,1,753.6375,GBP
2010-02-15 00:00:00,2010-02-17 00:00:00,599,68502,1,753.6375,GBP
2010-02-15 00:00:00,2010-02-17 00:00:00,599,70043,1,753.6375,USD
2010-02-15 00:00:00,2010-02-17 00:00:00,599,71301,1,753.6375,GBP
2010-02-15 00:00:00,2010-02-17 00:00:00,599,72830,1,753.6375,GBP
2010-02-15 00:00:00,2010-02-17 00:00:00,599,77511,1,753.6375,USD
2010-02-15 00:00:00,2010-02-17 00:00:00,599,78734,1,753.6375,USD
2010-02-15 00:00:00,2010-02-17 00:00:00,599,79109,1,753.6375,USD
2010-02-15 00:00:00,2010-02-17 00:00:00,599,83716,1,753.6375,GBP
2010-02-15 00:00:00,2010-02-17 00:00:00,599,85382,1,753.6375,GBP
2010-02-15 00:00:00,2010-02-17 00:00:00,599,92503,1,753.6375,USD
2010-02-15 00:00:00,2010-02-17 00:00:00,599,95006,1,753.6375,GBP
2010-02-15 00:00:00,2010-02-17 00:00:00,599,95746,1,753.6375,GBP
2010-02-15 00:00:00,2010-02-17 00:00:00,599,95932,1,753.6375,GBP
2010-02-15 00:00:00,2010-02-17 00:00:00,604,01516,1,461.7375,USD
2010-02-15 00:00:00,2010-02-17 00:00:00,604,02038,1,461.7375,USD
2010-02-15 00:00:00,2010-02-17 00:00:00,604,02780,1,461.7375,USD
2010-02-15 00:00:00,2010-02-17 00:00:00,604,19977,1,461.7375,GBP
2010-02-15 00:00:00,2010-02-17 00:00:00,604,25177,1,461.7375,USD
2010-02-15 00:00:00,2010-02-17 00:00:00,604,25670,1,461.7375,USD
2010-02-15 00:00:00,2010-02-17 00:00:00,604,32073,1,461.7375,USD
2010-02-15 00:00:00,2010-02-17 00:00:00,604,32225,1,461.7375,USD
2010-02-15 00:00:00,2010-02-17 00:00:00,604,32708,1,461.7375,USD
2010-02-15 00:00:00,2010-02-17 00:00:00,604,32805,1,461.7375,GBP
2010-02-15 00:00:00,2010-02-17 00:00:00,604,32940,1,461.7375,USD
2010-02-15 00:00:00,2010-02-17 00:00:00,604,33024,1,461.7375,GBP
2010-02-15 00:00:00,2010-02-17 00:00:00,604,33870,1,461.7375,USD
2010-02-15 00:00:00,2010-02-17 00:00:00,604,37860,1,461.7375,GBP
2010-02-15 00:00:00,2010-02-17 00:00:00,604,38464,1,461.7375,USD
2010-02-15 00:00:00,2010-02-17 00:00:00,604,39301,1,461.7375,USD
2010-02-15 00:00:00,2010-02-17 00:00:00,604,39474,1,461.7375,USD
2010-02-15 00:00:00,2010-02-17 00:00:00,604,40505,1,461.7375,GBP
2010-02-15 00:00:00,2010-02-17 00:00:00,604,46236,1,461.7375,USD
2010-02-15 00:00:00,2010-02-17 00:00:00,604,46514,1,1385.2125,GBP
2010-02-15 00:00:00,2010-02-17 00:00:00,604,46514,1,1385.2125,USD
2010-02-15 00:00:00,2010-02-17 00:00:00,604,46550,1,461.7375,USD
2010-02-15 00:00:00,2010-02-17 00:00:00,604,46818,1,461.7375,USD
2010-02-15 00:00:00,2010-02-17 00:00:00,604,46953,1,461.7375,GBP
2010-02-15 00:00:00,2010-02-17 00:00:00,604,50313,1,461.7375,GBP
2010-02-15 00:00:00,2010-02-17 00:00:00,604,50701,1,461.7375,GBP
2010-02-15 00:00:00,2010-02-17 00:00:00,604,51503,1,461.7375,USD
2010-02-15 00:00:00,2010-02-17 00:00:00,604,52404,1,461.7375,GBP
2010-02-15 00:00:00,2010-02-17 00:00:00,604,53081,1,461.7375,GBP
2010-02-15 00:00:00,2010-02-17 00:00:00,604,54476,1,461.7375,GBP
2010-02-15 00:00:00,2010-02-17 00:00:00,604,54615,1,461.7375,GBP
2010-02-15 00:00:00,2010-02-17 00:00:00,604,55315,1,461.7375,GBP
2010-02-15 00:00:00,2010-02-17 00:00:00,604,55409,1,461.7375,GBP
2010-02-15 00:00:00,2010-02-17 00:00:00,604,55734,1,461.7375,USD
2010-02-15 00:00:00,2010-02-17 00:00:00,604,56282,1,461.7375,USD
2010-02-15 00:00:00,2010-02-17 00:00:00,604,58201,2,923.475,USD
2010-02-15 00:00:00,2010-02-17 00:00:00,604,63301,1,461.7375,USD
2010-02-15 00:00:00,2010-02-17 00:00:00,604,63401,1,461.7375,GBP
2010-02-15 00:00:00,2010-02-17 00:00:00,604,66223,1,461.7375,USD
2010-02-15 00:00:00,2010-02-17 00:00:00,604,71105,1,461.7375,GBP
2010-02-15 00:00:00,2010-02-17 00:00:00,604,73044,1,455.175,GBP
2010-02-15 00:00:00,2010-02-17 00:00:00,604,73533,1,461.7375,GBP
2010-02-15 00:00:00,2010-02-17 00:00:00,604,74003,1,461.7375,USD
2010-02-15 00:00:00,2010-02-17 00:00:00,604,74136,1,461.7375,GBP
2010-02-15 00:00:00,2010-02-17 00:00:00,604,77089,1,461.7375,GBP
2010-02-15 00:00:00,2010-02-17 00:00:00,604,78247,1,461.7375,USD
2010-02-15 00:00:00,2010-02-17 00:00:00,604,85040,1,461.7375,GBP
2010-02-15 00:00:00,2010-02-17 00:00:00,604,86401,1,461.7375,USD
2010-02-15 00:00:00,2010-02-17 00:00:00,604,87107,1,461.7375,GBP
2010-02-15 00:00:00,2010-02-17 00:00:00,604,91204,1,468.0375,GBP
2010-02-15 00:00:00,2010-02-17 00:00:00,604,91331,1,468.0375,USD
2010-02-15 00:00:00,2010-02-17 00:00:00,604,92028,1,468.0375,USD
2010-02-15 00:00:00,2010-02-17 00:00:00,604,93536,1,468.0375,GBP
2010-02-15 00:00:00,2010-02-17 00:00:00,604,93701,1,468.0375,USD
2010-02-15 00:00:00,2010-02-17 00:00:00,604,94022,1,468.0375,USD
2010-02-15 00:00:00,2010-02-17 00:00:00,604,95602,1,468.0375,GBP
2010-02-15 00:00:00,2010-02-17 00:00:00,604,95726,1,468.0375,USD
2010-02-15 00:00:00,2010-02-17 00:00:00,604,95843,1,468.0375,GBP
2010-02-15 00:00:00,2010-02-17 00:00:00,604,97005,1,461.7375,GBP
2010-02-15 00:00:00,2010-02-17 00:00:00,604,97402,1,461.7375,GBP
2010-02-15 00:00:00,2010-02-17 00:00:00,604,97535,1,461.7375,USD
2010-02-15 00:00:00,2010-02-17 00:00:00,604,99508,1,461.7375,GBP
2010-02-15 00:00:00,2010-02-17 00:00:00,606,06010,1,314.7375,USD
2010-02-15 00:00:00,2010-02-17 00:00:00,606,06062,1,314.7375,USD
2010-02-15 00:00:00,2010-02-17 00:00:00,606,06880,1,314.7375,USD
2010-02-15 00:00:00,2010-02-17 00:00:00,606,07068,1,314.7375,USD
2010-02-15 00:00:00,2010-02-17 00:00:00,606,21150,1,314.7375,USD
2010-02-15 00:00:00,2010-02-17 00:00:00,606,29601,1,314.7375,USD
2010-02-15 00:00:00,2010-02-17 00:00:00,606,34990,1,314.7375,USD
2010-02-15 00:00:00,2010-02-17 00:00:00,606,35662,1,314.7375,USD
2010-02-15 00:00:00,2010-02-17 00:00:00,606,40031,1,314.7375,GBP
2010-02-15 00:00:00,2010-02-17 00:00:00,606,53080,1,314.7375,USD
2010-02-15 00:00:00,2010-02-17 00:00:00,606,53227,1,629.475,USD
2010-02-15 00:00:00,2010-02-17 00:00:00,606,53913,1,314.7375,GBP
2010-02-15 00:00:00,2010-02-17 00:00:00,606,53913,1,944.2125000000001,USD
2010-02-15 00:00:00,2010-02-17 00:00:00,606,82901,1,314.7375,GBP
2010-02-15 00:00:00,2010-02-17 00:00:00,606,85018,1,314.7375,USD
2010-02-15 00:00:00,2010-02-17 00:00:00,606,97537,1,314.7375,GBP
2010-02-15 00:00:00,2010-02-17 00:00:00,609,01007,1,778.8375,GBP
2010-02-15 00:00:00,2010-02-17 00:00:00,609,01069,3,2336.5125,GBP
2010-02-15 00:00:00,2010-02-17 00:00:00,609,01531,1,778.8375,USD
2010-02-15 00:00:00,2010-02-17 00:00:00,609,01775,1,778.8375,USD
2010-02-15 00:00:00,2010-02-17 00:00:00,609,02368,2,1557.675,GBP
2010-02-15 00:00:00,2010-02-17 00:00:00,609,06037,1,778.8375,USD
2010-02-15 00:00:00,2010-02-17 00:00:00,609,06082,2,1545.075,USD
2010-02-15 00:00:00,2010-02-17 00:00:00,609,06114,1,778.8375,USD
2010-02-15 00:00:00,2010-02-17 00:00:00,609,07006,1,778.8375,USD
2010-02-15 00:00:00,2010-02-17 00:00:00,609,07860,1,778.8375,USD
2010-02-15 00:00:00,2010-02-17 00:00:00,609,08048,1,778.8375,USD
2010-02-15 00:00:00,2010-02-17 00:00:00,609,08332,1,778.8375,GBP
2010-02-15 00:00:00,2010-02-17 00:00:00,609,08701,1,778.8375,USD
2010-02-15 00:00:00,2010-02-17 00:00:00,609,20895,1,778.8375,USD
2010-02-15 00:00:00,2010-02-17 00:00:00,609,21158,1,778.8375,USD
2010-02-15 00:00:00,2010-02-17 00:00:00,609,21701,1,778.8375,USD
2010-02-15 00:00:00,2010-02-17 00:00:00,609,26505,2,1557.675,USD
2010-02-15 00:00:00,2010-02-17 00:00:00,609,29033,1,778.8375,GBP
2010-02-15 00:00:00,2010-02-17 00:00:00,609,32410,1,778.8375,GBP
2010-02-15 00:00:00,2010-02-17 00:00:00,609,32608,1,778.8375,USD
2010-02-15 00:00:00,2010-02-17 00:00:00,609,32712,1,778.8375,USD
2010-02-15 00:00:00,2010-02-17 00:00:00,609,32746,1,778.8375,USD
2010-02-15 00:00:00,2010-02-17 00:00:00,609,32935,1,778.8375,USD
2010-02-15 00:00:00,2010-02-17 00:00:00,609,33139,1,778.8375,USD
2010-02-15 00:00:00,2010-02-17 00:00:00,609,33823,1,778.8375,USD
2010-02-15 00:00:00,2010-02-17 00:00:00,609,34652,1,778.8375,GBP
2010-02-15 00:00:00,2010-02-17 00:00:00,609,34695,1,778.8375,USD
2010-02-15 00:00:00,2010-02-17 00:00:00,609,37167,1,778.8375,USD
2010-02-15 00:00:00,2010-02-17 00:00:00,609,39212,2,1557.675,USD
2010-02-15 00:00:00,2010-02-17 00:00:00,609,40208,1,778.8375,USD
2010-02-15 00:00:00,2010-02-17 00:00:00,609,40383,1,778.8375,USD
2010-02-15 00:00:00,2010-02-17 00:00:00,609,41063,1,778.8375,USD
2010-02-15 00:00:00,2010-02-17 00:00:00,609,41701,1,778.8375,GBP
2010-02-15 00:00:00,2010-02-17 00:00:00,609,42003,1,778.8375,USD
2010-02-15 00:00:00,2010-02-17 00:00:00,609,46514,1,2336.5125,GBP
2010-02-15 00:00:00,2010-02-17 00:00:00,609,46514,1,3894.1875,USD
2010-02-15 00:00:00,2010-02-17 00:00:00,609,46526,1,778.8375,GBP
2010-02-15 00:00:00,2010-02-17 00:00:00,609,47401,1,778.8375,GBP
2010-02-15 00:00:00,2010-02-17 00:00:00,609,47807,1,778.8375,GBP
2010-02-15 00:00:00,2010-02-17 00:00:00,609,47807,1,778.8375,USD
2010-02-15 00:00:00,2010-02-17 00:00:00,609,47987,1,778.8375,USD
2010-02-15 00:00:00,2010-02-17 00:00:00,609,50112,1,778.8375,USD
2010-02-15 00:00:00,2010-02-17 00:00:00,609,51012,1,778.8375,GBP
2010-02-15 00:00:00,2010-02-17 00:00:00,609,52001,1,778.8375,GBP
2010-02-15 00:00:00,2010-02-17 00:00:00,609,52501,2,1557.675,GBP
2010-02-15 00:00:00,2010-02-17 00:00:00,609,52722,1,778.8375,GBP
2010-02-15 00:00:00,2010-02-17 00:00:00,609,53032,1,778.8375,GBP
2010-02-15 00:00:00,2010-02-17 00:00:00,609,53095,1,778.8375,GBP
2010-02-15 00:00:00,2010-02-17 00:00:00,609,53110,1,778.8375,GBP
2010-02-15 00:00:00,2010-02-17 00:00:00,609,53225,1,1557.675,GBP
2010-02-15 00:00:00,2010-02-17 00:00:00,609,53225,1,4673.025,USD
2010-02-15 00:00:00,2010-02-17 00:00:00,609,53559,1,778.8375,USD
2010-02-15 00:00:00,2010-02-17 00:00:00,609,54603,1,778.8375,GBP
2010-02-15 00:00:00,2010-02-17 00:00:00,609,55127,1,778.8375,GBP
2010-02-15 00:00:00,2010-02-17 00:00:00,609,55328,1,778.8375,USD
2010-02-15 00:00:00,2010-02-17 00:00:00,609,58078,1,778.8375,USD
2010-02-15 00:00:00,2010-02-17 00:00:00,609,63028,2,1557.675,USD
2010-02-15 00:00:00,2010-02-17 00:00:00,609,63376,3,2336.5125,GBP
2010-02-15 00:00:00,2010-02-17 00:00:00,609,63703,1,778.8375,GBP
2010-02-15 00:00:00,2010-02-17 00:00:00,609,64118,3,2336.5125,GBP
2010-02-15 00:00:00,2010-02-17 00:00:00,609,66605,1,778.8375,USD
2010-02-15 00:00:00,2010-02-17 00:00:00,609,68123,1,778.8375,USD
2010-02-15 00:00:00,2010-02-17 00:00:00,609,68601,1,778.8375,USD
2010-02-15 00:00:00,2010-02-17 00:00:00,609,69101,1,778.8375,GBP
2010-02-15 00:00:00,2010-02-17 00:00:00,609,70079,1,778.8375,USD
2010-02-15 00:00:00,2010-02-17 00:00:00,609,70448,1,778.8375,GBP
2010-02-15 00:00:00,2010-02-17 00:00:00,609,70506,1,778.8375,USD
2010-02-15 00:00:00,2010-02-17 00:00:00,609,70605,1,778.8375,USD
2010-02-15 00:00:00,2010-02-17 00:00:00,609,70726,1,778.8375,GBP
2010-02-15 00:00:00,2010-02-17 00:00:00,609,71913,1,778.8375,GBP
2010-02-15 00:00:00,2010-02-17 00:00:00,609,74105,4,3115.35,GBP
2010-02-15 00:00:00,2010-02-17 00:00:00,609,75088,1,778.8375,USD
2010-02-15 00:00:00,2010-02-17 00:00:00,609,75686,1,778.8375,USD
2010-02-15 00:00:00,2010-02-17 00:00:00,609,75701,1,778.8375,USD
2010-02-15 00:00:00,2010-02-17 00:00:00,609,76116,1,778.8375,GBP
2010-02-15 00:00:00,2010-02-17 00:00:00,609,76180,1,778.8375,GBP
2010-02-15 00:00:00,2010-02-17 00:00:00,609,77066,1,778.8375,USD
2010-02-15 00:00:00,2010-02-17 00:00:00,609,77539,1,778.8375,USD
2010-02-15 00:00:00,2010-02-17 00:00:00,609,77627,2,1557.675,USD
2010-02-15 00:00:00,2010-02-17 00:00:00,609,77701,1,778.8375,USD
2010-02-15 00:00:00,2010-02-17 00:00:00,609,82609,2,1557.675,USD
2010-02-15 00:00:00,2010-02-17 00:00:00,609,84057,1,778.8375,USD
2010-02-15 00:00:00,2010-02-17 00:00:00,609,84088,1,778.8375,USD
2010-02-15 00:00:00,2010-02-17 00:00:00,609,84647,1,778.8375,GBP
2010-02-15 00:00:00,2010-02-17 00:00:00,609,85624,1,778.8375,GBP
2010-02-15 00:00:00,2010-02-17 00:00:00,609,87004,1,778.8375,GBP
2010-02-15 00:00:00,2010-02-17 00:00:00,609,89108,1,778.8375,USD
2010-02-15 00:00:00,2010-02-17 00:00:00,609,89701,1,778.8375,GBP
2010-02-15 00:00:00,2010-02-17 00:00:00,609,91364,1,794.0625,GBP
2010-02-15 00:00:00,2010-02-17 00:00:00,609,92503,2,1588.125,GBP
2010-02-15 00:00:00,2010-02-17 00:00:00,609,93010,1,794.0625,GBP
2010-02-15 00:00:00,2010-02-17 00:00:00,609,93301,1,794.0625,USD
2010-02-15 00:00:00,2010-02-17 00:00:00,609,93535,1,794.0625,GBP
2010-02-15 00:00:00,2010-02-17 00:00:00,609,95111,1,794.0625,GBP
2010-02-15 00:00:00,2010-02-17 00:00:00,609,95209,1,794.0625,GBP
2010-02-15 00:00:00,2010-02-17 00:00:00,609,95758,1,794.0625,USD
2010-02-15 00:00:00,2010-02-17 00:00:00,609,97760,1,778.8375,GBP
2010-02-15 00:00:00,2010-02-17 00:00:00,631,06810,1,346.2375,GBP
2010-02-15 00:00:00,2010-02-17 00:00:00,631,07109,1,346.2375,USD
2010-02-15 00:00:00,2010-02-17 00:00:00,631,08527,1,346.2375,GBP
2010-02-15 00:00:00,2010-02-17 00:00:00,631,25880,1,346.2375,GBP
2010-02-15 00:00:00,2010-02-17 00:00:00,631,32011,1,346.2375,USD
2010-02-15 00:00:00,2010-02-17 00:00:00,631,33321,1,346.2375,USD
2010-02-15 00:00:00,2010-02-17 00:00:00,631,35660,1,346.2375,GBP
2010-02-15 00:00:00,2010-02-17 00:00:00,631,46203,1,346.2375,GBP
2010-02-15 00:00:00,2010-02-17 00:00:00,631,46228,1,346.2375,GBP
2010-02-15 00:00:00,2010-02-17 00:00:00,631,47905,1,346.2375,USD
2010-02-15 00:00:00,2010-02-17 00:00:00,631,54023,1,346.2375,USD
2010-02-15 00:00:00,2010-02-17 00:00:00,631,54220,2,692.475,GBP
2010-02-15 00:00:00,2010-02-17 00:00:00,631,54241,2,692.475,USD
2010-02-15 00:00:00,2010-02-17 00:00:00,631,55445,1,346.2375,USD
2010-02-15 00:00:00,2010-02-17 00:00:00,631,57401,1,346.2375,USD
2010-02-15 00:00:00,2010-02-17 00:00:00,631,58201,1,346.2375,USD
2010-02-15 00:00:00,2010-02-17 00:00:00,631,64151,1,346.2375,GBP
2010-02-15 00:00:00,2010-02-17 00:00:00,631,70634,1,346.2375,USD
2010-02-15 00:00:00,2010-02-17 00:00:00,631,73521,2,692.475,USD
2010-02-15 00:00:00,2010-02-17 00:00:00,631,74601,1,346.2375,USD
2010-02-15 00:00:00,2010-02-17 00:00:00,631,75231,1,346.2375,USD
2010-02-15 00:00:00,2010-02-17 00:00:00,631,77571,1,346.2375,GBP
2010-02-15 00:00:00,2010-02-17 00:00:00,631,79720,1,346.2375,GBP
2010-02-15 00:00:00,2010-02-17 00:00:00,631,79932,1,346.2375,USD
2010-02-15 00:00:00,2010-02-17 00:00:00,631,90278,2,705.075,USD
2010-02-15 00:00:00,2010-02-17 00:00:00,631,91701,1,352.5375,GBP
2010-02-15 00:00:00,2010-02-17 00:00:00,631,95132,1,352.5375,USD
2010-02-15 00:00:00,2010-02-17 00:00:00,645,07628,1,746.55,USD
2010-02-15 00:00:00,2010-02-17 00:00:00,645,21057,1,746.55,USD
2010-02-15 00:00:00,2010-02-17 00:00:00,645,26101,1,746.55,GBP
2010-02-15 00:00:00,2010-02-17 00:00:00,645,32810,1,746.55,USD
2010-02-15 00:00:00,2010-02-17 00:00:00,645,37058,1,746.55,USD
2010-02-15 00:00:00,2010-02-17 00:00:00,645,37211,1,746.55,USD
2010-02-15 00:00:00,2010-02-17 00:00:00,645,52623,1,746.55,GBP
2010-02-15 00:00:00,2010-02-17 00:00:00,645,55021,1,746.55,GBP
2010-02-15 00:00:00,2010-02-17 00:00:00,645,55408,1,746.55,GBP
2010-02-15 00:00:00,2010-02-17 00:00:00,645,56303,1,746.55,GBP
2010-02-15 00:00:00,2010-02-17 00:00:00,645,58042,1,746.55,GBP
2010-02-15 00:00:00,2010-02-17 00:00:00,645,58072,1,746.55,GBP
2010-02-15 00:00:00,2010-02-17 00:00:00,645,63010,1,746.55,GBP
2010-02-15 00:00:00,2010-02-17 00:00:00,645,76579,1,746.55,USD
2010-02-15 00:00:00,2010-02-17 00:00:00,645,77013,1,746.55,USD
2010-02-15 00:00:00,2010-02-17 00:00:00,645,90405,1,761.5125,USD
2010-02-15 00:00:00,2010-02-17 00:00:00,645,93066,1,761.5125,USD
2010-02-15 00:00:00,2010-02-17 00:00:00,658,20018,1,902.7375,GBP
2010-02-15 00:00:00,2010-02-17 00:00:00,658,29374,1,902.7375,USD
2010-02-15 00:00:00,2010-02-17 00:00:00,658,46319,1,902.7375,GBP
2010-02-15 00:00:00,2010-02-17 00:00:00,658,55343,1,902.7375,USD
2010-02-15 00:00:00,2010-02-17 00:00:00,658,64029,1,902.7375,USD
2010-02-15 00:00:00,2010-02-17 00:00:00,658,77381,1,902.7375,USD
2010-02-15 00:00:00,2010-02-17 00:00:00,658,84118,1,902.7375,GBP
2010-02-15 00:00:00,2010-02-17 00:00:00,658,85242,1,902.7375,USD
2010-02-15 00:00:00,2010-02-17 00:00:00,658,94513,1,917.9625,USD
2010-02-15 00:00:00,2010-02-17 00:00:00,663,32504,1,765.45,GBP
2010-02-15 00:00:00,2010-02-17 00:00:00,663,46032,1,765.45,USD
2010-02-15 00:00:00,2010-02-17 00:00:00,663,53546,1,765.45,GBP
2010-02-15 00:00:00,2010-02-17 00:00:00,663,55409,1,765.45,USD
2010-02-15 00:00:00,2010-02-17 00:00:00,663,65043,1,765.45,GBP
2010-02-15 00:00:00,2010-02-17 00:00:00,663,71047,1,765.45,USD
2010-02-15 00:00:00,2010-02-17 00:00:00,663,75006,1,765.45,USD
2010-02-15 00:00:00,2010-02-17 00:00:00,663,82601,1,765.45,USD
2010-02-15 00:00:00,2010-02-17 00:00:00,663,95966,1,780.4125,USD
2010-02-15 00:00:00,2010-02-17 00:00:00,676,02559,1,801.9375,USD
2010-02-15 00:00:00,2010-02-17 00:00:00,676,05759,1,801.9375,USD
2010-02-15 00:00:00,2010-02-17 00:00:00,676,06405,1,801.9375,USD
2010-02-15 00:00:00,2010-02-17 00:00:00,676,07853,1,801.9375,USD
2010-02-15 00:00:00,2010-02-17 00:00:00,676,07930,1,801.9375,GBP
2010-02-15 00:00:00,2010-02-17 00:00:00,676,08037,2,1603.875,USD
2010-02-15 00:00:00,2010-02-17 00:00:00,676,19804,1,801.9375,USD
2010-02-15 00:00:00,2010-02-17 00:00:00,676,21401,1,801.9375,USD
2010-02-15 00:00:00,2010-02-17 00:00:00,676,32224,1,801.9375,USD
2010-02-15 00:00:00,2010-02-17 00:00:00,676,33065,1,801.9375,USD
2010-02-15 00:00:00,2010-02-17 00:00:00,676,33316,6,4811.625,USD
2010-02-15 00:00:00,2010-02-17 00:00:00,676,33613,1,801.9375,USD
2010-02-15 00:00:00,2010-02-17 00:00:00,676,33841,1,801.9375,USD
2010-02-15 00:00:00,2010-02-17 00:00:00,676,39157,1,801.9375,GBP
2010-02-15 00:00:00,2010-02-17 00:00:00,676,40215,1,2405.8125,GBP
2010-02-15 00:00:00,2010-02-17 00:00:00,676,40215,1,4811.625,USD
2010-02-15 00:00:00,2010-02-17 00:00:00,676,40472,1,801.9375,GBP
2010-02-15 00:00:00,2010-02-17 00:00:00,676,40472,1,1603.875,USD
2010-02-15 00:00:00,2010-02-17 00:00:00,676,46240,1,801.9375,GBP
2010-02-15 00:00:00,2010-02-17 00:00:00,676,46514,4,6415.5,GBP
2010-02-15 00:00:00,2010-02-17 00:00:00,676,46514,4,3207.75,USD
2010-02-15 00:00:00,2010-02-17 00:00:00,676,46628,1,801.9375,USD
2010-02-15 00:00:00,2010-02-17 00:00:00,676,46970,1,801.9375,USD
2010-02-15 00:00:00,2010-02-17 00:00:00,676,47804,1,8019.375,GBP
2010-02-15 00:00:00,2010-02-17 00:00:00,676,47804,1,6415.5,USD
2010-02-15 00:00:00,2010-02-17 00:00:00,676,50021,1,801.9375,USD
2010-02-15 00:00:00,2010-02-17 00:00:00,676,50263,1,801.9375,USD
2010-02-15 00:00:00,2010-02-17 00:00:00,676,51555,1,801.9375,USD
2010-02-15 00:00:00,2010-02-17 00:00:00,676,53151,2,1603.875,GBP
2010-02-15 00:00:00,2010-02-17 00:00:00,676,53225,1,1603.875,GBP
2010-02-15 00:00:00,2010-02-17 00:00:00,676,53225,1,801.9375,USD
2010-02-15 00:00:00,2010-02-17 00:00:00,676,53227,1,3207.75,GBP
2010-02-15 00:00:00,2010-02-17 00:00:00,676,53227,1,2405.8125,USD
2010-02-15 00:00:00,2010-02-17 00:00:00,676,53406,1,801.9375,USD
2010-02-15 00:00:00,2010-02-17 00:00:00,676,53546,1,801.9375,USD
2010-02-15 00:00:00,2010-02-17 00:00:00,676,54115,1,801.9375,USD
2010-02-15 00:00:00,2010-02-17 00:00:00,676,54481,1,801.9375,USD
2010-02-15 00:00:00,2010-02-17 00:00:00,676,54701,2,1603.875,GBP
2010-02-15 00:00:00,2010-02-17 00:00:00,676,54935,1,801.9375,USD
2010-02-15 00:00:00,2010-02-17 00:00:00,676,55919,1,801.9375,GBP
2010-02-15 00:00:00,2010-02-17 00:00:00,676,57401,1,801.9375,USD
2010-02-15 00:00:00,2010-02-17 00:00:00,676,58504,1,801.9375,USD
2010-02-15 00:00:00,2010-02-17 00:00:00,676,63118,1,801.9375,GBP
2010-02-15 00:00:00,2010-02-17 00:00:00,676,63124,1,801.9375,GBP
2010-02-15 00:00:00,2010-02-17 00:00:00,676,63129,1,801.9375,GBP
2010-02-15 00:00:00,2010-02-17 00:00:00,676,65803,1,801.9375,USD
2010-02-15 00:00:00,2010-02-17 00:00:00,676,66502,1,801.9375,GBP
2010-02-15 00:00:00,2010-02-17 00:00:00,676,68118,1,801.9375,USD
2010-02-15 00:00:00,2010-02-17 00:00:00,676,71203,1,801.9375,USD
2010-02-15 00:00:00,2010-02-17 00:00:00,676,75654,1,801.9375,USD
2010-02-15 00:00:00,2010-02-17 00:00:00,676,77041,1,801.9375,USD
2010-02-15 00:00:00,2010-02-17 00:00:00,676,79765,1,801.9375,USD
2010-02-15 00:00:00,2010-02-17 00:00:00,676,84116,1,801.9375,USD
2010-02-15 00:00:00,2010-02-17 00:00:00,676,88241,1,801.9375,USD
2010-02-15 00:00:00,2010-02-17 00:00:00,676,90274,1,816.9,USD
2010-02-15 00:00:00,2010-02-17 00:00:00,676,90292,2,1633.8,USD
2010-02-15 00:00:00,2010-02-17 00:00:00,676,91204,1,816.9,USD
2010-02-15 00:00:00,2010-02-17 00:00:00,676,91364,1,816.9,USD
2010-02-15 00:00:00,2010-02-17 00:00:00,676,91910,1,816.9,GBP
2010-02-15 00:00:00,2010-02-17 00:00:00,676,92084,1,816.9,GBP
2010-02-15 00:00:00,2010-02-17 00:00:00,676,92122,1,816.9,USD
2010-02-15 00:00:00,2010-02-17 00:00:00,676,92562,3,2450.7,USD
2010-02-15 00:00:00,2010-02-17 00:00:00,676,92629,1,816.9,USD
2010-02-15 00:00:00,2010-02-17 00:00:00,676,92647,1,816.9,USD
2010-02-15 00:00:00,2010-02-17 00:00:00,676,93268,1,816.9,USD
2010-02-15 00:00:00,2010-02-17 00:00:00,676,95202,1,816.9,USD
2010-02-15 00:00:00,2010-02-17 00:00:00,676,97309,1,801.9375,USD
2010-02-15 00:00:00,2010-02-17 00:00:00,681,06450,1,629.7375,USD
2010-02-15 00:00:00,2010-02-17 00:00:00,681,19713,1,629.7375,GBP
2010-02-15 00:00:00,2010-02-17 00:00:00,681,36092,1,629.7375,GBP
2010-02-15 00:00:00,2010-02-17 00:00:00,681,38828,1,629.7375,USD
2010-02-15 00:00:00,2010-02-17 00:00:00,681,59847,1,629.7375,USD
2010-02-15 00:00:00,2010-02-17 00:00:00,681,63334,1,629.7375,USD
2010-02-15 00:00:00,2010-02-17 00:00:00,681,64082,1,629.7375,USD
2010-02-15 00:00:00,2010-02-17 00:00:00,681,73064,2,1259.475,USD
2010-02-15 00:00:00,2010-02-17 00:00:00,681,74012,1,629.7375,GBP
2010-02-15 00:00:00,2010-02-17 00:00:00,681,77381,1,629.7375,USD
2010-02-15 00:00:00,2010-02-17 00:00:00,681,77539,1,629.7375,USD
2010-02-15 00:00:00,2010-02-17 00:00:00,681,78155,1,629.7375,USD
2010-02-15 00:00:00,2010-02-17 00:00:00,681,79924,1,629.7375,USD
2010-02-15 00:00:00,2010-02-17 00:00:00,681,90605,1,644.9625,USD
2010-02-15 00:00:00,2010-02-17 00:00:00,681,91750,1,644.9625,USD
2010-02-15 00:00:00,2010-02-17 00:00:00,681,92502,1,644.9625,USD
2010-02-15 00:00:00,2010-02-17 00:00:00,681,92683,1,644.9625,USD
2010-02-15 00:00:00,2010-02-17 00:00:00,681,97405,1,629.7375,GBP
2010-02-15 00:00:00,2010-02-17 00:00:00,683,01612,1,788.025,GBP
2010-02-15 00:00:00,2010-02-17 00:00:00,683,07748,1,788.025,USD
2010-02-15 00:00:00,2010-02-17 00:00:00,683,21037,1,1576.05,GBP
2010-02-15 00:00:00,2010-02-17 00:00:00,683,21037,1,1576.05,USD
2010-02-15 00:00:00,2010-02-17 00:00:00,683,21122,1,788.025,USD
2010-02-15 00:00:00,2010-02-17 00:00:00,683,21154,1,788.025,GBP
2010-02-15 00:00:00,2010-02-17 00:00:00,683,33813,1,788.025,GBP
2010-02-15 00:00:00,2010-02-17 00:00:00,683,34786,1,788.025,GBP
2010-02-15 00:00:00,2010-02-17 00:00:00,683,63050,1,788.025,USD
2010-02-15 00:00:00,2010-02-17 00:00:00,683,70665,1,788.025,USD
2010-02-15 00:00:00,2010-02-17 00:00:00,683,79606,1,788.025,USD
2010-02-15 00:00:00,2010-02-17 00:00:00,683,89012,1,788.025,GBP
2010-02-15 00:00:00,2010-02-17 00:00:00,683,90065,1,803.25,GBP
2010-02-15 00:00:00,2010-02-17 00:00:00,683,90504,1,803.25,GBP
2010-02-15 00:00:00,2010-02-17 00:00:00,683,91902,1,803.25,GBP
2010-02-15 00:00:00,2010-02-17 00:00:00,687,36526,1,445.9875,GBP
2010-02-15 00:00:00,2010-02-17 00:00:00,687,37660,1,445.9875,GBP
2010-02-15 00:00:00,2010-02-17 00:00:00,687,38632,1,445.9875,GBP
2010-02-15 00:00:00,2010-02-17 00:00:00,687,38637,1,445.9875,USD
2010-02-15 00:00:00,2010-02-17 00:00:00,687,53703,1,445.9875,USD
2010-02-15 00:00:00,2010-02-17 00:00:00,687,54017,1,445.9875,GBP
2010-02-15 00:00:00,2010-02-17 00:00:00,687,54552,1,445.9875,USD
2010-02-15 00:00:00,2010-02-17 00:00:00,687,56601,1,445.9875,USD
2010-02-15 00:00:00,2010-02-17 00:00:00,687,64138,1,445.9875,USD
2010-02-15 00:00:00,2010-02-17 00:00:00,687,76501,1,445.9875,GBP
2010-02-15 00:00:00,2010-02-17 00:00:00,687,85308,1,445.9875,GBP
2010-02-15 00:00:00,2010-02-17 00:00:00,687,85705,1,445.9875,GBP
2010-02-15 00:00:00,2010-02-17 00:00:00,687,95604,1,452.2875,GBP
2010-02-15 00:00:00,2010-02-17 00:00:00,687,95661,1,452.2875,GBP
2010-02-15 00:00:00,2010-02-17 00:00:00,702,07960,1,286.0725,USD
2010-02-15 00:00:00,2010-02-17 00:00:00,702,47243,1,286.0725,USD
2010-02-15 00:00:00,2010-02-17 00:00:00,702,53151,1,286.0725,USD
2010-02-15 00:00:00,2010-02-17 00:00:00,702,70433,1,286.0725,USD
2010-02-15 00:00:00,2010-02-17 00:00:00,702,77511,1,286.0725,GBP
2010-02-15 00:00:00,2010-02-17 00:00:00,702,89123,1,286.0725,GBP
2010-02-15 00:00:00,2010-02-17 00:00:00,702,91325,1,286.0725,GBP
2010-02-15 00:00:00,2010-02-17 00:00:00,712,77581,1,199.4475,USD
2010-02-15 00:00:00,2010-02-17 00:00:00,713,37323,1,160.0725,USD
2010-02-15 00:00:00,2010-02-17 00:00:00,713,50501,1,160.0725,USD
2010-02-15 00:00:00,2010-02-17 00:00:00,713,77064,1,160.0725,USD
2010-02-15 00:00:00,2010-02-17 00:00:00,713,83686,1,160.0725,GBP
2010-02-15 00:00:00,2010-02-17 00:00:00,713,85044,1,160.0725,USD
2010-02-15 00:00:00,2010-02-17 00:00:00,713,85254,1,160.0725,USD
2010-02-15 00:00:00,2010-02-17 00:00:00,713,85710,1,160.0725,USD
2010-02-15 00:00:00,2010-02-17 00:00:00,713,92040,1,160.0725,USD
2010-02-15 00:00:00,2010-02-17 00:00:00,713,92392,1,160.0725,USD
2010-02-15 00:00:00,2010-02-17 00:00:00,713,95695,1,160.0725,USD
2010-02-15 00:00:00,2010-02-17 00:00:00,714,29130,1,160.0725,GBP
2010-02-15 00:00:00,2010-02-17 00:00:00,714,32809,1,160.0725,GBP
2010-02-15 00:00:00,2010-02-17 00:00:00,714,46902,1,160.0725,USD
2010-02-15 00:00:00,2010-02-17 00:00:00,714,47933,1,160.0725,GBP
2010-02-15 00:00:00,2010-02-17 00:00:00,714,85304,1,160.0725,USD
2010-02-15 00:00:00,2010-02-17 00:00:00,714,85710,1,160.0725,USD
2010-02-15 00:00:00,2010-02-17 00:00:00,714,92407,1,160.0725,GBP
2010-02-15 00:00:00,2010-02-17 00:00:00,725,05261,1,115.4475,GBP
2010-02-15 00:00:00,2010-02-17 00:00:00,725,06420,1,115.4475,GBP
2010-02-15 00:00:00,2010-02-17 00:00:00,725,08009,1,115.4475,USD
2010-02-15 00:00:00,2010-02-17 00:00:00,725,08803,1,115.4475,GBP
2010-02-15 00:00:00,2010-02-17 00:00:00,725,21826,1,115.4475,USD
2010-02-15 00:00:00,2010-02-17 00:00:00,725,39320,1,115.4475,USD
2010-02-15 00:00:00,2010-02-17 00:00:00,725,47551,1,923.58,GBP
2010-02-15 00:00:00,2010-02-17 00:00:00,725,47551,1,808.1325,USD
2010-02-15 00:00:00,2010-02-17 00:00:00,725,51503,1,230.895,GBP
2010-02-15 00:00:00,2010-02-17 00:00:00,725,55386,1,115.4475,GBP
2010-02-15 00:00:00,2010-02-17 00:00:00,725,56347,1,115.4475,GBP
2010-02-15 00:00:00,2010-02-17 00:00:00,725,63050,1,115.4475,GBP
2010-02-15 00:00:00,2010-02-17 00:00:00,725,75070,2,230.895,GBP
2010-02-15 00:00:00,2010-02-17 00:00:00,725,78654,1,115.4475,USD
2010-02-15 00:00:00,2010-02-17 00:00:00,725,84501,1,115.4475,USD
2010-02-15 00:00:00,2010-02-17 00:00:00,725,85249,1,115.4475,USD
2010-02-15 00:00:00,2010-02-17 00:00:00,725,85716,1,115.4475,GBP
2010-02-15 00:00:00,2010-02-17 00:00:00,725,91773,1,115.4475,USD
2010-02-15 00:00:00,2010-02-17 00:00:00,725,92590,1,115.4475,USD
2010-02-15 00:00:00,2010-02-17 00:00:00,725,94566,1,115.4475,USD
2010-02-15 00:00:00,2010-02-17 00:00:00,725,95682,1,115.4475,GBP
2010-02-15 00:00:00,2010-02-17 00:00:00,725,95949,1,115.4475,GBP
2010-02-15 00:00:00,2010-02-17 00:00:00,725,97201,1,115.4475,USD
2010-02-15 00:00:00,2010-02-17 00:00:00,726,21234,1,115.4475,GBP
2010-02-15 00:00:00,2010-02-17 00:00:00,726,35175,1,115.4475,USD
2010-02-15 00:00:00,2010-02-17 00:00:00,726,47551,1,808.1325,GBP
2010-02-15 00:00:00,2010-02-17 00:00:00,726,47551,1,461.79,USD
2010-02-15 00:00:00,2010-02-17 00:00:00,726,53149,1,115.4475,USD
2010-02-15 00:00:00,2010-02-17 00:00:00,726,54161,1,115.4475,GBP
2010-02-15 00:00:00,2010-02-17 00:00:00,726,55021,1,115.4475,GBP
2010-02-15 00:00:00,2010-02-17 00:00:00,726,57702,1,115.4475,USD
2010-02-15 00:00:00,2010-02-17 00:00:00,726,70785,1,115.4475,USD
2010-02-15 00:00:00,2010-02-17 00:00:00,726,72120,1,115.4475,GBP
2010-02-15 00:00:00,2010-02-17 00:00:00,726,72711,1,115.4475,GBP
2010-02-15 00:00:00,2010-02-17 00:00:00,726,73448,1,115.4475,GBP
2010-02-15 00:00:00,2010-02-17 00:00:00,726,74948,1,115.4475,GBP
2010-02-15 00:00:00,2010-02-17 00:00:00,726,76008,1,115.4475,GBP
2010-02-15 00:00:00,2010-02-17 00:00:00,726,77039,1,115.4475,GBP
2010-02-15 00:00:00,2010-02-17 00:00:00,726,77954,1,115.4475,USD
2010-02-15 00:00:00,2010-02-17 00:00:00,726,79936,1,115.4475,GBP
2010-02-15 00:00:00,2010-02-17 00:00:00,726,84760,1,115.4475,GBP
2010-02-15 00:00:00,2010-02-17 00:00:00,726,85219,1,115.4475,GBP
2010-02-15 00:00:00,2010-02-17 00:00:00,726,85258,1,115.4475,GBP
2010-02-15 00:00:00,2010-02-17 00:00:00,726,85342,1,115.4475,USD
2010-02-15 00:00:00,2010-02-17 00:00:00,726,86004,1,115.4475,GBP
2010-02-15 00:00:00,2010-02-17 00:00:00,726,87199,1,115.4475,GBP
2010-02-15 00:00:00,2010-02-17 00:00:00,726,89107,1,115.4475,GBP
2010-02-15 00:00:00,2010-02-17 00:00:00,726,92345,1,115.4475,USD
2010-02-15 00:00:00,2010-02-17 00:00:00,726,93460,1,115.4475,USD
2010-02-15 00:00:00,2010-02-17 00:00:00,726,94103,1,115.4475,GBP
2010-02-15 00:00:00,2010-02-17 00:00:00,726,94506,1,115.4475,USD
2010-02-15 00:00:00,2010-02-17 00:00:00,726,94566,1,115.4475,USD
2010-02-15 00:00:00,2010-02-17 00:00:00,726,95005,1,115.4475,USD
2010-02-15 00:00:00,2010-02-17 00:00:00,726,95120,1,115.4475,GBP
2010-02-15 00:00:00,2010-02-17 00:00:00,726,95252,1,115.4475,GBP
2010-02-15 00:00:00,2010-02-17 00:00:00,726,97306,1,115.4475,GBP
2010-02-15 00:00:00,2010-02-17 00:00:00,727,08853,1,62.9475,GBP
2010-02-15 00:00:00,2010-02-17 00:00:00,727,33511,1,62.9475,GBP
2010-02-15 00:00:00,2010-02-17 00:00:00,727,36351,1,62.9475,USD
2010-02-15 00:00:00,2010-02-17 00:00:00,727,38351,1,68.1975,USD
2010-02-15 00:00:00,2010-02-17 00:00:00,727,39455,1,62.9475,USD
2010-02-15 00:00:00,2010-02-17 00:00:00,727,41702,1,62.9475,GBP
2010-02-15 00:00:00,2010-02-17 00:00:00,727,47006,1,68.1975,GBP
2010-02-15 00:00:00,2010-02-17 00:00:00,727,71064,1,62.9475,USD
2010-02-15 00:00:00,2010-02-17 00:00:00,727,74136,1,62.9475,GBP
2010-02-15 00:00:00,2010-02-17 00:00:00,727,75605,1,62.9475,USD
2010-02-15 00:00:00,2010-02-17 00:00:00,727,78660,1,62.9475,USD
2010-02-15 00:00:00,2010-02-17 00:00:00,727,79925,1,62.9475,GBP
2010-02-15 00:00:00,2010-02-17 00:00:00,727,85381,1,62.9475,USD
2010-02-15 00:00:00,2010-02-17 00:00:00,727,89104,1,62.9475,USD
2010-02-15 00:00:00,2010-02-17 00:00:00,727,92028,1,62.9475,GBP
2010-02-15 00:00:00,2010-02-17 00:00:00,727,92324,1,62.9475,GBP
2010-02-15 00:00:00,2010-02-17 00:00:00,727,95018,1,62.9475,USD
2010-02-15 00:00:00,2010-02-17 00:00:00,727,95062,1,62.9475,GBP
2010-02-15 00:00:00,2010-02-17 00:00:00,728,06489,1,62.9475,USD
2010-02-15 00:00:00,2010-02-17 00:00:00,728,26704,1,62.9475,GBP
2010-02-15 00:00:00,2010-02-17 00:00:00,728,33067,1,62.9475,USD
2010-02-15 00:00:00,2010-02-17 00:00:00,728,33190,1,68.1975,USD
2010-02-15 00:00:00,2010-02-17 00:00:00,728,33409,1,62.9475,USD
2010-02-15 00:00:00,2010-02-17 00:00:00,728,33872,1,62.9475,USD
2010-02-15 00:00:00,2010-02-17 00:00:00,728,36330,1,62.9475,USD
2010-02-15 00:00:00,2010-02-17 00:00:00,728,37871,1,62.9475,USD
2010-02-15 00:00:00,2010-02-17 00:00:00,728,38358,1,62.9475,USD
2010-02-15 00:00:00,2010-02-17 00:00:00,728,58316,1,68.1975,GBP
2010-02-15 00:00:00,2010-02-17 00:00:00,728,66609,1,62.9475,GBP
2010-02-15 00:00:00,2010-02-17 00:00:00,728,70578,1,62.9475,GBP
2010-02-15 00:00:00,2010-02-17 00:00:00,728,71064,1,62.9475,USD
2010-02-15 00:00:00,2010-02-17 00:00:00,728,74136,1,62.9475,USD
2010-02-15 00:00:00,2010-02-17 00:00:00,728,78746,2,125.895,GBP
2010-02-15 00:00:00,2010-02-17 00:00:00,728,85234,1,62.9475,GBP
2010-02-15 00:00:00,2010-02-17 00:00:00,728,89014,1,62.9475,USD
2010-02-15 00:00:00,2010-02-17 00:00:00,728,89118,1,62.9475,GBP
2010-02-15 00:00:00,2010-02-17 00:00:00,728,92307,1,62.9475,USD
2010-02-15 00:00:00,2010-02-17 00:00:00,728,92377,1,62.9475,USD
2010-02-15 00:00:00,2010-02-17 00:00:00,728,93455,1,62.9475,USD
2010-02-15 00:00:00,2010-02-17 00:00:00,728,94566,1,68.1975,GBP
2010-02-15 00:00:00,2010-02-17 00:00:00,728,94954,1,62.9475,USD
2010-02-15 00:00:00,2010-02-17 00:00:00,728,95014,1,68.1975,GBP
2010-02-15 00:00:00,2010-02-17 00:00:00,728,95023,1,62.9475,USD
2010-02-15 00:00:00,2010-02-17 00:00:00,728,95358,1,68.1975,USD
2010-02-15 00:00:00,2010-02-17 00:00:00,728,97140,1,62.9475,GBP
2010-02-15 00:00:00,2010-02-17 00:00:00,728,97404,1,62.9475,USD
2010-02-15 00:00:00,2010-02-17 00:00:00,729,42345,1,301.8225,GBP
2010-02-15 00:00:00,2010-02-17 00:00:00,729,77963,1,301.8225,GBP
2010-02-15 00:00:00,2010-02-17 00:00:00,729,84078,1,301.8225,GBP
2010-02-15 00:00:00,2010-02-17 00:00:00,730,95060,1,301.8225,USD
2010-02-15 00:00:00,2010-02-17 00:00:00,739,02780,1,170.5725,GBP
2010-02-15 00:00:00,2010-02-17 00:00:00,739,06762,1,170.5725,GBP
2010-02-15 00:00:00,2010-02-17 00:00:00,739,07067,1,170.5725,GBP
2010-02-15 00:00:00,2010-02-17 00:00:00,739,20772,1,170.5725,GBP
2010-02-15 00:00:00,2010-02-17 00:00:00,739,32776,1,170.5725,GBP
2010-02-15 00:00:00,2010-02-17 00:00:00,739,35016,1,170.5725,GBP
2010-02-15 00:00:00,2010-02-17 00:00:00,739,37920,1,170.5725,GBP
2010-02-15 00:00:00,2010-02-17 00:00:00,739,67846,1,170.5725,GBP
2010-02-15 00:00:00,2010-02-17 00:00:00,739,71104,1,170.5725,GBP
2010-02-15 00:00:00,2010-02-17 00:00:00,739,72143,1,170.5725,GBP
2010-02-15 00:00:00,2010-02-17 00:00:00,739,73034,1,170.5725,GBP
2010-02-15 00:00:00,2010-02-17 00:00:00,739,77422,2,341.145,GBP
2010-02-15 00:00:00,2010-02-17 00:00:00,739,77590,1,170.5725,GBP
2010-02-15 00:00:00,2010-02-17 00:00:00,739,79072,1,170.5725,GBP
2010-02-15 00:00:00,2010-02-17 00:00:00,739,83815,1,170.5725,GBP
2010-02-15 00:00:00,2010-02-17 00:00:00,739,85044,1,170.5725,GBP
2010-02-15 00:00:00,2010-02-17 00:00:00,739,93444,1,170.5725,GBP
2010-02-15 00:00:00,2010-02-17 00:00:00,739,97836,1,170.5725,GBP
2010-02-15 00:00:00,2010-02-17 00:00:00,740,08043,1,170.5725,GBP
2010-02-15 00:00:00,2010-02-17 00:00:00,740,20657,1,170.5725,GBP
2010-02-15 00:00:00,2010-02-17 00:00:00,740,33067,1,170.5725,GBP
2010-02-15 00:00:00,2010-02-17 00:00:00,740,35077,1,170.5725,GBP
2010-02-15 00:00:00,2010-02-17 00:00:00,740,35760,1,170.5725,GBP
2010-02-15 00:00:00,2010-02-17 00:00:00,740,41039,1,170.5725,GBP
2010-02-15 00:00:00,2010-02-17 00:00:00,740,72120,1,170.5725,GBP
2010-02-15 00:00:00,2010-02-17 00:00:00,740,75126,1,170.5725,GBP
2010-02-15 00:00:00,2010-02-17 00:00:00,740,83301,1,170.5725,GBP
2010-02-15 00:00:00,2010-02-17 00:00:00,740,84070,1,170.5725,GBP
2010-02-15 00:00:00,2010-02-17 00:00:00,740,89015,1,170.5725,USD
2010-02-15 00:00:00,2010-02-17 00:00:00,740,91307,1,170.5725,GBP
2010-02-15 00:00:00,2010-02-17 00:00:00,740,95386,1,170.5725,USD
2010-02-15 00:00:00,2010-02-17 00:00:00,740,97053,1,170.5725,USD
2010-02-15 00:00:00,2010-02-17 00:00:00,744,42420,1,267.6975,GBP
2010-02-15 00:00:00,2010-02-17 00:00:00,747,38301,1,291.3225,GBP
2010-02-15 00:00:00,2010-02-17 00:00:00,747,47610,1,291.3225,USD
2010-02-15 00:00:00,2010-02-17 00:00:00,747,84104,1,291.3225,GBP
2010-02-15 00:00:00,2010-02-17 00:00:00,747,85224,1,291.3225,GBP
2010-02-15 00:00:00,2010-02-17 00:00:00,747,92021,1,291.3225,USD
2010-02-15 00:00:00,2010-02-17 00:00:00,748,25035,1,291.3225,GBP
2010-02-15 00:00:00,2010-02-17 00:00:00,748,84041,1,291.3225,GBP
2010-02-15 00:00:00,2010-02-17 00:00:00,748,84120,1,291.3225,GBP
2010-02-15 00:00:00,2010-02-17 00:00:00,748,89447,1,291.3225,USD
2010-02-15 00:00:00,2010-02-17 00:00:00,748,90621,1,291.3225,USD
2010-02-15 00:00:00,2010-02-17 00:00:00,753,29072,1,244.0725,GBP
2010-02-15 00:00:00,2010-02-17 00:00:00,753,59405,1,241.4475,USD
2010-02-15 00:00:00,2010-02-17 00:00:00,753,84542,1,244.0725,USD
2010-02-15 00:00:00,2010-02-17 00:00:00,753,85331,1,244.0725,GBP
2010-02-15 00:00:00,2010-02-17 00:00:00,753,86301,1,244.0725,GBP
2010-02-15 00:00:00,2010-02-17 00:00:00,753,91355,2,482.895,GBP
2010-02-15 00:00:00,2010-02-17 00:00:00,753,93268,1,244.0725,GBP
2010-02-15 00:00:00,2010-02-17 00:00:00,753,94544,1,244.0725,GBP
2010-02-15 00:00:00,2010-02-17 00:00:00,753,97141,1,244.0725,GBP
2010-02-15 00:00:00,2010-02-17 00:00:00,753,97386,1,244.0725,USD
2010-02-15 00:00:00,2010-02-17 00:00:00,754,21043,1,244.0725,USD
2010-02-15 00:00:00,2010-02-17 00:00:00,754,65109,1,244.0725,USD
2010-02-15 00:00:00,2010-02-17 00:00:00,754,70503,1,244.0725,USD
2010-02-15 00:00:00,2010-02-17 00:00:00,754,75041,1,244.0725,GBP
2010-02-15 00:00:00,2010-02-17 00:00:00,754,85308,1,244.0725,USD
2010-02-15 00:00:00,2010-02-17 00:00:00,754,91355,2,482.895,USD
2010-02-15 00:00:00,2010-02-17 00:00:00,754,92065,1,244.0725,USD
2010-02-15 00:00:00,2010-02-17 00:00:00,754,95008,1,241.4475,USD
2010-02-15 00:00:00,2010-02-17 00:00:00,757,06441,1,83.9475,GBP
2010-02-15 00:00:00,2010-02-17 00:00:00,757,08020,1,83.9475,USD
2010-02-15 00:00:00,2010-02-17 00:00:00,757,08846,1,83.9475,USD
2010-02-15 00:00:00,2010-02-17 00:00:00,757,21218,2,167.895,GBP
2010-02-15 00:00:00,2010-02-17 00:00:00,757,25442,1,83.9475,USD
2010-02-15 00:00:00,2010-02-17 00:00:00,757,34482,1,83.9475,USD
2010-02-15 00:00:00,2010-02-17 00:00:00,757,38851,1,83.9475,USD
2010-02-15 00:00:00,2010-02-17 00:00:00,757,53575,1,83.9475,USD
2010-02-15 00:00:00,2010-02-17 00:00:00,757,54401,1,83.9475,USD
2010-02-15 00:00:00,2010-02-17 00:00:00,757,73003,2,167.895,USD
2010-02-15 00:00:00,2010-02-17 00:00:00,757,77429,1,83.9475,USD
2010-02-15 00:00:00,2010-02-17 00:00:00,757,78613,1,83.9475,USD
2010-02-15 00:00:00,2010-02-17 00:00:00,757,85220,1,83.9475,GBP
2010-02-15 00:00:00,2010-02-17 00:00:00,757,89507,1,83.9475,GBP
2010-02-15 00:00:00,2010-02-17 00:00:00,757,90505,1,83.9475,USD
2010-02-15 00:00:00,2010-02-17 00:00:00,757,92508,1,83.9475,USD
2010-02-15 00:00:00,2010-02-17 00:00:00,757,92591,1,83.9475,USD
2010-02-15 00:00:00,2010-02-17 00:00:00,757,92821,1,83.9475,USD
2010-02-15 00:00:00,2010-02-17 00:00:00,757,95066,1,83.9475,GBP
2010-02-15 00:00:00,2010-02-17 00:00:00,758,01220,1,83.9475,GBP
2010-02-15 00:00:00,2010-02-17 00:00:00,758,02062,1,83.9475,GBP
2010-02-15 00:00:00,2010-02-17 00:00:00,758,08043,1,83.9475,USD
2010-02-15 00:00:00,2010-02-17 00:00:00,758,08863,1,83.9475,USD
2010-02-15 00:00:00,2010-02-17 00:00:00,758,32086,1,83.9475,USD
2010-02-15 00:00:00,2010-02-17 00:00:00,758,34470,1,83.9475,GBP
2010-02-15 00:00:00,2010-02-17 00:00:00,758,37919,1,83.9475,GBP
2010-02-15 00:00:00,2010-02-17 00:00:00,758,42134,1,83.9475,USD
2010-02-15 00:00:00,2010-02-17 00:00:00,758,53575,1,83.9475,USD
2010-02-15 00:00:00,2010-02-17 00:00:00,758,70356,1,83.9475,GBP
2010-02-15 00:00:00,2010-02-17 00:00:00,758,75067,1,83.9475,GBP
2010-02-15 00:00:00,2010-02-17 00:00:00,758,75189,1,83.9475,GBP
2010-02-15 00:00:00,2010-02-17 00:00:00,758,75683,1,83.9475,USD
2010-02-15 00:00:00,2010-02-17 00:00:00,758,78613,1,83.9475,USD
2010-02-15 00:00:00,2010-02-17 00:00:00,758,85220,1,83.9475,GBP
2010-02-15 00:00:00,2010-02-17 00:00:00,758,85233,1,83.9475,USD
2010-02-15 00:00:00,2010-02-17 00:00:00,758,85350,1,83.9475,USD
2010-02-15 00:00:00,2010-02-17 00:00:00,758,85353,1,83.9475,GBP
2010-02-15 00:00:00,2010-02-17 00:00:00,758,89507,1,83.9475,GBP
2010-02-15 00:00:00,2010-02-17 00:00:00,758,91301,1,83.9475,USD
2010-02-15 00:00:00,2010-02-17 00:00:00,758,91356,1,83.9475,USD
2010-02-15 00:00:00,2010-02-17 00:00:00,758,91362,1,83.9475,USD
2010-02-15 00:00:00,2010-02-17 00:00:00,758,93003,1,83.9475,GBP
2010-02-15 00:00:00,2010-02-17 00:00:00,767,08009,1,104.9475,GBP
2010-02-15 00:00:00,2010-02-17 00:00:00,767,32351,1,104.9475,USD
2010-02-15 00:00:00,2010-02-17 00:00:00,767,33178,1,104.9475,USD
2010-02-15 00:00:00,2010-02-17 00:00:00,767,34141,1,104.9475,GBP
2010-02-15 00:00:00,2010-02-17 00:00:00,767,46077,1,104.9475,GBP
2010-02-15 00:00:00,2010-02-17 00:00:00,767,47960,2,209.895,GBP
2010-02-15 00:00:00,2010-02-17 00:00:00,767,59804,1,104.9475,USD
2010-02-15 00:00:00,2010-02-17 00:00:00,767,63050,1,104.9475,GBP
2010-02-15 00:00:00,2010-02-17 00:00:00,767,70578,1,104.9475,GBP
2010-02-15 00:00:00,2010-02-17 00:00:00,767,75650,1,104.9475,GBP
2010-02-15 00:00:00,2010-02-17 00:00:00,767,75656,1,104.9475,GBP
2010-02-15 00:00:00,2010-02-17 00:00:00,767,86401,1,104.9475,GBP
2010-02-15 00:00:00,2010-02-17 00:00:00,767,91911,1,104.9475,GBP
2010-02-15 00:00:00,2010-02-17 00:00:00,768,08009,1,104.9475,USD
2010-02-15 00:00:00,2010-02-17 00:00:00,768,29690,1,104.9475,USD
2010-02-15 00:00:00,2010-02-17 00:00:00,768,32192,1,104.9475,USD
2010-02-15 00:00:00,2010-02-17 00:00:00,768,33521,1,104.9475,USD
2010-02-15 00:00:00,2010-02-17 00:00:00,768,34141,1,104.9475,GBP
2010-02-15 00:00:00,2010-02-17 00:00:00,768,34474,1,104.9475,GBP
2010-02-15 00:00:00,2010-02-17 00:00:00,768,35213,1,104.9475,USD
2010-02-15 00:00:00,2010-02-17 00:00:00,768,37064,1,104.9475,USD
2010-02-15 00:00:00,2010-02-17 00:00:00,768,38635,1,104.9475,USD
2010-02-15 00:00:00,2010-02-17 00:00:00,768,47960,2,209.895,USD
2010-02-15 00:00:00,2010-02-17 00:00:00,768,53114,1,104.9475,USD
2010-02-15 00:00:00,2010-02-17 00:00:00,768,63775,1,104.9475,USD
2010-02-15 00:00:00,2010-02-17 00:00:00,768,72120,1,104.9475,USD
2010-02-15 00:00:00,2010-02-17 00:00:00,768,74108,1,104.9475,USD
2010-02-15 00:00:00,2010-02-17 00:00:00,768,75650,1,104.9475,USD
2010-02-15 00:00:00,2010-02-17 00:00:00,768,76134,1,104.9475,GBP
2010-02-15 00:00:00,2010-02-17 00:00:00,768,77705,1,102.3225,USD
2010-02-15 00:00:00,2010-02-17 00:00:00,768,93117,1,104.9475,USD
2010-02-15 00:00:00,2010-02-17 00:00:00,768,95662,1,104.9475,GBP
2010-02-15 00:00:00,2010-02-17 00:00:00,768,97459,1,104.9475,GBP
2010-02-15 00:00:00,2010-02-17 00:00:00,769,19943,1,257.1975,USD
2010-02-15 00:00:00,2010-02-17 00:00:00,769,38618,1,257.1975,USD
2010-02-15 00:00:00,2010-02-17 00:00:00,769,42553,1,514.395,GBP
2010-02-15 00:00:00,2010-02-17 00:00:00,769,42553,1,771.5925,USD
2010-02-15 00:00:00,2010-02-17 00:00:00,769,53538,1,257.1975,USD
2010-02-15 00:00:00,2010-02-17 00:00:00,769,54436,1,257.1975,GBP
2010-02-15 00:00:00,2010-02-17 00:00:00,769,55304,1,257.1975,USD
2010-02-15 00:00:00,2010-02-17 00:00:00,769,74070,1,257.1975,GBP
2010-02-15 00:00:00,2010-02-17 00:00:00,769,77532,1,257.1975,GBP
2010-02-15 00:00:00,2010-02-17 00:00:00,769,77995,1,251.9475,USD
2010-02-15 00:00:00,2010-02-17 00:00:00,769,78552,1,257.1975,GBP
2010-02-15 00:00:00,2010-02-17 00:00:00,769,89436,1,257.1975,GBP
2010-02-15 00:00:00,2010-02-17 00:00:00,769,97027,1,257.1975,GBP
2010-02-15 00:00:00,2010-02-17 00:00:00,769,97478,1,257.1975,GBP
2010-02-15 00:00:00,2010-02-17 00:00:00,769,97504,1,257.1975,GBP
2010-02-15 00:00:00,2010-02-17 00:00:00,769,97525,1,257.1975,GBP
2010-02-15 00:00:00,2010-02-17 00:00:00,769,99615,1,257.1975,USD
2010-02-15 00:00:00,2010-02-17 00:00:00,770,07071,1,257.1975,GBP
2010-02-15 00:00:00,2010-02-17 00:00:00,770,07843,1,257.1975,GBP
2010-02-15 00:00:00,2010-02-17 00:00:00,770,08302,1,257.1975,USD
2010-02-15 00:00:00,2010-02-17 00:00:00,770,20678,1,257.1975,GBP
2010-02-15 00:00:00,2010-02-17 00:00:00,770,21742,1,257.1975,USD
2010-02-15 00:00:00,2010-02-17 00:00:00,770,29461,1,257.1975,USD
2010-02-15 00:00:00,2010-02-17 00:00:00,770,34952,1,257.1975,GBP
2010-02-15 00:00:00,2010-02-17 00:00:00,770,39652,1,257.1975,GBP
2010-02-15 00:00:00,2010-02-17 00:00:00,770,42553,1,514.395,GBP
2010-02-15 00:00:00,2010-02-17 00:00:00,770,42553,1,514.395,USD
2010-02-15 00:00:00,2010-02-17 00:00:00,770,47611,1,257.1975,USD
2010-02-15 00:00:00,2010-02-17 00:00:00,770,47630,1,257.1975,GBP
2010-02-15 00:00:00,2010-02-17 00:00:00,770,50207,1,257.1975,USD
2010-02-15 00:00:00,2010-02-17 00:00:00,770,50634,1,257.1975,GBP
2010-02-15 00:00:00,2010-02-17 00:00:00,770,54436,1,257.1975,USD
2010-02-15 00:00:00,2010-02-17 00:00:00,770,64080,1,257.1975,GBP
2010-02-15 00:00:00,2010-02-17 00:00:00,770,68504,1,257.1975,GBP
2010-02-15 00:00:00,2010-02-17 00:00:00,770,73034,1,257.1975,USD
2010-02-15 00:00:00,2010-02-17 00:00:00,770,73505,1,257.1975,GBP
2010-02-15 00:00:00,2010-02-17 00:00:00,770,74070,1,257.1975,GBP
2010-02-15 00:00:00,2010-02-17 00:00:00,770,78526,1,257.1975,USD
2010-02-15 00:00:00,2010-02-17 00:00:00,770,78552,1,257.1975,GBP
2010-02-15 00:00:00,2010-02-17 00:00:00,770,85648,1,257.1975,GBP
2010-02-15 00:00:00,2010-02-17 00:00:00,770,88004,1,257.1975,USD
2010-02-15 00:00:00,2010-02-17 00:00:00,770,92562,1,257.1975,GBP
2010-02-15 00:00:00,2010-02-17 00:00:00,770,92570,1,257.1975,GBP
2010-02-15 00:00:00,2010-02-17 00:00:00,770,93065,1,257.1975,USD
2010-02-15 00:00:00,2010-02-17 00:00:00,770,95658,1,257.1975,USD
2010-02-15 00:00:00,2010-02-17 00:00:00,771,21229,1,165.3225,USD
2010-02-15 00:00:00,2010-02-17 00:00:00,771,25676,1,165.3225,GBP
2010-02-15 00:00:00,2010-02-17 00:00:00,771,33442,1,165.3225,GBP
2010-02-15 00:00:00,2010-02-17 00:00:00,771,77354,1,165.3225,USD
2010-02-15 00:00:00,2010-02-17 00:00:00,772,21229,1,165.3225,GBP
2010-02-15 00:00:00,2010-02-17 00:00:00,772,33442,1,165.3225,GBP
2010-02-15 00:00:00,2010-02-17 00:00:00,772,70714,1,165.3225,GBP
2010-02-15 00:00:00,2010-02-17 00:00:00,772,85332,1,165.3225,GBP
2010-02-15 00:00:00,2010-02-17 00:00:00,795,32779,1,272.9475,USD
2010-02-15 00:00:00,2010-02-17 00:00:00,795,70456,1,275.5725,USD
2010-02-15 00:00:00,2010-02-17 00:00:00,795,76087,1,275.5725,GBP
2010-02-15 00:00:00,2010-02-17 00:00:00,795,84604,1,275.5725,USD
2010-02-15 00:00:00,2010-02-17 00:00:00,795,85050,1,275.5725,GBP
2010-02-15 00:00:00,2010-02-17 00:00:00,795,90743,1,275.5725,GBP
2010-02-15 00:00:00,2010-02-17 00:00:00,795,92082,1,275.5725,USD
2010-02-15 00:00:00,2010-02-17 00:00:00,795,92346,1,275.5725,USD
2010-02-15 00:00:00,2010-02-17 00:00:00,795,92397,1,275.5725,USD
2010-02-15 00:00:00,2010-02-17 00:00:00,795,92562,1,275.5725,USD
2010-02-15 00:00:00,2010-02-17 00:00:00,795,92672,1,275.5725,GBP
2010-02-15 00:00:00,2010-02-17 00:00:00,795,93225,1,275.5725,USD
2010-02-15 00:00:00,2010-02-17 00:00:00,795,93446,1,275.5725,GBP
2010-02-15 00:00:00,2010-02-17 00:00:00,795,95634,1,275.5725,USD
2010-02-15 00:00:00,2010-02-17 00:00:00,795,97223,1,275.5725,GBP
2010-02-15 00:00:00,2010-02-17 00:00:00,795,97303,1,275.5725,USD
2010-02-15 00:00:00,2010-02-17 00:00:00,795,97448,1,275.5725,USD
2010-02-15 00:00:00,2010-02-17 00:00:00,796,58374,1,275.5725,USD
2010-02-15 00:00:00,2010-02-17 00:00:00,796,76039,1,275.5725,USD
2010-02-15 00:00:00,2010-02-17 00:00:00,796,84119,1,275.5725,USD
2010-02-15 00:00:00,2010-02-17 00:00:00,796,85050,1,275.5725,GBP
2010-02-15 00:00:00,2010-02-17 00:00:00,796,85310,1,275.5725,GBP
2010-02-15 00:00:00,2010-02-17 00:00:00,796,89706,1,275.5725,GBP
2010-02-15 00:00:00,2010-02-17 00:00:00,796,91320,1,275.5725,GBP
2010-02-15 00:00:00,2010-02-17 00:00:00,796,92029,1,275.5725,USD
2010-02-15 00:00:00,2010-02-17 00:00:00,796,92397,1,275.5725,USD
2010-02-15 00:00:00,2010-02-17 00:00:00,796,92503,1,275.5725,USD
2010-02-15 00:00:00,2010-02-17 00:00:00,796,92505,1,275.5725,GBP
2010-02-15 00:00:00,2010-02-17 00:00:00,796,92581,1,275.5725,GBP
2010-02-15 00:00:00,2010-02-17 00:00:00,796,93065,1,275.5725,USD
2010-02-15 00:00:00,2010-02-17 00:00:00,796,93245,1,275.5725,GBP
2010-02-15 00:00:00,2010-02-17 00:00:00,796,95634,1,275.5725,USD
2010-02-15 00:00:00,2010-02-17 00:00:00,796,95678,1,275.5725,USD
2010-02-15 00:00:00,2010-02-17 00:00:00,797,07013,1,301.8225,USD
2010-02-15 00:00:00,2010-02-17 00:00:00,797,07463,1,301.8225,GBP
2010-02-15 00:00:00,2010-02-17 00:00:00,797,08827,1,301.8225,USD
2010-02-15 00:00:00,2010-02-17 00:00:00,797,25401,1,301.8225,GBP
2010-02-15 00:00:00,2010-02-17 00:00:00,797,32955,1,301.8225,USD
2010-02-15 00:00:00,2010-02-17 00:00:00,797,33810,2,603.645,USD
2010-02-15 00:00:00,2010-02-17 00:00:00,797,37042,2,603.645,USD
2010-02-15 00:00:00,2010-02-17 00:00:00,797,41001,1,301.8225,GBP
2010-02-15 00:00:00,2010-02-17 00:00:00,797,50588,1,301.8225,GBP
2010-02-15 00:00:00,2010-02-17 00:00:00,797,53227,1,301.8225,GBP
2010-02-15 00:00:00,2010-02-17 00:00:00,797,53227,1,905.4675,USD
2010-02-15 00:00:00,2010-02-17 00:00:00,797,57033,1,301.8225,GBP
2010-02-15 00:00:00,2010-02-17 00:00:00,797,59801,1,301.8225,USD
2010-02-15 00:00:00,2010-02-17 00:00:00,797,63376,2,603.645,GBP
2010-02-15 00:00:00,2010-02-17 00:00:00,797,79706,1,301.8225,GBP
2010-02-15 00:00:00,2010-02-17 00:00:00,797,79912,1,301.8225,USD
2010-02-15 00:00:00,2010-02-17 00:00:00,797,83715,1,301.8225,USD
2010-02-15 00:00:00,2010-02-17 00:00:00,797,85204,2,603.645,GBP
2010-02-15 00:00:00,2010-02-17 00:00:00,797,85742,1,301.8225,USD
2010-02-15 00:00:00,2010-02-17 00:00:00,797,89129,1,301.8225,USD
2010-02-15 00:00:00,2010-02-17 00:00:00,797,90245,1,301.8225,USD
2010-02-15 00:00:00,2010-02-17 00:00:00,797,90266,1,301.8225,USD
2010-02-15 00:00:00,2010-02-17 00:00:00,797,90630,1,301.8225,USD
2010-02-15 00:00:00,2010-02-17 00:00:00,797,92377,1,301.8225,GBP
2010-02-15 00:00:00,2010-02-17 00:00:00,797,93103,1,301.8225,GBP
2010-02-15 00:00:00,2010-02-17 00:00:00,797,93501,1,301.8225,GBP
2010-02-15 00:00:00,2010-02-17 00:00:00,797,94514,1,301.8225,GBP
2010-02-15 00:00:00,2010-02-17 00:00:00,797,97141,1,301.8225,USD
2010-02-15 00:00:00,2010-02-17 00:00:00,797,97402,1,301.8225,GBP
2010-02-15 00:00:00,2010-02-17 00:00:00,823,02703,1,619.4475,GBP
2010-02-15 00:00:00,2010-02-17 00:00:00,823,29161,1,619.4475,USD
2010-02-15 00:00:00,2010-02-17 00:00:00,823,37087,1,619.4475,GBP
2010-02-15 00:00:00,2010-02-17 00:00:00,823,70115,1,619.4475,USD
2010-02-15 00:00:00,2010-02-17 00:00:00,823,75019,1,619.4475,GBP
2010-02-15 00:00:00,2010-02-17 00:00:00,823,85208,1,619.4475,USD
2010-02-15 00:00:00,2010-02-17 00:00:00,823,95762,1,619.4475,USD
2010-02-15 00:00:00,2010-02-17 00:00:00,833,46167,1,792.6975,USD
2010-02-15 00:00:00,2010-02-17 00:00:00,833,55073,1,803.1975,USD
2010-02-15 00:00:00,2010-02-17 00:00:00,837,33852,1,813.6975,USD
2010-02-15 00:00:00,2010-02-17 00:00:00,837,34145,2,1627.395,GBP
2010-02-15 00:00:00,2010-02-17 00:00:00,837,37406,1,813.6975,USD
2010-02-15 00:00:00,2010-02-17 00:00:00,837,64050,1,839.9475,USD
2010-02-15 00:00:00,2010-02-17 00:00:00,837,66776,1,813.6975,USD
2010-02-15 00:00:00,2010-02-17 00:00:00,837,77088,1,813.6975,USD
2010-02-15 00:00:00,2010-02-17 00:00:00,837,79764,1,813.6975,GBP
2010-02-15 00:00:00,2010-02-17 00:00:00,837,97477,1,813.6975,USD
2010-02-15 00:00:00,2010-02-17 00:00:00,838,33525,1,944.9475,USD
2010-02-15 00:00:00,2010-02-17 00:00:00,838,34450,1,934.4475,GBP
2010-02-15 00:00:00,2010-02-17 00:00:00,838,37023,1,934.4475,USD
2010-02-15 00:00:00,2010-02-17 00:00:00,838,46385,1,934.4475,GBP
2010-02-15 00:00:00,2010-02-17 00:00:00,838,46543,1,944.9475,USD
2010-02-15 00:00:00,2010-02-17 00:00:00,838,70586,1,934.4475,USD
2010-02-15 00:00:00,2010-02-17 00:00:00,838,72936,2,1863.645,GBP
2010-02-15 00:00:00,2010-02-17 00:00:00,838,75708,1,944.9475,GBP
2010-02-15 00:00:00,2010-02-17 00:00:00,838,85223,1,944.9475,GBP
2010-02-15 00:00:00,2010-02-17 00:00:00,838,92019,1,934.4475,USD
2010-02-15 00:00:00,2010-02-17 00:00:00,838,92104,1,934.4475,GBP
2010-02-15 00:00:00,2010-02-17 00:00:00,838,92392,1,934.4475,USD
2010-02-15 00:00:00,2010-02-17 00:00:00,842,92614,1,750.6975,GBP
2010-02-15 00:00:00,2010-02-17 00:00:00,847,76001,1,603.6975,USD
2010-02-15 00:00:00,2010-02-17 00:00:00,847,77054,1,577.4475,USD
2010-02-15 00:00:00,2010-02-17 00:00:00,847,79782,1,551.1975,USD
2010-02-15 00:00:00,2010-02-17 00:00:00,847,91362,1,577.4475,USD
2010-02-15 00:00:00,2010-02-17 00:00:00,852,32119,1,761.1975,GBP
2010-02-15 00:00:00,2010-02-17 00:00:00,852,33040,1,745.4475,USD
2010-02-15 00:00:00,2010-02-17 00:00:00,852,33067,1,745.4475,USD
2010-02-15 00:00:00,2010-02-17 00:00:00,852,33713,1,771.6975,USD
2010-02-15 00:00:00,2010-02-17 00:00:00,852,52732,1,745.4475,GBP
2010-02-15 00:00:00,2010-02-17 00:00:00,852,77338,1,745.4475,USD
2010-02-15 00:00:00,2010-02-17 00:00:00,852,91773,1,671.9475,USD
2010-02-15 00:00:00,2010-02-17 00:00:00,852,92307,1,771.6975,GBP
2010-02-15 00:00:00,2010-02-17 00:00:00,853,94114,1,456.6975,GBP
2010-02-15 00:00:00,2010-02-17 00:00:00,862,29483,1,162.6975,GBP
2010-02-15 00:00:00,2010-02-17 00:00:00,862,33907,1,209.9475,GBP
2010-02-15 00:00:00,2010-02-17 00:00:00,862,99615,2,356.895,GBP
2010-02-15 00:00:00,2010-02-17 00:00:00,901,19901,2,818.895,USD
2010-02-15 00:00:00,2010-02-17 00:00:00,901,26679,1,409.4475,USD
2010-02-15 00:00:00,2010-02-17 00:00:00,901,29360,1,409.4475,USD
2010-02-15 00:00:00,2010-02-17 00:00:00,901,39056,1,409.4475,USD
2010-02-15 00:00:00,2010-02-17 00:00:00,901,46052,1,409.4475,GBP
2010-02-15 00:00:00,2010-02-17 00:00:00,901,46526,1,409.4475,USD
2010-02-15 00:00:00,2010-02-17 00:00:00,901,47130,1,409.4475,USD
2010-02-15 00:00:00,2010-02-17 00:00:00,901,53042,2,818.895,USD
2010-02-15 00:00:00,2010-02-17 00:00:00,901,63103,1,409.4475,USD
2010-02-15 00:00:00,2010-02-17 00:00:00,901,97007,1,409.4475,USD
2010-02-15 00:00:00,2010-02-17 00:00:00,910,07005,1,414.6975,USD
2010-02-15 00:00:00,2010-02-17 00:00:00,910,07201,1,414.6975,USD
2010-02-15 00:00:00,2010-02-17 00:00:00,910,20721,1,414.6975,USD
2010-02-15 00:00:00,2010-02-17 00:00:00,910,20882,1,414.6975,USD
2010-02-15 00:00:00,2010-02-17 00:00:00,910,26554,1,414.6975,USD
2010-02-15 00:00:00,2010-02-17 00:00:00,910,29841,1,414.6975,USD
2010-02-15 00:00:00,2010-02-17 00:00:00,910,32174,1,414.6975,USD
2010-02-15 00:00:00,2010-02-17 00:00:00,910,33569,1,414.6975,USD
2010-02-15 00:00:00,2010-02-17 00:00:00,910,33990,1,414.6975,USD
2010-02-15 00:00:00,2010-02-17 00:00:00,910,38829,1,414.6975,USD
2010-02-15 00:00:00,2010-02-17 00:00:00,910,39339,1,414.6975,USD
2010-02-15 00:00:00,2010-02-17 00:00:00,910,46808,1,414.6975,USD
2010-02-15 00:00:00,2010-02-17 00:00:00,910,55430,1,414.6975,USD
2010-02-15 00:00:00,2010-02-17 00:00:00,910,63390,1,414.6975,USD
2010-02-15 00:00:00,2010-02-17 00:00:00,910,70808,1,414.6975,USD
2010-02-15 00:00:00,2010-02-17 00:00:00,910,72223,1,414.6975,USD
2010-02-15 00:00:00,2010-02-17 00:00:00,910,76034,1,414.6975,USD
2010-02-15 00:00:00,2010-02-17 00:00:00,910,76541,1,414.6975,USD
2010-02-15 00:00:00,2010-02-17 00:00:00,910,78840,1,414.6975,USD
2010-02-15 00:00:00,2010-02-17 00:00:00,910,85382,1,414.6975,USD
2010-02-15 00:00:00,2010-02-17 00:00:00,910,92055,1,414.6975,GBP
2010-02-15 00:00:00,2010-02-17 00:00:00,910,92780,1,414.6975,GBP
2010-02-15 00:00:00,2010-02-17 00:00:00,910,95621,1,414.6975,USD
2010-02-15 00:00:00,2010-02-17 00:00:00,914,08822,1,603.6975,USD
2010-02-15 00:00:00,2010-02-17 00:00:00,914,37643,1,577.4475,USD
2010-02-15 00:00:00,2010-02-17 00:00:00,914,85365,1,603.6975,GBP
2010-02-15 00:00:00,2010-02-17 00:00:00,914,95121,1,577.4475,USD
2010-02-15 00:00:00,2010-02-17 00:00:00,921,08887,1,524.9475,USD
2010-02-15 00:00:00,2010-02-17 00:00:00,921,29123,1,524.9475,USD
2010-02-15 00:00:00,2010-02-17 00:00:00,921,29626,1,524.9475,USD
2010-02-15 00:00:00,2010-02-17 00:00:00,921,33063,1,524.9475,USD
2010-02-15 00:00:00,2010-02-17 00:00:00,921,33411,1,524.9475,USD
2010-02-15 00:00:00,2010-02-17 00:00:00,921,55426,1,524.9475,GBP
2010-02-15 00:00:00,2010-02-17 00:00:00,921,71457,1,524.9475,GBP
2010-02-15 00:00:00,2010-02-17 00:00:00,921,77065,1,524.9475,USD
2010-02-15 00:00:00,2010-02-17 00:00:00,921,77084,2,1049.895,GBP
2010-02-15 00:00:00,2010-02-17 00:00:00,921,78504,1,524.9475,USD
2010-02-15 00:00:00,2010-02-17 00:00:00,921,91364,1,524.9475,USD
2010-02-15 00:00:00,2010-02-17 00:00:00,922,89503,1,472.4475,USD
2010-02-15 00:00:00,2010-02-17 00:00:00,932,64093,1,430.4475,USD
2010-02-15 00:00:00,2010-02-17 00:00:00,932,65301,1,430.4475,USD
2010-02-15 00:00:00,2010-02-17 00:00:00,935,75068,1,488.1975,USD
2010-02-15 00:00:00,2010-02-17 00:00:00,935,97123,1,488.1975,GBP
2010-02-15 00:00:00,2010-02-17 00:00:00,936,33064,1,498.6975,USD
2010-02-15 00:00:00,2010-02-17 00:00:00,936,46805,1,498.6975,GBP
2010-02-15 00:00:00,2010-02-17 00:00:00,936,89123,1,498.6975,GBP
2010-02-15 00:00:00,2010-02-17 00:00:00,936,97116,1,498.6975,USD
2010-02-15 00:00:00,2010-02-17 00:00:00,940,07026,1,671.9475,USD
2010-02-15 00:00:00,2010-02-17 00:00:00,940,32141,1,687.6975,USD
2010-02-15 00:00:00,2010-02-17 00:00:00,940,32750,1,671.9475,USD
2010-02-15 00:00:00,2010-02-17 00:00:00,940,32901,1,671.9475,GBP
2010-02-15 00:00:00,2010-02-17 00:00:00,940,33418,1,687.6975,GBP
2010-02-15 00:00:00,2010-02-17 00:00:00,940,47714,1,687.6975,USD
2010-02-15 00:00:00,2010-02-17 00:00:00,940,65084,1,671.9475,GBP
2010-02-15 00:00:00,2010-02-17 00:00:00,940,72015,1,671.9475,GBP
2010-02-15 00:00:00,2010-02-17 00:00:00,940,77345,1,687.6975,GBP
2010-02-15 00:00:00,2010-02-17 00:00:00,940,77505,1,687.6975,GBP
2010-02-15 00:00:00,2010-02-17 00:00:00,940,78059,1,687.6975,USD
2010-02-15 00:00:00,2010-02-17 00:00:00,940,97211,1,687.6975,GBP
2010-02-15 00:00:00,2010-02-17 00:00:00,952,63379,1,262.4475,GBP
2010-02-15 00:00:00,2010-02-17 00:00:00,952,90046,1,262.4475,GBP
2010-02-15 00:00:00,2010-02-17 00:00:00,962,07732,1,524.9475,USD
2010-02-15 00:00:00,2010-02-17 00:00:00,962,29420,1,524.9475,GBP
2010-02-15 00:00:00,2010-02-17 00:00:00,962,32778,1,509.1975,USD
2010-02-15 00:00:00,2010-02-17 00:00:00,962,34771,1,509.1975,GBP
2010-02-15 00:00:00,2010-02-17 00:00:00,962,37122,1,524.9475,USD
2010-02-15 00:00:00,2010-02-17 00:00:00,962,56001,1,524.9475,GBP
2010-02-15 00:00:00,2010-02-17 00:00:00,962,63011,1,509.1975,USD
2010-02-15 00:00:00,2010-02-17 00:00:00,962,72390,1,509.1975,USD
2010-02-15 00:00:00,2010-02-17 00:00:00,962,73069,1,524.9475,GBP
2010-02-15 00:00:00,2010-02-17 00:00:00,962,78230,1,509.1975,USD
2010-02-15 00:00:00,2010-02-17 00:00:00,962,90018,1,524.9475,USD
2010-02-15 00:00:00,2010-02-17 00:00:00,962,90805,1,524.9475,GBP
2010-02-15 00:00:00,2010-02-17 00:00:00,962,92025,1,524.9475,USD
2010-02-15 00:00:00,2010-02-17 00:00:00,962,92392,1,524.9475,USD
2010-02-15 00:00:00,2010-02-17 00:00:00,962,92397,1,524.9475,USD
2010-02-15 00:00:00,2010-02-17 00:00:00,962,94110,1,509.1975,GBP
2010-02-15 00:00:00,2010-02-17 00:00:00,964,03444,1,356.9475,USD
2010-02-15 00:00:00,2010-02-17 00:00:00,964,29055,1,356.9475,GBP
2010-02-15 00:00:00,2010-02-17 00:00:00,964,33139,1,356.9475,GBP
2010-02-15 00:00:00,2010-02-17 00:00:00,964,33570,1,356.9475,GBP
2010-02-15 00:00:00,2010-02-17 00:00:00,964,34787,1,346.4475,USD
2010-02-15 00:00:00,2010-02-17 00:00:00,964,37010,1,356.9475,USD
2010-02-15 00:00:00,2010-02-17 00:00:00,964,57226,1,356.9475,USD
2010-02-15 00:00:00,2010-02-17 00:00:00,964,71342,1,356.9475,USD
2010-02-15 00:00:00,2010-02-17 00:00:00,964,75007,1,356.9475,USD
2010-02-15 00:00:00,2010-02-17 00:00:00,964,77429,1,346.4475,GBP
2010-02-15 00:00:00,2010-02-17 00:00:00,964,91103,1,356.9475,USD
2010-02-15 00:00:00,2010-02-17 00:00:00,964,92808,1,346.4475,USD
2010-02-15 00:00:00,2010-02-17 00:00:00,964,95336,1,330.6975,GBP
2010-02-15 00:00:00,2010-02-17 00:00:00,979,33527,1,393.6975,USD
2010-02-15 00:00:00,2010-02-17 00:00:00,979,35645,1,409.4475,GBP
2010-02-15 00:00:00,2010-02-17 00:00:00,979,36360,1,409.4475,USD
2010-02-15 00:00:00,2010-02-17 00:00:00,979,37876,1,393.6975,USD
2010-02-15 00:00:00,2010-02-17 00:00:00,979,70586,1,409.4475,GBP
2010-02-15 00:00:00,2010-02-17 00:00:00,979,72903,1,409.4475,GBP
2010-02-15 00:00:00,2010-02-17 00:00:00,979,75455,1,409.4475,GBP
2010-02-15 00:00:00,2010-02-17 00:00:00,979,77506,1,409.4475,GBP
2010-02-15 00:00:00,2010-02-17 00:00:00,979,91316,1,393.6975,GBP
2010-02-15 00:00:00,2010-02-17 00:00:00,979,94115,1,409.4475,USD
2010-02-15 00:00:00,2010-02-17 00:00:00,981,32780,1,157.4475,GBP
2010-02-15 00:00:00,2010-02-17 00:00:00,981,33904,1,167.9475,GBP
2010-02-15 00:00:00,2010-02-17 00:00:00,981,34109,1,157.4475,GBP
2010-02-15 00:00:00,2010-02-17 00:00:00,981,71459,1,167.9475,USD
2010-02-15 00:00:00,2010-02-17 00:00:00,981,72546,1,167.9475,GBP
2010-02-15 00:00:00,2010-02-17 00:00:00,981,78028,1,167.9475,GBP
2010-02-15 00:00:00,2010-02-17 00:00:00,981,78250,1,157.4475,USD
2010-02-15 00:00:00,2010-02-17 00:00:00,981,91775,1,157.4475,USD
2010-02-15 00:00:00,2010-02-17 00:00:00,981,94024,1,157.4475,GBP
2010-02-15 00:00:00,2010-02-17 00:00:00,989,32328,1,467.1975,GBP
2010-02-15 00:00:00,2010-02-17 00:00:00,989,32809,1,467.1975,USD
2010-02-15 00:00:00,2010-02-17 00:00:00,989,33025,1,451.4475,GBP
2010-02-15 00:00:00,2010-02-17 00:00:00,989,33135,1,467.1975,GBP
2010-02-15 00:00:00,2010-02-17 00:00:00,989,33142,1,467.1975,GBP
2010-02-15 00:00:00,2010-02-17 00:00:00,989,36201,1,467.1975,GBP
2010-02-15 00:00:00,2010-02-17 00:00:00,989,50265,1,451.4475,GBP
2010-02-15 00:00:00,2010-02-17 00:00:00,989,50310,1,467.1975,GBP
2010-02-15 00:00:00,2010-02-17 00:00:00,989,56001,1,467.1975,USD
2010-02-15 00:00:00,2010-02-17 00:00:00,989,71029,2,902.895,GBP
2010-02-15 00:00:00,2010-02-17 00:00:00,989,72756,1,451.4475,GBP
2010-02-15 00:00:00,2010-02-17 00:00:00,989,94559,1,467.1975,GBP
2010-02-15 00:00:00,2010-02-17 00:00:00,989,97304,1,467.1975,USD
2010-02-15 00:00:00,2010-02-17 00:00:00,990,06896,1,503.9475,USD
2010-02-15 00:00:00,2010-02-17 00:00:00,990,07871,1,503.9475,USD
2010-02-15 00:00:00,2010-02-17 00:00:00,990,34241,1,503.9475,GBP
2010-02-15 00:00:00,2010-02-17 00:00:00,990,35901,1,524.9475,GBP
2010-02-15 00:00:00,2010-02-17 00:00:00,990,36870,1,524.9475,GBP
2010-02-15 00:00:00,2010-02-17 00:00:00,990,37663,1,524.9475,USD
2010-02-15 00:00:00,2010-02-17 00:00:00,990,39520,1,503.9475,USD
2010-02-15 00:00:00,2010-02-17 00:00:00,990,71037,1,472.4475,GBP
2010-02-15 00:00:00,2010-02-17 00:00:00,990,73065,1,503.9475,USD
2010-02-15 00:00:00,2010-02-17 00:00:00,990,75076,1,472.4475,USD
2010-02-15 00:00:00,2010-02-17 00:00:00,990,76513,1,503.9475,USD
2010-02-15 00:00:00,2010-02-17 00:00:00,990,83642,1,530.1975,USD
2010-02-15 00:00:00,2010-02-17 00:00:00,990,93021,1,482.9475,USD
2010-02-15 00:00:00,2010-02-17 00:00:00,992,29671,1,278.1975,USD
2010-02-15 00:00:00,2010-02-17 00:00:00,992,29687,1,288.6975,USD
2010-02-15 00:00:00,2010-02-17 00:00:00,992,33635,1,278.1975,GBP
2010-02-15 00:00:00,2010-02-17 00:00:00,992,34748,1,288.6975,USD
2010-02-15 00:00:00,2010-02-17 00:00:00,992,36027,1,288.6975,USD
2010-02-15 00:00:00,2010-02-17 00:00:00,992,36533,1,288.6975,USD
2010-02-15 00:00:00,2010-02-17 00:00:00,992,37745,1,278.1975,USD
2010-02-15 00:00:00,2010-02-17 00:00:00,992,42025,1,278.1975,USD
2010-02-15 00:00:00,2010-02-17 00:00:00,992,70501,1,278.1975,USD
2010-02-15 00:00:00,2010-02-17 00:00:00,992,71115,1,314.9475,GBP
2010-02-15 00:00:00,2010-02-17 00:00:00,992,77095,1,288.6975,USD
2010-02-15 00:00:00,2010-02-17 00:00:00,992,85028,1,278.1975,USD
2010-02-15 00:00:00,2010-02-17 00:00:00,992,91104,1,314.9475,GBP
2010-02-15 00:00:00,2010-02-17 00:00:00,992,91203,1,278.1975,USD
2010-02-15 00:00:00,2010-02-17 00:00:00,992,94131,1,314.9475,GBP
2010-02-15 00:00:00,2010-02-17 00:00:00,992,95123,1,278.1975,USD
2010-02-15 00:00:00,2010-02-17 00:00:00,1003,06511,1,86.5725,GBP
2010-02-15 00:00:00,2010-02-17 00:00:00,1003,29203,3,259.7175,GBP
2010-02-15 00:00:00,2010-02-17 00:00:00,1003,33852,1,86.5725,GBP
2010-02-15 00:00:00,2010-02-17 00:00:00,1003,34446,1,86.5725,USD
2010-02-15 00:00:00,2010-02-17 00:00:00,1003,40212,1,173.145,GBP
2010-02-15 00:00:00,2010-02-17 00:00:00,1003,40212,1,259.71750000000003,USD
2010-02-15 00:00:00,2010-02-17 00:00:00,1003,46952,1,86.5725,USD
2010-02-15 00:00:00,2010-02-17 00:00:00,1003,47804,1,779.1525,GBP
2010-02-15 00:00:00,2010-02-17 00:00:00,1003,47804,1,779.1525,USD
2010-02-15 00:00:00,2010-02-17 00:00:00,1005,33773,1,107.5725,GBP
2010-02-15 00:00:00,2010-02-17 00:00:00,1005,34465,1,107.5725,GBP
2010-02-15 00:00:00,2010-02-17 00:00:00,1005,36870,1,107.5725,USD
2010-02-15 00:00:00,2010-02-17 00:00:00,1005,39525,1,107.5725,USD
2010-02-15 00:00:00,2010-02-17 00:00:00,1005,42071,1,107.5725,GBP
2010-02-15 00:00:00,2010-02-17 00:00:00,1005,70125,1,107.5725,USD
2010-02-15 00:00:00,2010-02-17 00:00:00,1005,75068,1,107.5725,GBP
2010-02-15 00:00:00,2010-02-17 00:00:00,1005,77551,1,107.5725,USD
2010-02-15 00:00:00,2010-02-17 00:00:00,1005,93001,1,107.5725,GBP
2010-02-15 00:00:00,2010-02-17 00:00:00,1008,85224,1,236.1975,USD
2010-02-15 00:00:00,2010-02-17 00:00:00,1008,92630,1,236.1975,GBP
2010-02-15 00:00:00,2010-02-17 00:00:00,1014,21601,1,86.5725,GBP
2010-02-15 00:00:00,2010-02-17 00:00:00,1014,29069,1,86.5725,USD
2010-02-15 00:00:00,2010-02-17 00:00:00,1014,29403,2,173.145,GBP
2010-02-15 00:00:00,2010-02-17 00:00:00,1014,29611,1,86.5725,USD
2010-02-15 00:00:00,2010-02-17 00:00:00,1014,47905,2,173.145,GBP
2010-02-15 00:00:00,2010-02-17 00:00:00,1045,29418,1,207.3225,GBP
2010-02-15 00:00:00,2010-02-17 00:00:00,1045,89031,1,207.3225,GBP
2010-02-15 00:00:00,2010-02-17 00:00:00,1046,42544,1,99.6975,USD
2010-02-15 00:00:00,2010-02-17 00:00:00,1046,54603,1,99.6975,USD
2010-02-15 00:00:00,2010-02-17 00:00:00,1046,63345,1,99.6975,USD
2010-02-15 00:00:00,2010-02-17 00:00:00,1046,73401,1,99.6975,GBP
2010-02-15 00:00:00,2010-02-17 00:00:00,1046,77871,1,99.6975,USD
2010-02-15 00:00:00,2010-02-17 00:00:00,1046,97220,1,99.6975,USD
2010-02-15 00:00:00,2010-02-17 00:00:00,1053,08751,1,251.9475,USD
2010-02-15 00:00:00,2010-02-17 00:00:00,1053,20710,1,251.9475,GBP
2010-02-15 00:00:00,2010-02-17 00:00:00,1053,39040,1,251.9475,GBP
2010-02-15 00:00:00,2010-02-17 00:00:00,1053,39425,1,251.9475,USD
2010-02-15 00:00:00,2010-02-17 00:00:00,1053,73533,1,251.9475,USD
2010-02-15 00:00:00,2010-02-17 00:00:00,1053,75605,1,251.9475,USD
2010-02-15 00:00:00,2010-02-17 00:00:00,1053,75956,1,251.9475,USD
2010-02-15 00:00:00,2010-02-17 00:00:00,1053,82601,1,251.9475,GBP
2010-02-15 00:00:00,2010-02-17 00:00:00,1053,92377,1,251.9475,GBP
2010-02-15 00:00:00,2010-02-17 00:00:00,1053,97217,2,503.895,USD
2010-02-15 00:00:00,2010-02-17 00:00:00,1064,76309,1,233.5725,USD
2010-02-15 00:00:00,2010-02-17 00:00:00,1065,07403,1,296.5725,USD
2010-02-15 00:00:00,2010-02-17 00:00:00,1065,08721,1,296.5725,USD
2010-02-15 00:00:00,2010-02-17 00:00:00,1065,08859,1,296.5725,USD
2010-02-15 00:00:00,2010-02-17 00:00:00,1065,19966,1,296.5725,USD
2010-02-15 00:00:00,2010-02-17 00:00:00,1065,29356,1,296.5725,USD
2010-02-15 00:00:00,2010-02-17 00:00:00,1065,35045,1,296.5725,USD
2010-02-15 00:00:00,2010-02-17 00:00:00,1065,36201,1,296.5725,USD
2010-02-15 00:00:00,2010-02-17 00:00:00,1065,37064,1,296.5725,USD
2010-02-15 00:00:00,2010-02-17 00:00:00,1065,40229,1,1186.29,GBP
2010-02-15 00:00:00,2010-02-17 00:00:00,1065,40229,1,296.5725,USD
2010-02-15 00:00:00,2010-02-17 00:00:00,1065,42327,1,296.5725,GBP
2010-02-15 00:00:00,2010-02-17 00:00:00,1065,42333,1,296.5725,GBP
2010-02-15 00:00:00,2010-02-17 00:00:00,1065,46151,1,296.5725,GBP
2010-02-15 00:00:00,2010-02-17 00:00:00,1065,46217,1,296.5725,USD
2010-02-15 00:00:00,2010-02-17 00:00:00,1065,47918,1,1482.8625,GBP
2010-02-15 00:00:00,2010-02-17 00:00:00,1065,50142,1,296.5725,GBP
2010-02-15 00:00:00,2010-02-17 00:00:00,1065,50322,1,296.5725,USD
2010-02-15 00:00:00,2010-02-17 00:00:00,1065,53563,1,296.5725,USD
2010-02-15 00:00:00,2010-02-17 00:00:00,1065,57231,1,296.5725,GBP
2010-02-15 00:00:00,2010-02-17 00:00:00,1065,59102,1,296.5725,USD
2010-02-15 00:00:00,2010-02-17 00:00:00,1065,59601,1,296.5725,USD
2010-02-15 00:00:00,2010-02-17 00:00:00,1065,65804,1,296.5725,GBP
2010-02-15 00:00:00,2010-02-17 00:00:00,1065,68154,1,296.5725,GBP
2010-02-15 00:00:00,2010-02-17 00:00:00,1065,70726,1,296.5725,USD
2010-02-15 00:00:00,2010-02-17 00:00:00,1065,73160,1,296.5725,USD
2010-02-15 00:00:00,2010-02-17 00:00:00,1065,74954,1,296.5725,GBP
2010-02-15 00:00:00,2010-02-17 00:00:00,1065,76302,1,296.5725,USD
2010-02-15 00:00:00,2010-02-17 00:00:00,1065,77338,1,296.5725,GBP
2010-02-15 00:00:00,2010-02-17 00:00:00,1065,77373,1,296.5725,USD
2010-02-15 00:00:00,2010-02-17 00:00:00,1065,83440,1,296.5725,GBP
2010-02-15 00:00:00,2010-02-17 00:00:00,1065,84003,2,593.145,USD
2010-02-15 00:00:00,2010-02-17 00:00:00,1065,85027,3,889.7175,USD
2010-02-15 00:00:00,2010-02-17 00:00:00,1065,90620,1,296.5725,USD
2010-02-15 00:00:00,2010-02-17 00:00:00,1065,90815,1,296.5725,USD
2010-02-15 00:00:00,2010-02-17 00:00:00,1065,92020,1,296.5725,USD
2010-02-15 00:00:00,2010-02-17 00:00:00,1065,92071,1,296.5725,USD
2010-02-15 00:00:00,2010-02-17 00:00:00,1065,92544,1,296.5725,USD
2010-02-15 00:00:00,2010-02-17 00:00:00,1065,92581,1,296.5725,GBP
2010-02-15 00:00:00,2010-02-17 00:00:00,1065,92782,1,296.5725,USD
2010-02-15 00:00:00,2010-02-17 00:00:00,1065,93062,1,296.5725,GBP
2010-02-15 00:00:00,2010-02-17 00:00:00,1065,93065,2,593.145,GBP
2010-02-15 00:00:00,2010-02-17 00:00:00,1065,93581,1,296.5725,USD
2010-02-15 00:00:00,2010-02-17 00:00:00,1065,94070,2,593.145,USD
2010-02-15 00:00:00,2010-02-17 00:00:00,1065,94954,1,296.5725,GBP
2010-02-15 00:00:00,2010-02-17 00:00:00,1065,95118,1,296.5725,GBP
2010-02-15 00:00:00,2010-02-17 00:00:00,1065,95476,1,296.5725,GBP
2010-02-15 00:00:00,2010-02-17 00:00:00,1065,95610,1,296.5725,USD
2010-02-15 00:00:00,2010-02-17 00:00:00,1065,95688,1,296.5725,USD
2010-02-15 00:00:00,2010-02-17 00:00:00,1065,95747,1,296.5725,GBP
2010-02-15 00:00:00,2010-02-17 00:00:00,1065,95826,1,296.5725,USD
2010-02-15 00:00:00,2010-02-17 00:00:00,1065,97442,1,296.5725,GBP
2010-02-15 00:00:00,2010-02-17 00:00:00,1066,02777,1,296.5725,GBP
2010-02-15 00:00:00,2010-02-17 00:00:00,1066,07403,1,296.5725,GBP
2010-02-15 00:00:00,2010-02-17 00:00:00,1066,07718,1,296.5725,GBP
2010-02-15 00:00:00,2010-02-17 00:00:00,1066,21754,1,296.5725,GBP
2010-02-15 00:00:00,2010-02-17 00:00:00,1066,29154,1,296.5725,GBP
2010-02-15 00:00:00,2010-02-17 00:00:00,1066,32408,1,296.5725,GBP
2010-02-15 00:00:00,2010-02-17 00:00:00,1066,34741,1,296.5725,GBP
2010-02-15 00:00:00,2010-02-17 00:00:00,1066,37615,1,296.5725,GBP
2010-02-15 00:00:00,2010-02-17 00:00:00,1066,40229,1,296.5725,GBP
2010-02-15 00:00:00,2010-02-17 00:00:00,1066,40229,1,889.7175,USD
2010-02-15 00:00:00,2010-02-17 00:00:00,1066,42327,1,296.5725,USD
2010-02-15 00:00:00,2010-02-17 00:00:00,1066,47304,1,296.5725,GBP
2010-02-15 00:00:00,2010-02-17 00:00:00,1066,47714,1,296.5725,GBP
2010-02-15 00:00:00,2010-02-17 00:00:00,1066,47918,1,889.7175,GBP
2010-02-15 00:00:00,2010-02-17 00:00:00,1066,47918,1,296.5725,USD
2010-02-15 00:00:00,2010-02-17 00:00:00,1066,50158,1,296.5725,GBP
2010-02-15 00:00:00,2010-02-17 00:00:00,1066,50702,1,296.5725,GBP
2010-02-15 00:00:00,2010-02-17 00:00:00,1066,51104,1,296.5725,GBP
2010-02-15 00:00:00,2010-02-17 00:00:00,1066,55330,1,296.5725,GBP
2010-02-15 00:00:00,2010-02-17 00:00:00,1066,64029,1,296.5725,GBP
2010-02-15 00:00:00,2010-02-17 00:00:00,1066,68154,1,296.5725,GBP
2010-02-15 00:00:00,2010-02-17 00:00:00,1066,70454,1,296.5725,GBP
2010-02-15 00:00:00,2010-02-17 00:00:00,1066,73173,1,296.5725,GBP
2010-02-15 00:00:00,2010-02-17 00:00:00,1066,76108,1,296.5725,GBP
2010-02-15 00:00:00,2010-02-17 00:00:00,1066,76135,1,296.5725,GBP
2010-02-15 00:00:00,2010-02-17 00:00:00,1066,76302,1,296.5725,GBP
2010-02-15 00:00:00,2010-02-17 00:00:00,1066,83687,1,296.5725,GBP
2010-02-15 00:00:00,2010-02-17 00:00:00,1066,84401,1,296.5725,GBP
2010-02-15 00:00:00,2010-02-17 00:00:00,1066,84770,1,296.5725,GBP
2010-02-15 00:00:00,2010-02-17 00:00:00,1066,85710,1,296.5725,GBP
2010-02-15 00:00:00,2010-02-17 00:00:00,1066,90501,1,296.5725,GBP
2010-02-15 00:00:00,2010-02-17 00:00:00,1066,91384,1,296.5725,USD
2010-02-15 00:00:00,2010-02-17 00:00:00,1066,92376,1,296.5725,USD
2010-02-15 00:00:00,2010-02-17 00:00:00,1066,92587,1,296.5725,GBP
2010-02-15 00:00:00,2010-02-17 00:00:00,1066,92782,1,296.5725,USD
2010-02-15 00:00:00,2010-02-17 00:00:00,1066,93532,1,296.5725,GBP
2010-02-15 00:00:00,2010-02-17 00:00:00,1066,93581,1,296.5725,GBP
2010-02-15 00:00:00,2010-02-17 00:00:00,1066,93950,1,296.5725,GBP
2010-02-15 00:00:00,2010-02-17 00:00:00,1066,94062,1,296.5725,GBP
2010-02-15 00:00:00,2010-02-17 00:00:00,1066,95118,1,296.5725,GBP
2010-02-15 00:00:00,2010-02-17 00:00:00,1066,95663,1,296.5725,GBP
2010-02-15 00:00:00,2010-02-17 00:00:00,1066,97023,1,296.5725,USD
2010-02-15 00:00:00,2010-02-17 00:00:00,1066,97374,1,296.5725,GBP
2010-02-15 00:00:00,2010-02-17 00:00:00,1066,97701,1,296.5725,GBP
2010-02-15 00:00:00,2010-02-17 00:00:00,1073,06382,1,236.1975,USD
2010-02-15 00:00:00,2010-02-17 00:00:00,1079,06473,1,262.4475,GBP
2010-02-15 00:00:00,2010-02-17 00:00:00,1079,77301,1,262.4475,GBP
2010-02-15 00:00:00,2010-02-17 00:00:00,1079,84047,1,262.4475,USD
2010-02-15 00:00:00,2010-02-17 00:00:00,1079,89103,1,262.4475,GBP
2010-02-15 00:00:00,2010-02-17 00:00:00,1080,77301,1,262.4475,GBP
2010-02-15 00:00:00,2010-02-17 00:00:00,1080,84047,1,262.4475,USD
2010-02-15 00:00:00,2010-02-17 00:00:00,1080,85023,1,262.4475,GBP
2010-02-15 00:00:00,2010-02-17 00:00:00,1081,21655,1,225.6975,USD
2010-02-15 00:00:00,2010-02-17 00:00:00,1081,35044,1,225.6975,GBP
2010-02-15 00:00:00,2010-02-17 00:00:00,1081,53121,1,225.6975,GBP
2010-02-15 00:00:00,2010-02-17 00:00:00,1081,53121,1,225.6975,USD
2010-02-15 00:00:00,2010-02-17 00:00:00,1081,71227,1,225.6975,USD
2010-02-15 00:00:00,2010-02-17 00:00:00,1081,77056,1,225.6975,GBP
2010-02-15 00:00:00,2010-02-17 00:00:00,1081,79119,1,225.6975,GBP
2010-02-15 00:00:00,2010-02-17 00:00:00,1081,97405,1,225.6975,GBP
2010-02-15 00:00:00,2010-02-17 00:00:00,1082,08087,1,225.6975,GBP
2010-02-15 00:00:00,2010-02-17 00:00:00,1082,35044,1,225.6975,GBP
2010-02-15 00:00:00,2010-02-17 00:00:00,1082,37337,1,225.6975,GBP
2010-02-15 00:00:00,2010-02-17 00:00:00,1082,53121,1,225.6975,GBP
2010-02-15 00:00:00,2010-02-17 00:00:00,1082,63020,1,225.6975,GBP
2010-02-15 00:00:00,2010-02-17 00:00:00,1082,70809,1,225.6975,GBP
2010-02-15 00:00:00,2010-02-17 00:00:00,1092,78239,1,169.5225,GBP
2010-02-15 00:00:00,2010-02-17 00:00:00,1105,32210,1,246.6975,GBP
2010-02-15 00:00:00,2010-02-17 00:00:00,1105,55316,1,246.6975,GBP
2010-02-15 00:00:00,2010-02-17 00:00:00,1105,73120,1,246.6975,USD
2010-02-15 00:00:00,2010-02-17 00:00:00,1105,79072,1,246.6975,GBP
2010-02-15 00:00:00,2010-02-17 00:00:00,1105,88201,1,246.6975,GBP
2010-02-15 00:00:00,2010-02-17 00:00:00,1105,89041,1,246.6975,GBP
2010-02-15 00:00:00,2010-02-17 00:00:00,1105,89117,1,246.6975,GBP
2010-02-15 00:00:00,2010-02-17 00:00:00,1105,91320,1,246.6975,GBP
2010-02-15 00:00:00,2010-02-17 00:00:00,1105,92102,1,246.6975,GBP
2010-02-15 00:00:00,2010-02-17 00:00:00,1105,93535,3,740.0925,GBP
2010-02-15 00:00:00,2010-02-17 00:00:00,1105,95492,1,246.6975,USD
2010-02-15 00:00:00,2010-02-17 00:00:00,1106,32210,1,246.6975,USD
2010-02-15 00:00:00,2010-02-17 00:00:00,1106,55316,1,246.6975,USD
2010-02-15 00:00:00,2010-02-17 00:00:00,1106,83856,1,246.6975,GBP
2010-02-15 00:00:00,2010-02-17 00:00:00,1106,85016,1,246.6975,USD
2010-02-15 00:00:00,2010-02-17 00:00:00,1106,85226,1,246.6975,USD
2010-02-15 00:00:00,2010-02-17 00:00:00,1106,89801,1,246.6975,GBP
2010-02-15 00:00:00,2010-02-17 00:00:00,1106,91320,1,246.6975,USD
2010-02-15 00:00:00,2010-02-17 00:00:00,1106,92345,1,246.6975,USD
2010-02-15 00:00:00,2010-02-17 00:00:00,1107,91935,1,146.9475,GBP
2010-02-15 00:00:00,2010-02-17 00:00:00,1109,06074,1,209.9475,GBP
2010-02-15 00:00:00,2010-02-17 00:00:00,1109,29169,1,209.9475,GBP
2010-02-15 00:00:00,2010-02-17 00:00:00,1109,83336,1,209.9475,GBP
2010-02-15 00:00:00,2010-02-17 00:00:00,1109,87105,1,209.9475,GBP
2010-02-15 00:00:00,2010-02-17 00:00:00,1109,94070,1,209.9475,GBP
2010-02-15 00:00:00,2010-02-17 00:00:00,1109,97101,1,209.9475,GBP
2010-02-15 00:00:00,2010-02-17 00:00:00,1109,97520,1,209.9475,USD
2010-02-15 00:00:00,2010-02-17 00:00:00,1110,07410,1,223.0725,GBP
2010-02-15 00:00:00,2010-02-17 00:00:00,1110,34677,1,209.9475,USD
2010-02-15 00:00:00,2010-02-17 00:00:00,1110,46224,1,209.9475,GBP
2010-02-15 00:00:00,2010-02-17 00:00:00,1111,07644,1,116.4975,GBP
2010-02-15 00:00:00,2010-02-17 00:00:00,1111,29153,1,116.4975,GBP
2010-02-15 00:00:00,2010-02-17 00:00:00,1111,32955,1,116.4975,GBP
2010-02-15 00:00:00,2010-02-17 00:00:00,1111,35146,1,116.4975,GBP
2010-02-15 00:00:00,2010-02-17 00:00:00,1111,35214,1,116.4975,USD
2010-02-15 00:00:00,2010-02-17 00:00:00,1111,38230,1,116.4975,GBP
2010-02-15 00:00:00,2010-02-17 00:00:00,1111,39452,1,116.4975,USD
2010-02-15 00:00:00,2010-02-17 00:00:00,1111,40336,1,116.4975,GBP
2010-02-15 00:00:00,2010-02-17 00:00:00,1111,73401,1,116.4975,GBP
2010-02-15 00:00:00,2010-02-17 00:00:00,1111,76086,1,116.4975,GBP
2010-02-15 00:00:00,2010-02-17 00:00:00,1111,92530,1,116.4975,USD
2010-02-15 00:00:00,2010-02-17 00:00:00,1112,06082,1,116.4975,USD
2010-02-15 00:00:00,2010-02-17 00:00:00,1112,06484,1,116.4975,GBP
2010-02-15 00:00:00,2010-02-17 00:00:00,1112,32955,1,116.4975,GBP
2010-02-15 00:00:00,2010-02-17 00:00:00,1112,34470,1,116.4975,GBP
2010-02-15 00:00:00,2010-02-17 00:00:00,1112,35146,1,116.4975,GBP
2010-02-15 00:00:00,2010-02-17 00:00:00,1112,55033,1,116.4975,USD
2010-02-15 00:00:00,2010-02-17 00:00:00,1112,59802,1,116.4975,GBP
2010-02-15 00:00:00,2010-02-17 00:00:00,1112,74955,1,116.4975,GBP
2010-02-15 00:00:00,2010-02-17 00:00:00,1112,92530,1,116.4975,GBP
2010-02-15 00:00:00,2010-02-17 00:00:00,1112,92782,1,116.4975,GBP
2010-02-15 00:00:00,2010-02-17 00:00:00,1112,93436,1,116.4975,GBP
2010-02-15 00:00:00,2010-02-17 00:00:00,1112,94558,1,116.4975,GBP
2010-02-15 00:00:00,2010-02-17 00:00:00,1116,19810,1,251.9475,USD
2010-02-15 00:00:00,2010-02-17 00:00:00,1116,29172,1,251.9475,GBP
2010-02-15 00:00:00,2010-02-17 00:00:00,1116,34432,1,251.9475,GBP
2010-02-15 00:00:00,2010-02-17 00:00:00,1116,34482,1,251.9475,GBP
2010-02-15 00:00:00,2010-02-17 00:00:00,1116,35172,1,251.9475,GBP
2010-02-15 00:00:00,2010-02-17 00:00:00,1116,38462,1,251.9475,GBP
2010-02-15 00:00:00,2010-02-17 00:00:00,1116,38866,1,251.9475,USD
2010-02-15 00:00:00,2010-02-17 00:00:00,1116,46041,1,251.9475,USD
2010-02-15 00:00:00,2010-02-17 00:00:00,1116,55330,2,503.895,GBP
2010-02-15 00:00:00,2010-02-17 00:00:00,1116,65753,1,251.9475,GBP
2010-02-15 00:00:00,2010-02-17 00:00:00,1116,67801,1,251.9475,GBP
2010-02-15 00:00:00,2010-02-17 00:00:00,1116,68154,2,503.895,USD
2010-02-15 00:00:00,2010-02-17 00:00:00,1116,76180,1,251.9475,GBP
2010-02-15 00:00:00,2010-02-17 00:00:00,1116,77336,1,251.9475,GBP
2010-02-15 00:00:00,2010-02-17 00:00:00,1116,78006,1,249.3225,USD
2010-02-15 00:00:00,2010-02-17 00:00:00,1116,79606,1,251.9475,USD
2010-02-15 00:00:00,2010-02-17 00:00:00,1116,85242,1,251.9475,USD
2010-02-15 00:00:00,2010-02-17 00:00:00,1116,85310,1,251.9475,GBP
2010-02-15 00:00:00,2010-02-17 00:00:00,1116,87505,1,251.9475,USD
2010-02-15 00:00:00,2010-02-17 00:00:00,1116,91750,1,251.9475,GBP
2010-02-15 00:00:00,2010-02-17 00:00:00,1116,92371,1,251.9475,GBP
2010-02-15 00:00:00,2010-02-17 00:00:00,1116,93063,1,251.9475,USD
2010-02-15 00:00:00,2010-02-17 00:00:00,1116,94509,1,251.9475,GBP
2010-02-15 00:00:00,2010-02-17 00:00:00,1116,97030,1,251.9475,USD
2010-02-15 00:00:00,2010-02-17 00:00:00,1116,97305,1,251.9475,USD
2010-02-15 00:00:00,2010-02-17 00:00:00,1120,20607,1,173.1975,GBP
2010-02-15 00:00:00,2010-02-17 00:00:00,1120,75075,1,173.1975,GBP
2010-02-15 00:00:00,2010-02-17 00:00:00,1120,90503,1,173.1975,USD
2010-02-15 00:00:00,2010-02-17 00:00:00,1120,93012,1,173.1975,GBP
2010-02-15 00:00:00,2010-02-17 00:00:00,1120,93312,1,173.1975,USD
2010-02-15 00:00:00,2010-02-17 00:00:00,1122,02780,1,157.4475,USD
2010-02-15 00:00:00,2010-02-17 00:00:00,1122,08043,1,157.4475,USD
2010-02-15 00:00:00,2010-02-17 00:00:00,1122,32644,1,157.4475,USD
2010-02-15 00:00:00,2010-02-17 00:00:00,1122,51301,1,157.4475,USD
2010-02-15 00:00:00,2010-02-17 00:00:00,1122,53118,1,157.4475,USD
2010-02-15 00:00:00,2010-02-17 00:00:00,1122,85750,1,157.4475,USD
2010-02-15 00:00:00,2010-02-17 00:00:00,1122,87110,1,157.4475,GBP
2010-02-15 00:00:00,2010-02-17 00:00:00,1123,85027,1,288.6975,GBP
2010-02-15 00:00:00,2010-02-17 00:00:00,1131,34442,1,419.9475,GBP
2010-02-15 00:00:00,2010-02-17 00:00:00,1131,37047,1,419.9475,GBP
2010-02-15 00:00:00,2010-02-17 00:00:00,1131,63301,1,419.9475,GBP
2010-02-15 00:00:00,2010-02-17 00:00:00,1132,01027,1,629.9475,USD
2010-02-15 00:00:00,2010-02-17 00:00:00,1132,32765,1,629.9475,USD
2010-02-15 00:00:00,2010-02-17 00:00:00,1132,32835,1,629.9475,GBP
2010-02-15 00:00:00,2010-02-17 00:00:00,1132,32935,1,629.9475,GBP
2010-02-15 00:00:00,2010-02-17 00:00:00,1132,33181,1,629.9475,GBP
2010-02-15 00:00:00,2010-02-17 00:00:00,1132,59803,1,629.9475,USD
2010-02-15 00:00:00,2010-02-17 00:00:00,1132,70003,1,629.9475,GBP
2010-02-15 00:00:00,2010-02-17 00:00:00,1132,83245,1,629.9475,USD
2010-02-15 00:00:00,2010-02-17 00:00:00,1133,32708,1,629.9475,GBP
2010-02-15 00:00:00,2010-02-17 00:00:00,1133,32714,1,629.9475,USD
2010-02-15 00:00:00,2010-02-17 00:00:00,1133,57401,1,629.9475,GBP
2010-02-15 00:00:00,2010-02-17 00:00:00,1133,70050,1,629.9475,USD
2010-02-15 00:00:00,2010-02-17 00:00:00,1150,29901,2,785.4,USD
2010-02-15 00:00:00,2010-02-17 00:00:00,1150,91910,1,392.7,GBP
2010-02-15 00:00:00,2010-02-17 00:00:00,1157,01201,2,755.895,GBP
2010-02-15 00:00:00,2010-02-17 00:00:00,1157,21009,1,377.9475,USD
2010-02-15 00:00:00,2010-02-17 00:00:00,1157,24868,1,377.9475,USD
2010-02-15 00:00:00,2010-02-17 00:00:00,1157,33312,1,377.9475,GBP
2010-02-15 00:00:00,2010-02-17 00:00:00,1157,33619,1,377.9475,GBP
2010-02-15 00:00:00,2010-02-17 00:00:00,1157,53227,1,377.9475,USD
2010-02-15 00:00:00,2010-02-17 00:00:00,1157,55417,1,377.9475,USD
2010-02-15 00:00:00,2010-02-17 00:00:00,1157,75024,1,377.9475,USD
2010-02-15 00:00:00,2010-02-17 00:00:00,1157,82070,1,377.9475,GBP
2010-02-15 00:00:00,2010-02-17 00:00:00,1166,02744,1,535.4475,GBP
2010-02-15 00:00:00,2010-02-17 00:00:00,1166,29223,1,535.4475,GBP
2010-02-15 00:00:00,2010-02-17 00:00:00,1166,95816,1,535.4475,GBP
2010-02-15 00:00:00,2010-02-17 00:00:00,1168,02832,1,383.1975,USD
2010-02-15 00:00:00,2010-02-17 00:00:00,1168,42223,1,367.4475,USD
2010-02-15 00:00:00,2010-02-17 00:00:00,1169,78228,1,435.6975,USD
2010-02-15 00:00:00,2010-02-17 00:00:00,1173,06078,1,524.9475,GBP
2010-02-15 00:00:00,2010-02-17 00:00:00,1173,20906,1,524.9475,GBP
2010-02-15 00:00:00,2010-02-17 00:00:00,1173,21047,1,524.9475,GBP
2010-02-15 00:00:00,2010-02-17 00:00:00,1173,21208,1,524.9475,GBP
2010-02-15 00:00:00,2010-02-17 00:00:00,1173,29681,1,524.9475,GBP
2010-02-15 00:00:00,2010-02-17 00:00:00,1173,32257,1,524.9475,GBP
2010-02-15 00:00:00,2010-02-17 00:00:00,1173,32503,1,524.9475,GBP
2010-02-15 00:00:00,2010-02-17 00:00:00,1173,32773,1,524.9475,GBP
2010-02-15 00:00:00,2010-02-17 00:00:00,1173,33309,1,524.9475,USD
2010-02-15 00:00:00,2010-02-17 00:00:00,1173,33782,1,524.9475,GBP
2010-02-15 00:00:00,2010-02-17 00:00:00,1173,33931,1,524.9475,GBP
2010-02-15 00:00:00,2010-02-17 00:00:00,1173,33993,1,524.9475,USD
2010-02-15 00:00:00,2010-02-17 00:00:00,1173,35020,1,524.9475,GBP
2010-02-15 00:00:00,2010-02-17 00:00:00,1173,35228,1,524.9475,GBP
2010-02-15 00:00:00,2010-02-17 00:00:00,1173,35957,1,524.9475,GBP
2010-02-15 00:00:00,2010-02-17 00:00:00,1173,73132,1,524.9475,GBP
2010-02-15 00:00:00,2010-02-17 00:00:00,1173,75024,1,524.9475,GBP
2010-02-15 00:00:00,2010-02-17 00:00:00,1173,75650,1,524.9475,USD
2010-02-15 00:00:00,2010-02-17 00:00:00,1173,85252,1,524.9475,USD
2010-02-15 00:00:00,2010-02-17 00:00:00,1173,87112,1,524.9475,GBP
2010-02-15 00:00:00,2010-02-17 00:00:00,1173,95035,1,524.9475,GBP
2010-02-15 00:00:00,2010-02-17 00:00:00,1173,95703,1,524.9475,GBP
2010-02-15 00:00:00,2010-02-17 00:00:00,1182,32765,1,157.4475,USD
2010-02-15 00:00:00,2010-02-17 00:00:00,1182,32807,1,157.4475,GBP
2010-02-15 00:00:00,2010-02-17 00:00:00,1182,33015,1,157.4475,GBP
2010-02-15 00:00:00,2010-02-17 00:00:00,1182,33566,1,157.4475,USD
2010-02-15 00:00:00,2010-02-17 00:00:00,1182,33904,1,157.4475,GBP
2010-02-15 00:00:00,2010-02-17 00:00:00,1182,35224,1,157.4475,GBP
2010-02-15 00:00:00,2010-02-17 00:00:00,1182,36330,1,157.4475,USD
2010-02-15 00:00:00,2010-02-17 00:00:00,1182,36868,1,157.4475,GBP
2010-02-15 00:00:00,2010-02-17 00:00:00,1182,70812,2,314.895,GBP
2010-02-15 00:00:00,2010-02-17 00:00:00,1182,71111,1,157.4475,USD
2010-02-15 00:00:00,2010-02-17 00:00:00,1182,72223,1,157.4475,USD
2010-02-15 00:00:00,2010-02-17 00:00:00,1182,74937,1,157.4475,USD
2010-02-15 00:00:00,2010-02-17 00:00:00,1182,76017,1,157.4475,GBP
2010-02-15 00:00:00,2010-02-17 00:00:00,1182,77024,1,157.4475,GBP
2010-02-15 00:00:00,2010-02-17 00:00:00,1182,77803,1,157.4475,USD
2010-02-15 00:00:00,2010-02-17 00:00:00,1182,78240,2,314.895,GBP
2010-02-15 00:00:00,2010-02-17 00:00:00,1182,79606,1,157.4475,GBP
2010-02-15 00:00:00,2010-02-17 00:00:00,1182,89108,1,157.4475,GBP
2010-02-15 00:00:00,2010-02-17 00:00:00,1182,94015,1,157.4475,GBP
2010-02-15 00:00:00,2010-02-17 00:00:00,1185,02895,1,419.9475,GBP
2010-02-15 00:00:00,2010-02-17 00:00:00,1185,32209,1,419.9475,GBP
2010-02-15 00:00:00,2010-02-17 00:00:00,1185,33135,1,419.9475,USD
2010-02-15 00:00:00,2010-02-17 00:00:00,1185,33152,1,419.9475,USD
2010-02-15 00:00:00,2010-02-17 00:00:00,1185,33172,1,419.9475,USD
2010-02-15 00:00:00,2010-02-17 00:00:00,1185,33604,1,419.9475,USD
2010-02-15 00:00:00,2010-02-17 00:00:00,1185,47390,1,419.9475,USD
2010-02-15 00:00:00,2010-02-17 00:00:00,1185,53225,1,839.895,GBP
2010-02-15 00:00:00,2010-02-17 00:00:00,1185,53225,1,839.895,USD
2010-02-15 00:00:00,2010-02-17 00:00:00,1185,77861,1,419.9475,USD
2010-02-15 00:00:00,2010-02-17 00:00:00,1185,89031,1,419.9475,GBP
2010-02-15 00:00:00,2010-02-17 00:00:00,1188,07065,1,472.4475,USD
2010-02-15 00:00:00,2010-02-17 00:00:00,1188,08861,1,472.4475,GBP
2010-02-15 00:00:00,2010-02-17 00:00:00,1188,19962,1,472.4475,GBP
2010-02-15 00:00:00,2010-02-17 00:00:00,1188,20011,1,472.4475,USD
2010-02-15 00:00:00,2010-02-17 00:00:00,1188,33830,1,472.4475,USD
2010-02-15 00:00:00,2010-02-17 00:00:00,1188,35242,1,472.4475,USD
2010-02-15 00:00:00,2010-02-17 00:00:00,1188,37366,1,472.4475,GBP
2010-02-15 00:00:00,2010-02-17 00:00:00,1191,33414,1,262.4475,USD
2010-02-15 00:00:00,2010-02-17 00:00:00,1191,33956,1,262.4475,USD
2010-02-15 00:00:00,2010-02-17 00:00:00,1191,37160,1,262.4475,USD
2010-02-15 00:00:00,2010-02-17 00:00:00,1191,47320,1,262.4475,USD
2010-02-15 00:00:00,2010-02-17 00:00:00,1191,78217,1,257.1975,GBP
2010-02-15 00:00:00,2010-02-17 00:00:00,1191,91335,1,246.6975,GBP
2010-02-15 00:00:00,2010-02-17 00:00:00,1203,32221,2,629.895,USD
2010-02-15 00:00:00,2010-02-17 00:00:00,1203,32244,1,314.9475,USD
2010-02-15 00:00:00,2010-02-17 00:00:00,1203,33016,1,314.9475,USD
2010-02-15 00:00:00,2010-02-17 00:00:00,1203,37377,1,314.9475,USD
2010-02-15 00:00:00,2010-02-17 00:00:00,1203,39648,1,314.9475,GBP
2010-02-15 00:00:00,2010-02-17 00:00:00,1203,75253,1,314.9475,USD
2010-02-15 00:00:00,2010-02-17 00:00:00,1203,83713,1,314.9475,GBP
2010-02-15 00:00:00,2010-02-17 00:00:00,1204,75007,1,419.9475,GBP
2010-02-15 00:00:00,2010-02-17 00:00:00,1204,89031,1,419.9475,GBP
2010-02-15 00:00:00,2010-02-17 00:00:00,1204,89503,1,419.9475,USD
2010-02-15 00:00:00,2010-02-17 00:00:00,1205,29501,1,409.4475,USD
2010-02-15 00:00:00,2010-02-17 00:00:00,1205,77355,1,409.4475,USD
2010-02-15 00:00:00,2010-02-17 00:00:00,1206,92503,1,509.1975,GBP
2010-02-15 00:00:00,2010-02-17 00:00:00,1206,97338,1,509.1975,USD
2010-02-15 00:00:00,2010-02-17 00:00:00,1215,19901,1,356.9475,USD
2010-02-15 00:00:00,2010-02-17 00:00:00,1215,32118,1,356.9475,USD
2010-02-15 00:00:00,2010-02-17 00:00:00,1215,33063,1,356.9475,GBP
2010-02-15 00:00:00,2010-02-17 00:00:00,1215,33496,1,356.9475,GBP
2010-02-15 00:00:00,2010-02-17 00:00:00,1215,59801,1,356.9475,GBP
2010-02-15 00:00:00,2010-02-17 00:00:00,1215,66402,1,356.9475,USD
2010-02-15 00:00:00,2010-02-17 00:00:00,1215,68521,1,356.9475,GBP
2010-02-15 00:00:00,2010-02-17 00:00:00,1215,70737,1,356.9475,GBP
2010-02-15 00:00:00,2010-02-17 00:00:00,1215,76638,1,356.9475,GBP
2010-02-15 00:00:00,2010-02-17 00:00:00,1215,86403,1,356.9475,GBP
2010-02-15 00:00:00,2010-02-17 00:00:00,1215,96094,1,356.9475,GBP
2010-02-15 00:00:00,2010-02-17 00:00:00,1227,46173,1,335.9475,USD
2010-02-15 00:00:00,2010-02-17 00:00:00,1227,77064,1,314.9475,GBP
2010-02-15 00:00:00,2010-02-17 00:00:00,1227,87729,1,314.9475,GBP
2010-02-15 00:00:00,2010-02-17 00:00:00,1227,93444,1,330.6975,USD
2010-02-15 00:00:00,2010-02-17 00:00:00,1229,75707,1,236.1975,USD
2010-02-15 00:00:00,2010-02-17 00:00:00,1229,78516,1,236.1975,GBP
2010-02-15 00:00:00,2010-02-17 00:00:00,1229,89031,1,236.1975,GBP
2010-02-15 00:00:00,2010-02-17 00:00:00,1229,92118,1,236.1975,USD
2010-02-15 00:00:00,2010-02-17 00:00:00,1230,33714,1,524.9475,USD
2010-02-15 00:00:00,2010-02-17 00:00:00,1230,34450,1,524.9475,GBP
2010-02-15 00:00:00,2010-02-17 00:00:00,1230,35759,1,519.6975,GBP
2010-02-15 00:00:00,2010-02-17 00:00:00,1230,36207,1,519.6975,GBP
2010-02-15 00:00:00,2010-02-17 00:00:00,1230,47805,1,3674.6325000000006,GBP
2010-02-15 00:00:00,2010-02-17 00:00:00,1230,47805,1,4199.580000000001,USD
2010-02-15 00:00:00,2010-02-17 00:00:00,1230,50125,1,519.6975,USD
2010-02-15 00:00:00,2010-02-17 00:00:00,1230,66215,1,519.6975,USD
2010-02-15 00:00:00,2010-02-17 00:00:00,1230,70737,1,519.6975,GBP
2010-02-15 00:00:00,2010-02-17 00:00:00,1230,72002,1,524.9475,GBP
2010-02-15 00:00:00,2010-02-17 00:00:00,1230,75074,1,519.6975,USD
2010-02-15 00:00:00,2010-02-17 00:00:00,1230,78570,1,519.6975,GBP
2010-02-15 00:00:00,2010-02-17 00:00:00,1230,78654,1,519.6975,USD
2010-02-15 00:00:00,2010-02-17 00:00:00,1230,79936,1,524.9475,USD
2010-02-15 00:00:00,2010-02-17 00:00:00,1230,89121,1,519.6975,GBP
2010-02-15 00:00:00,2010-02-17 00:00:00,1230,91784,1,519.6975,GBP
2010-02-15 00:00:00,2010-02-17 00:00:00,1270,19701,1,367.395,USD
2010-02-15 00:00:00,2010-02-17 00:00:00,1298,94040,1,346.395,USD
2010-02-15 00:00:00,2010-02-17 00:00:00,1317,26062,1,307.02,USD
2010-02-15 00:00:00,2010-02-17 00:00:00,1317,35244,1,307.02,GBP
2010-02-15 00:00:00,2010-02-17 00:00:00,1318,35244,1,307.02,USD
2010-02-15 00:00:00,2010-02-17 00:00:00,1329,29070,1,92.82,GBP
2010-02-15 00:00:00,2010-02-17 00:00:00,1329,29073,1,92.82,GBP
2010-02-15 00:00:00,2010-02-17 00:00:00,1329,67530,1,92.82,GBP
2010-02-15 00:00:00,2010-02-17 00:00:00,1329,87015,1,92.82,GBP
2010-02-15 00:00:00,2010-02-17 00:00:00,1329,92154,1,91.77,USD
2010-02-15 00:00:00,2010-02-17 00:00:00,1329,92587,1,92.82,USD
2010-02-15 00:00:00,2010-02-17 00:00:00,1329,95336,1,91.77,USD
2010-02-15 00:00:00,2010-02-17 00:00:00,1329,97304,1,92.82,GBP
2010-02-15 00:00:00,2010-02-17 00:00:00,1330,54016,1,92.82,GBP
2010-02-15 00:00:00,2010-02-17 00:00:00,1330,68137,1,92.82,USD
2010-02-15 00:00:00,2010-02-17 00:00:00,1330,95492,1,92.82,GBP
2010-02-15 00:00:00,2010-02-17 00:00:00,1330,95924,1,92.82,GBP
2010-02-15 00:00:00,2010-02-17 00:00:00,1345,71854,1,304.395,GBP
2010-02-15 00:00:00,2010-02-17 00:00:00,1346,92677,1,304.395,GBP
2010-02-15 00:00:00,2010-02-17 00:00:00,1347,47918,1,1495.725,GBP
2010-02-15 00:00:00,2010-02-17 00:00:00,1347,76306,1,299.145,GBP
2010-02-15 00:00:00,2010-02-17 00:00:00,1347,84765,1,299.145,USD
2010-02-15 00:00:00,2010-02-17 00:00:00,1347,93465,1,280.77,GBP
2010-02-15 00:00:00,2010-02-17 00:00:00,1348,47918,1,897.435,GBP
2010-02-15 00:00:00,2010-02-17 00:00:00,1348,47918,1,897.435,USD
2010-02-15 00:00:00,2010-02-17 00:00:00,1348,92832,1,299.145,USD
2010-02-15 00:00:00,2010-02-17 00:00:00,1348,97862,1,299.145,USD
2010-02-15 00:00:00,2010-02-17 00:00:00,1351,35226,1,309.645,GBP
2010-02-15 00:00:00,2010-02-17 00:00:00,1351,93307,1,309.645,GBP
2010-02-15 00:00:00,2010-02-17 00:00:00,1352,56350,1,309.645,GBP
2010-02-15 00:00:00,2010-02-17 00:00:00,1379,73160,1,314.895,GBP
2010-02-15 00:00:00,2010-02-17 00:00:00,1379,92630,1,314.895,USD
2010-02-15 00:00:00,2010-02-17 00:00:00,1380,84047,1,314.895,GBP
2010-02-15 00:00:00,2010-02-17 00:00:00,1380,93555,1,314.895,GBP
2010-02-15 00:00:00,2010-02-17 00:00:00,1425,01056,1,286.02,GBP
2010-02-15 00:00:00,2010-02-17 00:00:00,1425,26155,1,286.02,USD
2010-02-15 00:00:00,2010-02-17 00:00:00,1425,29642,1,286.02,GBP
2010-02-15 00:00:00,2010-02-17 00:00:00,1425,32655,1,286.02,GBP
2010-02-15 00:00:00,2010-02-17 00:00:00,1425,94550,1,286.02,GBP
2010-02-15 00:00:00,2010-02-17 00:00:00,1426,01056,1,286.02,GBP
2010-02-15 00:00:00,2010-02-17 00:00:00,1426,29153,1,286.02,USD
2010-02-15 00:00:00,2010-02-17 00:00:00,1426,51503,1,286.02,GBP
2010-02-15 00:00:00,2010-02-17 00:00:00,1426,51503,1,286.02,USD
2010-02-15 00:00:00,2010-02-17 00:00:00,1429,76018,1,283.395,USD
2010-02-15 00:00:00,2010-02-17 00:00:00,1430,76633,1,283.395,USD
2010-02-15 00:00:00,2010-02-17 00:00:00,1435,91105,1,312.27,USD
2010-02-15 00:00:00,2010-02-17 00:00:00,1435,97013,1,312.27,USD
2010-02-15 00:00:00,2010-02-17 00:00:00,1436,21043,1,312.27,USD
2010-02-15 00:00:00,2010-02-17 00:00:00,1436,32073,1,312.27,GBP
2010-02-15 00:00:00,2010-02-17 00:00:00,1436,85308,1,312.27,GBP
2010-02-15 00:00:00,2010-02-17 00:00:00,1436,91105,1,312.27,USD
2010-02-15 00:00:00,2010-02-17 00:00:00,1436,95490,1,312.27,USD
2010-02-15 00:00:00,2010-02-17 00:00:00,1449,01501,1,118.02,GBP
2010-02-15 00:00:00,2010-02-17 00:00:00,1449,26726,1,118.02,GBP
2010-02-15 00:00:00,2010-02-17 00:00:00,1449,78130,1,118.02,GBP
2010-02-15 00:00:00,2010-02-17 00:00:00,1449,92143,1,118.02,GBP
2010-02-15 00:00:00,2010-02-17 00:00:00,1449,92688,1,118.02,GBP
2010-02-15 00:00:00,2010-02-17 00:00:00,1450,32110,1,118.02,GBP
2010-02-15 00:00:00,2010-02-17 00:00:00,1450,35906,1,118.02,USD
2010-02-15 00:00:00,2010-02-17 00:00:00,1450,85705,1,118.02,GBP
2010-02-15 00:00:00,2010-02-17 00:00:00,1450,92587,1,118.02,GBP
2010-02-15 00:00:00,2010-02-17 00:00:00,1477,53227,1,317.52,GBP
2010-02-15 00:00:00,2010-02-17 00:00:00,1477,53227,1,1270.08,USD
2010-02-15 00:00:00,2010-02-17 00:00:00,1477,74137,1,317.52,USD
2010-02-15 00:00:00,2010-02-17 00:00:00,1478,39452,1,317.52,GBP
2010-02-15 00:00:00,2010-02-17 00:00:00,1478,53227,1,952.56,USD
2010-02-15 00:00:00,2010-02-17 00:00:00,1489,83442,1,220.395,USD
2010-02-15 00:00:00,2010-02-17 00:00:00,1490,82718,1,262.395,GBP
2010-02-15 00:00:00,2010-02-17 00:00:00,1517,08005,1,141.645,USD
2010-02-15 00:00:00,2010-02-17 00:00:00,1517,32967,1,141.645,GBP
2010-02-15 00:00:00,2010-02-17 00:00:00,1517,78753,2,283.29,USD
2010-02-15 00:00:00,2010-02-17 00:00:00,1517,92122,1,141.645,USD
2010-02-15 00:00:00,2010-02-17 00:00:00,1518,33029,1,141.645,USD
2010-02-15 00:00:00,2010-02-17 00:00:00,1518,34997,1,141.645,GBP
2010-02-15 00:00:00,2010-02-17 00:00:00,1518,92324,1,141.645,USD
2010-02-15 00:00:00,2010-02-17 00:00:00,1518,93240,1,141.645,USD
2010-02-15 00:00:00,2010-02-17 00:00:00,1535,06249,1,309.645,USD
2010-02-15 00:00:00,2010-02-17 00:00:00,1535,92691,1,309.645,GBP
2010-02-15 00:00:00,2010-02-17 00:00:00,1536,06249,1,309.645,USD
2010-02-15 00:00:00,2010-02-17 00:00:00,1536,82009,1,309.645,USD
2010-02-15 00:00:00,2010-02-17 00:00:00,1553,95624,1,330.645,GBP
2010-02-15 00:00:00,2010-02-17 00:00:00,1553,95678,1,330.645,USD
2010-02-15 00:00:00,2010-02-17 00:00:00,1554,92345,1,330.645,GBP
2010-02-15 00:00:00,2010-02-17 00:00:00,1641,53538,1,70.77,GBP
2010-02-15 00:00:00,2010-02-17 00:00:00,1894,34951,1,682.2375,USD
2010-02-15 00:00:00,2010-02-17 00:00:00,1894,46236,1,1364.475,USD
2010-02-15 00:00:00,2010-02-17 00:00:00,1894,51055,1,682.2375,USD
2010-02-15 00:00:00,2010-02-17 00:00:00,1894,53105,1,682.2375,USD
2010-02-15 00:00:00,2010-02-17 00:00:00,1894,63119,1,682.2375,GBP
2010-02-15 00:00:00,2010-02-17 00:00:00,1894,83401,1,682.2375,USD
2010-02-15 00:00:00,2010-02-17 00:00:00,1909,33607,1,199.4475,USD
2010-02-15 00:00:00,2010-02-17 00:00:00,1911,20770,1,244.0725,GBP
2010-02-15 00:00:00,2010-02-17 00:00:00,1911,72764,1,244.0725,GBP
2010-02-15 00:00:00,2010-02-17 00:00:00,1911,77095,1,244.0725,USD
2010-02-15 00:00:00,2010-02-17 00:00:00,1911,92069,1,241.4475,GBP
2010-02-15 00:00:00,2010-02-17 00:00:00,1911,93535,1,244.0725,GBP
2010-02-15 00:00:00,2010-02-17 00:00:00,1911,95901,1,244.0725,USD
2010-02-15 00:00:00,2010-02-17 00:00:00,1920,07832,1,280.8225,USD
2010-02-15 00:00:00,2010-02-17 00:00:00,1920,78023,1,280.8225,USD
2010-02-15 00:00:00,2010-02-17 00:00:00,1920,90278,1,280.8225,USD
2010-02-15 00:00:00,2010-02-17 00:00:00,1920,95695,1,280.8225,USD
2010-02-15 00:00:00,2010-02-17 00:00:00,1930,92083,1,283.4475,USD
2010-02-15 00:00:00,2010-02-17 00:00:00,1948,06037,1,296.5725,USD
2010-02-15 00:00:00,2010-02-17 00:00:00,1948,25510,1,296.5725,USD
2010-02-15 00:00:00,2010-02-17 00:00:00,1948,52342,1,296.5725,USD
2010-02-15 00:00:00,2010-02-17 00:00:00,1948,59715,1,296.5725,USD
2010-02-15 00:00:00,2010-02-17 00:00:00,1948,71968,1,296.5725,USD
2010-02-15 00:00:00,2010-02-17 00:00:00,1948,73501,1,296.5725,USD
2010-02-15 00:00:00,2010-02-17 00:00:00,1948,76073,1,296.5725,USD
2010-02-15 00:00:00,2010-02-17 00:00:00,1948,77657,1,296.5725,USD
2010-02-15 00:00:00,2010-02-17 00:00:00,1948,84078,1,296.5725,GBP
2010-02-15 00:00:00,2010-02-17 00:00:00,1948,84332,1,296.5725,USD
2010-02-15 00:00:00,2010-02-17 00:00:00,1948,85023,1,296.5725,GBP
2010-02-15 00:00:00,2010-02-17 00:00:00,1948,94536,1,296.5725,USD
2010-02-15 00:00:00,2010-02-17 00:00:00,1949,06424,1,296.5725,USD
2010-02-15 00:00:00,2010-02-17 00:00:00,1949,25510,1,296.5725,GBP
2010-02-15 00:00:00,2010-02-17 00:00:00,1949,29690,1,293.9475,GBP
2010-02-15 00:00:00,2010-02-17 00:00:00,1949,32796,1,293.9475,USD
2010-02-15 00:00:00,2010-02-17 00:00:00,1949,38368,1,296.5725,GBP
2010-02-15 00:00:00,2010-02-17 00:00:00,1949,47331,1,296.5725,USD
2010-02-15 00:00:00,2010-02-17 00:00:00,1949,53010,1,296.5725,GBP
2010-02-15 00:00:00,2010-02-17 00:00:00,1949,71968,1,296.5725,GBP
2010-02-15 00:00:00,2010-02-17 00:00:00,1949,73501,1,296.5725,USD
2010-02-15 00:00:00,2010-02-17 00:00:00,1949,75080,1,296.5725,USD
2010-02-15 00:00:00,2010-02-17 00:00:00,1949,77396,1,296.5725,GBP
2010-02-15 00:00:00,2010-02-17 00:00:00,1949,79109,1,296.5725,GBP
2010-02-15 00:00:00,2010-02-17 00:00:00,1949,90069,1,296.5725,USD
2010-02-15 00:00:00,2010-02-17 00:00:00,1949,90815,1,296.5725,USD
2010-02-15 00:00:00,2010-02-17 00:00:00,1949,92129,2,593.145,GBP
2010-02-15 00:00:00,2010-02-17 00:00:00,1949,92587,1,296.5725,USD
2010-02-15 00:00:00,2010-02-17 00:00:00,1949,93420,1,296.5725,USD
2010-02-15 00:00:00,2010-02-17 00:00:00,1949,94536,1,296.5725,GBP
2010-02-15 00:00:00,2010-02-17 00:00:00,1949,94553,1,296.5725,USD
2010-02-15 00:00:00,2010-02-17 00:00:00,1956,29072,2,307.545,USD
2010-02-15 00:00:00,2010-02-17 00:00:00,1956,29732,1,153.7725,GBP
2010-02-15 00:00:00,2010-02-17 00:00:00,1956,37129,1,153.7725,USD
2010-02-15 00:00:00,2010-02-17 00:00:00,1956,37691,1,153.7725,GBP
2010-02-15 00:00:00,2010-02-17 00:00:00,1956,46514,1,615.09,GBP
2010-02-15 00:00:00,2010-02-17 00:00:00,1956,46514,1,615.09,USD
2010-02-15 00:00:00,2010-02-17 00:00:00,1956,77396,2,307.545,USD
2010-02-15 00:00:00,2010-02-17 00:00:00,1956,89102,1,153.7725,GBP
2010-02-15 00:00:00,2010-02-17 00:00:00,1956,93035,4,615.09,GBP
2010-02-15 00:00:00,2010-02-17 00:00:00,1956,94536,1,152.1975,GBP
2010-02-15 00:00:00,2010-02-17 00:00:00,1956,95209,1,153.7725,GBP
2010-02-15 00:00:00,2010-02-17 00:00:00,1957,46514,1,153.7725,GBP
2010-02-15 00:00:00,2010-02-17 00:00:00,1957,46514,1,307.545,USD
2010-02-15 00:00:00,2010-02-17 00:00:00,1957,89102,1,153.7725,GBP
2010-02-15 00:00:00,2010-02-17 00:00:00,1960,02048,1,97.0725,GBP
2010-02-15 00:00:00,2010-02-17 00:00:00,1960,32726,1,97.0725,USD
2010-02-15 00:00:00,2010-02-17 00:00:00,1960,70737,1,97.0725,GBP
2010-02-15 00:00:00,2010-02-17 00:00:00,1960,78654,1,97.0725,GBP
2010-02-15 00:00:00,2010-02-17 00:00:00,1960,91352,1,97.0725,GBP
2010-02-15 00:00:00,2010-02-17 00:00:00,1960,91354,1,97.0725,GBP
2010-02-15 00:00:00,2010-02-17 00:00:00,1961,01077,1,97.0725,GBP
2010-02-15 00:00:00,2010-02-17 00:00:00,1961,08015,1,97.0725,USD
2010-02-15 00:00:00,2010-02-17 00:00:00,1961,32726,1,97.0725,GBP
2010-02-15 00:00:00,2010-02-17 00:00:00,1961,38863,1,97.0725,GBP
2010-02-15 00:00:00,2010-02-17 00:00:00,1961,71602,1,97.0725,GBP
2010-02-15 00:00:00,2010-02-17 00:00:00,1961,74044,1,97.0725,GBP
2010-02-15 00:00:00,2010-02-17 00:00:00,1961,75075,1,97.0725,USD
2010-02-15 00:00:00,2010-02-17 00:00:00,1961,95014,1,97.0725,GBP
2010-02-15 00:00:00,2010-02-17 00:00:00,1961,97754,1,97.0725,GBP
2010-02-15 00:00:00,2010-02-17 00:00:00,1968,21133,1,238.8225,USD
2010-02-15 00:00:00,2010-02-17 00:00:00,1968,92084,1,230.9475,GBP
2010-02-15 00:00:00,2010-02-17 00:00:00,1969,66208,1,238.8225,GBP
2010-02-15 00:00:00,2010-02-17 00:00:00,1969,76066,1,238.8225,GBP
2010-02-15 00:00:00,2010-02-17 00:00:00,1969,85742,1,230.9475,USD
2010-02-15 00:00:00,2010-02-17 00:00:00,1969,89108,1,238.8225,USD
2010-02-15 00:00:00,2010-02-17 00:00:00,1969,92117,1,238.8225,USD
2010-02-15 00:00:00,2010-02-17 00:00:00,1974,34747,1,52.4475,GBP
2010-02-15 00:00:00,2010-02-17 00:00:00,1974,36278,1,52.4475,USD
2010-02-15 00:00:00,2010-02-17 00:00:00,1974,37055,1,52.4475,GBP
2010-02-15 00:00:00,2010-02-17 00:00:00,1974,37355,1,52.4475,GBP
2010-02-15 00:00:00,2010-02-17 00:00:00,1974,37748,1,52.4475,USD
2010-02-15 00:00:00,2010-02-17 00:00:00,1974,50316,1,52.4475,GBP
2010-02-15 00:00:00,2010-02-17 00:00:00,1974,53121,1,52.4475,GBP
2010-02-15 00:00:00,2010-02-17 00:00:00,1974,73507,1,52.4475,GBP
2010-02-15 00:00:00,2010-02-17 00:00:00,1974,84015,1,52.4475,USD
2010-02-15 00:00:00,2010-02-17 00:00:00,1974,85308,1,52.4475,GBP
2010-02-15 00:00:00,2010-02-17 00:00:00,1974,90044,1,52.4475,USD
2010-02-15 00:00:00,2010-02-17 00:00:00,1974,92377,1,52.4475,GBP
2010-02-15 00:00:00,2010-02-17 00:00:00,1974,93308,1,52.4475,USD
2010-02-15 00:00:00,2010-02-17 00:00:00,1974,94954,1,52.4475,USD
2010-02-15 00:00:00,2010-02-17 00:00:00,1974,96022,1,52.4475,GBP
2010-02-15 00:00:00,2010-02-17 00:00:00,1975,01057,1,52.4475,GBP
2010-02-15 00:00:00,2010-02-17 00:00:00,1975,07874,1,52.4475,USD
2010-02-15 00:00:00,2010-02-17 00:00:00,1975,33611,1,52.4475,GBP
2010-02-15 00:00:00,2010-02-17 00:00:00,1975,35180,1,52.4475,GBP
2010-02-15 00:00:00,2010-02-17 00:00:00,1975,35954,1,52.4475,USD
2010-02-15 00:00:00,2010-02-17 00:00:00,1975,36278,1,52.4475,USD
2010-02-15 00:00:00,2010-02-17 00:00:00,1975,50021,1,52.4475,USD
2010-02-15 00:00:00,2010-02-17 00:00:00,1975,53121,1,52.4475,GBP
2010-02-15 00:00:00,2010-02-17 00:00:00,1975,55040,1,52.4475,USD
2010-02-15 00:00:00,2010-02-17 00:00:00,1975,57702,1,52.4475,GBP
2010-02-15 00:00:00,2010-02-17 00:00:00,1975,77066,1,52.4475,USD
2010-02-15 00:00:00,2010-02-17 00:00:00,1975,91790,1,52.4475,USD
2010-02-15 00:00:00,2010-02-17 00:00:00,1978,76255,1,257.1975,GBP
2010-02-15 00:00:00,2010-02-17 00:00:00,1979,06339,1,254.5725,GBP
2010-02-15 00:00:00,2010-02-17 00:00:00,1979,79110,1,254.5725,GBP
2010-02-15 00:00:00,2010-02-17 00:00:00,1990,02748,1,257.1975,USD
2010-02-15 00:00:00,2010-02-17 00:00:00,1990,25314,1,257.1975,USD
2010-02-15 00:00:00,2010-02-17 00:00:00,1990,25802,1,257.1975,GBP
2010-02-15 00:00:00,2010-02-17 00:00:00,1990,46514,1,257.1975,GBP
2010-02-15 00:00:00,2010-02-17 00:00:00,1990,46514,1,514.395,USD
2010-02-15 00:00:00,2010-02-17 00:00:00,1990,55428,1,257.1975,USD
2010-02-15 00:00:00,2010-02-17 00:00:00,1990,73013,1,257.1975,USD
2010-02-15 00:00:00,2010-02-17 00:00:00,1990,73107,1,257.1975,USD
2010-02-15 00:00:00,2010-02-17 00:00:00,1990,76544,1,257.1975,USD
2010-02-15 00:00:00,2010-02-17 00:00:00,1990,91702,2,514.395,USD
2010-02-15 00:00:00,2010-02-17 00:00:00,1990,93442,1,257.1975,USD
2010-02-15 00:00:00,2010-02-17 00:00:00,2005,32547,1,304.4475,USD
2010-02-15 00:00:00,2010-02-17 00:00:00,2005,77090,1,299.1975,GBP
2010-02-15 00:00:00,2010-02-17 00:00:00,2005,90504,1,299.1975,GBP
2010-02-15 00:00:00,2010-02-17 00:00:00,2005,94103,1,304.4475,USD
2010-02-15 00:00:00,2010-02-17 00:00:00,2005,95112,1,299.1975,USD
2010-02-15 00:00:00,2010-02-17 00:00:00,2012,33406,1,377.9475,GBP
2010-02-15 00:00:00,2010-02-17 00:00:00,2012,34684,1,377.9475,USD
2010-02-15 00:00:00,2010-02-17 00:00:00,2012,39305,1,372.6975,USD
2010-02-15 00:00:00,2010-02-17 00:00:00,2012,41858,1,377.9475,USD
2010-02-15 00:00:00,2010-02-17 00:00:00,2012,46914,1,377.9475,GBP
2010-02-15 00:00:00,2010-02-17 00:00:00,2012,54302,1,377.9475,GBP
2010-02-15 00:00:00,2010-02-17 00:00:00,2012,77090,1,377.9475,GBP
2010-02-15 00:00:00,2010-02-17 00:00:00,2012,77396,1,377.9475,USD
2010-02-15 00:00:00,2010-02-17 00:00:00,2012,78861,1,377.9475,GBP
2010-02-15 00:00:00,2010-02-17 00:00:00,2012,92693,1,377.9475,GBP
2010-02-15 00:00:00,2010-02-17 00:00:00,2012,93908,1,377.9475,GBP
2010-02-15 00:00:00,2010-02-17 00:00:00,2013,92544,1,451.4475,GBP
2010-02-15 00:00:00,2010-02-17 00:00:00,2016,29803,1,299.1975,USD
2010-02-15 00:00:00,2010-02-17 00:00:00,2016,32308,1,299.1975,USD
2010-02-15 00:00:00,2010-02-17 00:00:00,2016,32726,1,299.1975,USD
2010-02-15 00:00:00,2010-02-17 00:00:00,2016,76308,1,299.1975,GBP
2010-02-15 00:00:00,2010-02-17 00:00:00,2016,77027,1,299.1975,USD
2010-02-15 00:00:00,2010-02-17 00:00:00,2016,78759,1,299.1975,GBP
2010-02-15 00:00:00,2010-02-17 00:00:00,2032,29229,1,223.0725,USD
2010-02-15 00:00:00,2010-02-17 00:00:00,2032,32818,1,220.4475,GBP
2010-02-15 00:00:00,2010-02-17 00:00:00,2032,76201,1,223.0725,GBP
2010-02-15 00:00:00,2010-02-17 00:00:00,2032,85613,1,220.4475,GBP
2010-02-15 00:00:00,2010-02-17 00:00:00,2032,94559,1,223.0725,USD
2010-02-15 00:00:00,2010-02-17 00:00:00,2045,06403,1,409.4475,USD
2010-02-15 00:00:00,2010-02-17 00:00:00,2045,19701,1,409.4475,USD
2010-02-15 00:00:00,2010-02-17 00:00:00,2045,25071,1,409.4475,GBP
2010-02-15 00:00:00,2010-02-17 00:00:00,2045,29304,1,409.4475,USD
2010-02-15 00:00:00,2010-02-17 00:00:00,2045,32304,1,409.4475,USD
2010-02-15 00:00:00,2010-02-17 00:00:00,2045,33511,1,409.4475,GBP
2010-02-15 00:00:00,2010-02-17 00:00:00,2045,35643,1,409.4475,USD
2010-02-15 00:00:00,2010-02-17 00:00:00,2045,46151,1,409.4475,GBP
2010-02-15 00:00:00,2010-02-17 00:00:00,2045,70068,1,409.4475,GBP
2010-02-15 00:00:00,2010-02-17 00:00:00,2045,70811,1,409.4475,GBP
2010-02-15 00:00:00,2010-02-17 00:00:00,2045,77346,1,409.4475,USD
2010-02-15 00:00:00,2010-02-17 00:00:00,2045,78550,1,409.4475,GBP
2010-02-15 00:00:00,2010-02-17 00:00:00,2045,79936,1,409.4475,USD
2010-02-15 00:00:00,2010-02-17 00:00:00,2045,84062,1,409.4475,GBP
2010-02-15 00:00:00,2010-02-17 00:00:00,2045,92116,1,409.4475,GBP
2010-02-15 00:00:00,2010-02-17 00:00:00,2045,94591,1,409.4475,GBP
2010-02-15 00:00:00,2010-02-17 00:00:00,2045,95401,1,409.4475,GBP
2010-02-15 00:00:00,2010-02-17 00:00:00,2045,95628,1,409.4475,GBP
2010-02-15 00:00:00,2010-02-17 00:00:00,2047,32225,1,377.9475,USD
2010-02-15 00:00:00,2010-02-17 00:00:00,2047,33809,1,377.9475,USD
2010-02-15 00:00:00,2010-02-17 00:00:00,2047,72110,1,377.9475,USD
2010-02-15 00:00:00,2010-02-17 00:00:00,2047,75234,1,377.9475,GBP
2010-02-15 00:00:00,2010-02-17 00:00:00,2047,94577,1,377.9475,USD
2010-02-15 00:00:00,2010-02-17 00:00:00,2048,63136,1,477.6975,USD
2010-02-15 00:00:00,2010-02-17 00:00:00,2050,20020,1,498.6975,GBP
2010-02-15 00:00:00,2010-02-17 00:00:00,2050,33462,1,498.6975,GBP
2010-02-15 00:00:00,2010-02-17 00:00:00,2050,53216,1,498.6975,GBP
2010-02-15 00:00:00,2010-02-17 00:00:00,2050,68136,1,498.6975,USD
2010-02-15 00:00:00,2010-02-17 00:00:00,2050,75243,1,498.6975,USD
2010-02-15 00:00:00,2010-02-17 00:00:00,2050,77035,1,498.6975,GBP
2010-02-15 00:00:00,2010-02-17 00:00:00,2050,77657,1,498.6975,GBP
2010-02-15 00:00:00,2010-02-17 00:00:00,2056,21060,1,325.4475,GBP
2010-02-15 00:00:00,2010-02-17 00:00:00,2056,29379,1,325.4475,USD
2010-02-15 00:00:00,2010-02-17 00:00:00,2056,32225,1,325.4475,USD
2010-02-15 00:00:00,2010-02-17 00:00:00,2056,32547,1,325.4475,USD
2010-02-15 00:00:00,2010-02-17 00:00:00,2056,33415,1,325.4475,GBP
2010-02-15 00:00:00,2010-02-17 00:00:00,2056,37909,1,325.4475,USD
2010-02-15 00:00:00,2010-02-17 00:00:00,2056,46074,1,325.4475,USD
2010-02-15 00:00:00,2010-02-17 00:00:00,2056,54665,1,325.4475,USD
2010-02-15 00:00:00,2010-02-17 00:00:00,2056,65565,1,325.4475,GBP
2010-02-15 00:00:00,2010-02-17 00:00:00,2056,68521,1,320.1975,USD
2010-02-15 00:00:00,2010-02-17 00:00:00,2056,70726,1,325.4475,GBP
2010-02-15 00:00:00,2010-02-17 00:00:00,2056,70785,1,325.4475,GBP
2010-02-15 00:00:00,2010-02-17 00:00:00,2056,74601,1,325.4475,GBP
2010-02-15 00:00:00,2010-02-17 00:00:00,2056,75205,1,325.4475,USD
2010-02-15 00:00:00,2010-02-17 00:00:00,2056,78040,1,325.4475,GBP
2010-02-15 00:00:00,2010-02-17 00:00:00,2056,78244,1,325.4475,GBP
2010-02-15 00:00:00,2010-02-17 00:00:00,2056,78520,1,325.4475,USD
2010-02-15 00:00:00,2010-02-17 00:00:00,2056,82414,1,325.4475,GBP
2010-02-15 00:00:00,2010-02-17 00:00:00,2056,92054,1,325.4475,GBP
2010-02-15 00:00:00,2010-02-17 00:00:00,2056,92055,2,650.895,GBP
2010-02-15 00:00:00,2010-02-17 00:00:00,2056,92843,1,325.4475,GBP
2010-02-15 00:00:00,2010-02-17 00:00:00,2057,20772,1,472.4475,USD
2010-02-15 00:00:00,2010-02-17 00:00:00,2057,46064,1,472.4475,GBP
2010-02-15 00:00:00,2010-02-17 00:00:00,2057,94115,1,472.4475,GBP
2010-02-15 00:00:00,2010-02-17 00:00:00,2057,99511,1,472.4475,GBP
2010-02-15 00:00:00,2010-02-17 00:00:00,2064,07083,1,488.1975,USD
2010-02-15 00:00:00,2010-02-17 00:00:00,2064,07932,1,488.1975,GBP
2010-02-15 00:00:00,2010-02-17 00:00:00,2064,32433,1,488.1975,GBP
2010-02-15 00:00:00,2010-02-17 00:00:00,2064,33141,1,488.1975,GBP
2010-02-15 00:00:00,2010-02-17 00:00:00,2064,36568,1,488.1975,USD
2010-02-15 00:00:00,2010-02-17 00:00:00,2064,40505,1,488.1975,USD
2010-02-15 00:00:00,2010-02-17 00:00:00,2064,72764,1,482.9475,USD
2010-02-15 00:00:00,2010-02-17 00:00:00,2064,73110,1,488.1975,GBP
2010-02-15 00:00:00,2010-02-17 00:00:00,2064,74014,1,488.1975,GBP
2010-02-15 00:00:00,2010-02-17 00:00:00,2064,90670,1,488.1975,USD
2010-02-15 00:00:00,2010-02-17 00:00:00,2064,92646,1,488.1975,USD
2010-02-15 00:00:00,2010-02-17 00:00:00,2064,92688,1,488.1975,USD
2010-02-15 00:00:00,2010-02-17 00:00:00,2070,06450,1,519.6975,USD
2010-02-15 00:00:00,2010-02-17 00:00:00,2070,06795,1,519.6975,USD
2010-02-15 00:00:00,2010-02-17 00:00:00,2070,38762,1,519.6975,GBP
2010-02-15 00:00:00,2010-02-17 00:00:00,2070,46011,1,519.6975,USD
2010-02-15 00:00:00,2010-02-17 00:00:00,2070,47918,2,3118.185,GBP
2010-02-15 00:00:00,2010-02-17 00:00:00,2070,47918,2,2078.79,USD
2010-02-15 00:00:00,2010-02-17 00:00:00,2070,53545,1,519.6975,USD
2010-02-15 00:00:00,2010-02-17 00:00:00,2070,58047,1,519.6975,GBP
2010-02-15 00:00:00,2010-02-17 00:00:00,2070,75440,1,519.6975,GBP
2010-02-15 00:00:00,2010-02-17 00:00:00,2070,84128,1,519.6975,USD
2010-02-15 00:00:00,2010-02-17 00:00:00,2074,29579,1,328.0725,USD
2010-02-15 00:00:00,2010-02-17 00:00:00,2074,32060,1,328.0725,GBP
2010-02-15 00:00:00,2010-02-17 00:00:00,2074,32950,1,328.0725,USD
2010-02-15 00:00:00,2010-02-17 00:00:00,2074,33185,1,328.0725,GBP
2010-02-15 00:00:00,2010-02-17 00:00:00,2074,38501,1,328.0725,USD
2010-02-15 00:00:00,2010-02-17 00:00:00,2074,77573,1,328.0725,GBP
2010-02-15 00:00:00,2010-02-17 00:00:00,2081,20874,1,220.4475,GBP
2010-02-15 00:00:00,2010-02-17 00:00:00,2081,21801,1,220.4475,USD
2010-02-15 00:00:00,2010-02-17 00:00:00,2081,26757,1,220.4475,GBP
2010-02-15 00:00:00,2010-02-17 00:00:00,2081,32826,1,220.4475,USD
2010-02-15 00:00:00,2010-02-17 00:00:00,2081,35760,1,220.4475,USD
2010-02-15 00:00:00,2010-02-17 00:00:00,2081,37043,1,220.4475,GBP
2010-02-15 00:00:00,2010-02-17 00:00:00,2081,39305,1,220.4475,GBP
2010-02-15 00:00:00,2010-02-17 00:00:00,2081,47136,1,220.4475,GBP
2010-02-15 00:00:00,2010-02-17 00:00:00,2081,56173,1,220.4475,GBP
2010-02-15 00:00:00,2010-02-17 00:00:00,2081,64080,1,220.4475,GBP
2010-02-15 00:00:00,2010-02-17 00:00:00,2081,66076,1,220.4475,USD
2010-02-15 00:00:00,2010-02-17 00:00:00,2081,67880,1,220.4475,GBP
2010-02-15 00:00:00,2010-02-17 00:00:00,2081,71032,1,220.4475,GBP
2010-02-15 00:00:00,2010-02-17 00:00:00,2081,77566,1,220.4475,USD
2010-02-15 00:00:00,2010-02-17 00:00:00,2081,85254,1,220.4475,GBP
2010-02-15 00:00:00,2010-02-17 00:00:00,2081,89122,1,220.4475,GBP
2010-02-15 00:00:00,2010-02-17 00:00:00,2081,92126,1,220.4475,GBP
2010-02-15 00:00:00,2010-02-17 00:00:00,2083,07823,1,309.6975,USD
2010-02-15 00:00:00,2010-02-17 00:00:00,2083,07853,1,309.6975,GBP
2010-02-15 00:00:00,2010-02-17 00:00:00,2083,32277,1,309.6975,GBP
2010-02-15 00:00:00,2010-02-17 00:00:00,2083,32703,1,309.6975,GBP
2010-02-15 00:00:00,2010-02-17 00:00:00,2083,33919,1,309.6975,USD
2010-02-15 00:00:00,2010-02-17 00:00:00,2083,68112,1,309.6975,USD
2010-02-15 00:00:00,2010-02-17 00:00:00,2083,72041,1,309.6975,GBP
2010-02-15 00:00:00,2010-02-17 00:00:00,2083,74601,1,309.6975,GBP
2010-02-15 00:00:00,2010-02-17 00:00:00,2083,74932,1,309.6975,GBP
2010-02-15 00:00:00,2010-02-17 00:00:00,2083,78209,1,309.6975,GBP
2010-02-15 00:00:00,2010-02-17 00:00:00,2083,82007,1,309.6975,USD
2010-02-15 00:00:00,2010-02-17 00:00:00,2083,91605,1,309.6975,GBP
2010-02-15 00:00:00,2010-02-17 00:00:00,2083,95020,1,309.6975,GBP
2010-02-15 00:00:00,2010-02-17 00:00:00,2091,33313,1,152.1975,GBP
2010-02-15 00:00:00,2010-02-17 00:00:00,2091,33314,1,152.1975,GBP
2010-02-15 00:00:00,2010-02-17 00:00:00,2091,33810,1,152.1975,GBP
2010-02-15 00:00:00,2010-02-17 00:00:00,2091,40509,1,152.1975,GBP
2010-02-15 00:00:00,2010-02-17 00:00:00,2091,68410,1,152.1975,USD
2010-02-15 00:00:00,2010-02-17 00:00:00,2091,70737,1,152.1975,GBP
2010-02-15 00:00:00,2010-02-17 00:00:00,2091,71913,1,152.1975,GBP
2010-02-15 00:00:00,2010-02-17 00:00:00,2091,75028,1,152.1975,USD
2010-02-15 00:00:00,2010-02-17 00:00:00,2091,78636,1,152.1975,GBP
2010-02-15 00:00:00,2010-02-17 00:00:00,2091,79853,1,152.1975,USD
2010-02-15 00:00:00,2010-02-17 00:00:00,2091,84116,1,152.1975,GBP
2010-02-15 00:00:00,2010-02-17 00:00:00,2094,29431,1,433.0725,USD
2010-02-15 00:00:00,2010-02-17 00:00:00,2094,36584,1,433.0725,USD
2010-02-15 00:00:00,2010-02-17 00:00:00,2094,37075,1,433.0725,GBP
2010-02-15 00:00:00,2010-02-17 00:00:00,2094,75057,1,433.0725,GBP
2010-02-15 00:00:00,2010-02-17 00:00:00,2094,76309,1,433.0725,GBP
2010-02-15 00:00:00,2010-02-17 00:00:00,2094,76539,1,433.0725,USD
2010-02-15 00:00:00,2010-02-17 00:00:00,2094,91977,1,433.0725,USD
2010-02-15 00:00:00,2010-02-17 00:00:00,2113,85259,1,472.2375,GBP
2010-02-15 00:00:00,2010-02-17 00:00:00,2120,34761,1,524.7375,GBP
2010-02-15 00:00:00,2010-02-17 00:00:00,2121,34275,1,619.2375,GBP
2010-02-15 00:00:00,2010-02-17 00:00:00,2126,93720,1,472.2375,USD
2010-02-15 00:00:00,2010-02-17 00:00:00,2130,94588,1,472.2375,USD
2010-02-15 00:00:00,2010-02-17 00:00:00,2140,33710,1,550.9875,GBP
2010-02-15 00:00:00,2010-02-17 00:00:00,2161,75633,1,571.9875,GBP
2010-02-15 00:00:00,2010-02-17 00:00:00,2161,94566,1,571.9875,GBP
2010-02-15 00:00:00,2010-02-17 00:00:00,2161,97520,1,571.9875,GBP
2010-02-15 00:00:00,2010-02-17 00:00:00,2169,93720,1,535.2375,GBP
2010-02-15 00:00:00,2010-02-17 00:00:00,2175,68137,1,472.2375,GBP
2010-02-15 00:00:00,2010-02-17 00:00:00,2188,20011,1,233.5725,GBP
2010-02-15 00:00:00,2010-02-17 00:00:00,2188,59826,1,233.5725,GBP
2010-02-15 00:00:00,2010-02-17 00:00:00,2188,86336,1,233.5725,GBP
2010-02-15 00:00:00,2010-02-17 00:00:00,2188,97224,1,233.5725,GBP
2010-02-15 00:00:00,2010-02-17 00:00:00,2192,32304,1,202.0725,USD
2010-02-15 00:00:00,2010-02-17 00:00:00,2192,47879,1,202.0725,USD
2010-02-15 00:00:00,2010-02-17 00:00:00,2192,59923,2,404.145,USD
2010-02-15 00:00:00,2010-02-17 00:00:00,2192,92397,1,202.0725,USD
2010-02-15 00:00:00,2010-02-17 00:00:00,2192,95670,1,202.0725,USD
2010-02-15 00:00:00,2010-02-17 00:00:00,2199,32181,1,178.4475,USD
2010-02-15 00:00:00,2010-02-17 00:00:00,2199,36530,1,178.4475,GBP
2010-02-15 00:00:00,2010-02-17 00:00:00,2199,85207,1,178.4475,USD
2010-02-15 00:00:00,2010-02-17 00:00:00,2199,93514,1,178.4475,GBP
2010-02-15 00:00:00,2010-02-17 00:00:00,2199,95228,1,178.4475,GBP
2010-02-15 00:00:00,2010-02-17 00:00:00,2204,40422,1,173.1975,GBP
2010-02-15 00:00:00,2010-02-17 00:00:00,2204,64078,1,173.1975,GBP
2010-02-15 00:00:00,2010-02-17 00:00:00,2204,86001,2,346.395,GBP
2010-02-15 00:00:00,2010-02-17 00:00:00,2204,90501,1,173.1975,GBP
2010-02-15 00:00:00,2010-02-17 00:00:00,2204,93908,1,173.1975,GBP
2010-02-15 00:00:00,2010-02-17 00:00:00,2204,95826,1,173.1975,GBP
2010-02-15 00:00:00,2010-02-17 00:00:00,2205,42223,1,173.1975,GBP
2010-02-15 00:00:00,2010-02-17 00:00:00,2205,85750,1,173.1975,GBP
2010-02-15 00:00:00,2010-02-17 00:00:00,2205,90255,1,173.1975,GBP
2010-02-15 00:00:00,2010-02-17 00:00:00,2205,95023,1,173.1975,GBP
2010-02-15 00:00:00,2010-02-17 00:00:00,2210,21702,1,107.5725,GBP
2010-02-15 00:00:00,2010-02-17 00:00:00,2210,29180,1,107.5725,USD
2010-02-15 00:00:00,2010-02-17 00:00:00,2210,34243,1,107.5725,USD
2010-02-15 00:00:00,2010-02-17 00:00:00,2210,37421,1,107.5725,GBP
2010-02-15 00:00:00,2010-02-17 00:00:00,2210,46385,1,107.5725,GBP
2010-02-15 00:00:00,2010-02-17 00:00:00,2210,63010,1,107.5725,GBP
2010-02-15 00:00:00,2010-02-17 00:00:00,2210,75572,1,107.5725,USD
2010-02-15 00:00:00,2010-02-17 00:00:00,2210,77228,1,107.5725,GBP
2010-02-15 00:00:00,2010-02-17 00:00:00,2210,77365,1,107.5725,USD
2010-02-15 00:00:00,2010-02-17 00:00:00,2211,01201,1,107.5725,GBP
2010-02-15 00:00:00,2010-02-17 00:00:00,2211,33781,2,215.145,GBP
2010-02-15 00:00:00,2010-02-17 00:00:00,2211,33813,1,107.5725,GBP
2010-02-15 00:00:00,2010-02-17 00:00:00,2211,59047,1,107.5725,USD
2010-02-15 00:00:00,2010-02-17 00:00:00,2211,74044,1,107.5725,USD
2010-02-15 00:00:00,2010-02-17 00:00:00,2211,75602,1,107.5725,GBP
2010-02-15 00:00:00,2010-02-17 00:00:00,2211,77365,1,107.5725,USD
2010-02-15 00:00:00,2010-02-17 00:00:00,2234,06470,1,65.5725,GBP
2010-02-15 00:00:00,2010-02-17 00:00:00,2234,07405,1,65.5725,USD
2010-02-15 00:00:00,2010-02-17 00:00:00,2234,07838,1,65.5725,USD
2010-02-15 00:00:00,2010-02-17 00:00:00,2234,21163,1,65.5725,USD
2010-02-15 00:00:00,2010-02-17 00:00:00,2234,21221,2,131.145,USD
2010-02-15 00:00:00,2010-02-17 00:00:00,2234,29108,1,65.5725,USD
2010-02-15 00:00:00,2010-02-17 00:00:00,2234,29170,1,65.5725,USD
2010-02-15 00:00:00,2010-02-17 00:00:00,2234,29550,2,131.145,USD
2010-02-15 00:00:00,2010-02-17 00:00:00,2234,32507,1,65.5725,USD
2010-02-15 00:00:00,2010-02-17 00:00:00,2234,32765,1,65.5725,USD
2010-02-15 00:00:00,2010-02-17 00:00:00,2234,33801,1,65.5725,USD
2010-02-15 00:00:00,2010-02-17 00:00:00,2234,33914,1,65.5725,USD
2010-02-15 00:00:00,2010-02-17 00:00:00,2234,33950,2,131.145,USD
2010-02-15 00:00:00,2010-02-17 00:00:00,2234,34745,1,65.5725,USD
2010-02-15 00:00:00,2010-02-17 00:00:00,2234,35952,1,65.5725,GBP
2010-02-15 00:00:00,2010-02-17 00:00:00,2234,40229,1,131.145,USD
2010-02-15 00:00:00,2010-02-17 00:00:00,2234,42722,1,65.5725,GBP
2010-02-15 00:00:00,2010-02-17 00:00:00,2234,46804,1,65.5725,USD
2010-02-15 00:00:00,2010-02-17 00:00:00,2234,46914,1,65.5725,USD
2010-02-15 00:00:00,2010-02-17 00:00:00,2234,47040,1,65.5725,USD
2010-02-15 00:00:00,2010-02-17 00:00:00,2234,47918,1,262.29,GBP
2010-02-15 00:00:00,2010-02-17 00:00:00,2234,47918,1,196.71750000000003,USD
2010-02-15 00:00:00,2010-02-17 00:00:00,2234,52761,1,65.5725,USD
2010-02-15 00:00:00,2010-02-17 00:00:00,2234,53705,1,65.5725,GBP
2010-02-15 00:00:00,2010-02-17 00:00:00,2234,54915,1,65.5725,GBP
2010-02-15 00:00:00,2010-02-17 00:00:00,2234,57783,1,65.5725,USD
2010-02-15 00:00:00,2010-02-17 00:00:00,2234,65109,1,65.5725,USD
2010-02-15 00:00:00,2010-02-17 00:00:00,2234,68410,1,65.5725,GBP
2010-02-15 00:00:00,2010-02-17 00:00:00,2234,70123,1,65.5725,GBP
2010-02-15 00:00:00,2010-02-17 00:00:00,2234,70363,1,65.5725,USD
2010-02-15 00:00:00,2010-02-17 00:00:00,2234,71291,1,65.5725,USD
2010-02-15 00:00:00,2010-02-17 00:00:00,2234,77627,1,65.5725,GBP
2010-02-15 00:00:00,2010-02-17 00:00:00,2234,78538,1,65.5725,GBP
2010-02-15 00:00:00,2010-02-17 00:00:00,2234,78660,1,65.5725,USD
2010-02-15 00:00:00,2010-02-17 00:00:00,2234,79907,1,65.5725,USD
2010-02-15 00:00:00,2010-02-17 00:00:00,2234,83716,1,65.5725,USD
2010-02-15 00:00:00,2010-02-17 00:00:00,2234,84302,1,65.5725,USD
2010-02-15 00:00:00,2010-02-17 00:00:00,2234,85225,1,65.5725,USD
2010-02-15 00:00:00,2010-02-17 00:00:00,2234,87401,1,65.5725,USD
2010-02-15 00:00:00,2010-02-17 00:00:00,2234,89436,1,65.5725,GBP
2010-02-15 00:00:00,2010-02-17 00:00:00,2234,91010,1,65.5725,GBP
2010-02-15 00:00:00,2010-02-17 00:00:00,2234,91711,1,65.5725,USD
2010-02-15 00:00:00,2010-02-17 00:00:00,2234,92346,1,65.5725,GBP
2010-02-15 00:00:00,2010-02-17 00:00:00,2234,93446,1,65.5725,USD
2010-02-15 00:00:00,2010-02-17 00:00:00,2234,94553,1,65.5725,USD
2010-02-15 00:00:00,2010-02-17 00:00:00,2234,95361,1,65.5725,GBP
2010-02-15 00:00:00,2010-02-17 00:00:00,2234,95620,1,65.5725,USD
2010-02-15 00:00:00,2010-02-17 00:00:00,2234,95843,1,65.5725,USD
2010-02-15 00:00:00,2010-02-17 00:00:00,2235,06492,1,65.5725,GBP
2010-02-15 00:00:00,2010-02-17 00:00:00,2235,07112,1,65.5725,GBP
2010-02-15 00:00:00,2010-02-17 00:00:00,2235,07838,1,65.5725,GBP
2010-02-15 00:00:00,2010-02-17 00:00:00,2235,08332,1,65.5725,USD
2010-02-15 00:00:00,2010-02-17 00:00:00,2235,08527,1,65.5725,USD
2010-02-15 00:00:00,2010-02-17 00:00:00,2235,21215,1,65.5725,USD
2010-02-15 00:00:00,2010-02-17 00:00:00,2235,29170,1,65.5725,GBP
2010-02-15 00:00:00,2010-02-17 00:00:00,2235,29550,2,131.145,GBP
2010-02-15 00:00:00,2010-02-17 00:00:00,2235,33435,1,65.5725,GBP
2010-02-15 00:00:00,2010-02-17 00:00:00,2235,33625,1,65.5725,USD
2010-02-15 00:00:00,2010-02-17 00:00:00,2235,33801,1,65.5725,USD
2010-02-15 00:00:00,2010-02-17 00:00:00,2235,37043,1,65.5725,GBP
2010-02-15 00:00:00,2010-02-17 00:00:00,2235,40071,1,65.5725,GBP
2010-02-15 00:00:00,2010-02-17 00:00:00,2235,40229,1,65.5725,GBP
2010-02-15 00:00:00,2010-02-17 00:00:00,2235,40229,1,196.71750000000003,USD
2010-02-15 00:00:00,2010-02-17 00:00:00,2235,42301,1,65.5725,USD
2010-02-15 00:00:00,2010-02-17 00:00:00,2235,42413,1,65.5725,GBP
2010-02-15 00:00:00,2010-02-17 00:00:00,2235,46227,1,65.5725,GBP
2010-02-15 00:00:00,2010-02-17 00:00:00,2235,47246,1,65.5725,USD
2010-02-15 00:00:00,2010-02-17 00:00:00,2235,47918,1,196.71750000000003,GBP
2010-02-15 00:00:00,2010-02-17 00:00:00,2235,55811,1,65.5725,USD
2010-02-15 00:00:00,2010-02-17 00:00:00,2235,57783,1,65.5725,USD
2010-02-15 00:00:00,2010-02-17 00:00:00,2235,65109,1,65.5725,USD
2010-02-15 00:00:00,2010-02-17 00:00:00,2235,72104,1,65.5725,GBP
2010-02-15 00:00:00,2010-02-17 00:00:00,2235,75114,1,65.5725,GBP
2010-02-15 00:00:00,2010-02-17 00:00:00,2235,75401,1,65.5725,USD
2010-02-15 00:00:00,2010-02-17 00:00:00,2235,78501,1,65.5725,USD
2010-02-15 00:00:00,2010-02-17 00:00:00,2235,78628,1,65.5725,GBP
2010-02-15 00:00:00,2010-02-17 00:00:00,2235,83605,1,65.5725,USD
2010-02-15 00:00:00,2010-02-17 00:00:00,2235,85205,2,131.145,USD
2010-02-15 00:00:00,2010-02-17 00:00:00,2235,89436,1,65.5725,GBP
2010-02-15 00:00:00,2010-02-17 00:00:00,2235,90638,1,65.5725,USD
2010-02-15 00:00:00,2010-02-17 00:00:00,2235,92084,3,196.7175,USD
2010-02-15 00:00:00,2010-02-17 00:00:00,2235,92509,1,65.5725,USD
2010-02-15 00:00:00,2010-02-17 00:00:00,2235,95829,1,65.5725,USD
2010-02-15 00:00:00,2010-02-17 00:00:00,2246,37642,1,131.1975,GBP
2010-02-15 00:00:00,2010-02-17 00:00:00,2246,57719,1,131.1975,USD
2010-02-15 00:00:00,2010-02-17 00:00:00,2247,33311,1,131.1975,GBP
2010-02-15 00:00:00,2010-02-17 00:00:00,2247,75042,1,131.1975,USD
2010-02-15 00:00:00,2010-02-17 00:00:00,2254,06082,1,57.6975,USD
2010-02-15 00:00:00,2010-02-17 00:00:00,2254,07201,1,57.6975,USD
2010-02-15 00:00:00,2010-02-17 00:00:00,2254,29130,1,57.6975,GBP
2010-02-15 00:00:00,2010-02-17 00:00:00,2254,33023,1,57.6975,GBP
2010-02-15 00:00:00,2010-02-17 00:00:00,2254,33175,1,57.6975,GBP
2010-02-15 00:00:00,2010-02-17 00:00:00,2254,37062,1,57.6975,USD
2010-02-15 00:00:00,2010-02-17 00:00:00,2254,41339,1,57.6975,GBP
2010-02-15 00:00:00,2010-02-17 00:00:00,2254,42345,2,115.395,GBP
2010-02-15 00:00:00,2010-02-17 00:00:00,2254,42754,1,57.6975,GBP
2010-02-15 00:00:00,2010-02-17 00:00:00,2254,46514,1,173.0925,GBP
2010-02-15 00:00:00,2010-02-17 00:00:00,2254,46514,1,173.0925,USD
2010-02-15 00:00:00,2010-02-17 00:00:00,2254,47929,1,115.395,GBP
2010-02-15 00:00:00,2010-02-17 00:00:00,2254,47929,1,57.6975,USD
2010-02-15 00:00:00,2010-02-17 00:00:00,2254,50659,1,57.6975,USD
2010-02-15 00:00:00,2010-02-17 00:00:00,2254,55325,1,57.6975,GBP
2010-02-15 00:00:00,2010-02-17 00:00:00,2254,59019,1,57.6975,USD
2010-02-15 00:00:00,2010-02-17 00:00:00,2254,68123,1,57.6975,GBP
2010-02-15 00:00:00,2010-02-17 00:00:00,2254,70817,1,57.6975,GBP
2010-02-15 00:00:00,2010-02-17 00:00:00,2254,75662,1,57.6975,GBP
2010-02-15 00:00:00,2010-02-17 00:00:00,2254,90744,1,57.6975,GBP
2010-02-15 00:00:00,2010-02-17 00:00:00,2254,92336,1,57.6975,GBP
2010-02-15 00:00:00,2010-02-17 00:00:00,2254,92672,1,57.6975,GBP
2010-02-15 00:00:00,2010-02-17 00:00:00,2254,92807,1,57.6975,GBP
2010-02-15 00:00:00,2010-02-17 00:00:00,2254,93012,1,57.6975,USD
2010-02-15 00:00:00,2010-02-17 00:00:00,2254,93555,2,115.395,GBP
2010-02-15 00:00:00,2010-02-17 00:00:00,2254,94591,1,57.6975,GBP
2010-02-15 00:00:00,2010-02-17 00:00:00,2254,95037,1,57.6975,GBP
2010-02-15 00:00:00,2010-02-17 00:00:00,2254,95148,1,57.6975,GBP
2010-02-15 00:00:00,2010-02-17 00:00:00,2255,07621,1,57.6975,GBP
2010-02-15 00:00:00,2010-02-17 00:00:00,2255,20772,1,57.6975,USD
2010-02-15 00:00:00,2010-02-17 00:00:00,2255,29052,1,57.6975,GBP
2010-02-15 00:00:00,2010-02-17 00:00:00,2255,29130,1,57.6975,GBP
2010-02-15 00:00:00,2010-02-17 00:00:00,2255,32405,1,57.6975,USD
2010-02-15 00:00:00,2010-02-17 00:00:00,2255,32606,1,57.6975,USD
2010-02-15 00:00:00,2010-02-17 00:00:00,2255,33604,1,57.6975,GBP
2010-02-15 00:00:00,2010-02-17 00:00:00,2255,38057,1,70.8225,GBP
2010-02-15 00:00:00,2010-02-17 00:00:00,2255,38632,1,57.6975,GBP
2010-02-15 00:00:00,2010-02-17 00:00:00,2255,40513,1,57.6975,GBP
2010-02-15 00:00:00,2010-02-17 00:00:00,2255,46036,1,57.6975,USD
2010-02-15 00:00:00,2010-02-17 00:00:00,2255,46514,1,173.0925,GBP
2010-02-15 00:00:00,2010-02-17 00:00:00,2255,46514,1,288.4875,USD
2010-02-15 00:00:00,2010-02-17 00:00:00,2255,46750,1,57.6975,GBP
2010-02-15 00:00:00,2010-02-17 00:00:00,2255,46755,1,57.6975,USD
2010-02-15 00:00:00,2010-02-17 00:00:00,2255,47348,1,57.6975,GBP
2010-02-15 00:00:00,2010-02-17 00:00:00,2255,47929,1,57.6975,GBP
2010-02-15 00:00:00,2010-02-17 00:00:00,2255,50659,1,57.6975,GBP
2010-02-15 00:00:00,2010-02-17 00:00:00,2255,55070,1,57.6975,GBP
2010-02-15 00:00:00,2010-02-17 00:00:00,2255,55362,1,57.6975,USD
2010-02-15 00:00:00,2010-02-17 00:00:00,2255,67010,1,57.6975,GBP
2010-02-15 00:00:00,2010-02-17 00:00:00,2255,70517,1,57.6975,GBP
2010-02-15 00:00:00,2010-02-17 00:00:00,2255,75089,1,57.6975,GBP
2010-02-15 00:00:00,2010-02-17 00:00:00,2255,84003,1,57.6975,GBP
2010-02-15 00:00:00,2010-02-17 00:00:00,2255,86436,1,57.6975,USD
2010-02-15 00:00:00,2010-02-17 00:00:00,2255,87566,1,57.6975,USD
2010-02-15 00:00:00,2010-02-17 00:00:00,2255,91320,2,115.395,USD
2010-02-15 00:00:00,2010-02-17 00:00:00,2255,92026,1,57.6975,GBP
2010-02-15 00:00:00,2010-02-17 00:00:00,2255,93012,1,57.6975,GBP
2010-02-15 00:00:00,2010-02-17 00:00:00,2255,93552,1,57.6975,USD
2010-02-15 00:00:00,2010-02-17 00:00:00,2255,95337,1,57.6975,GBP
2010-02-15 00:00:00,2010-02-17 00:00:00,2255,97111,1,57.6975,GBP
2010-02-15 00:00:00,2010-02-17 00:00:00,2255,97479,1,57.6975,USD
2010-02-15 00:00:00,2010-02-17 00:00:00,2268,21401,1,309.6975,GBP
2010-02-15 00:00:00,2010-02-17 00:00:00,2268,33498,1,309.6975,GBP
2010-02-15 00:00:00,2010-02-17 00:00:00,2268,37110,1,309.6975,GBP
2010-02-15 00:00:00,2010-02-17 00:00:00,2268,41051,1,309.6975,GBP
2010-02-15 00:00:00,2010-02-17 00:00:00,2268,46319,1,309.6975,GBP
2010-02-15 00:00:00,2010-02-17 00:00:00,2268,52353,1,309.6975,USD
2010-02-15 00:00:00,2010-02-17 00:00:00,2268,85377,1,309.6975,USD
2010-02-15 00:00:00,2010-02-17 00:00:00,2268,85747,1,309.6975,GBP
2010-02-15 00:00:00,2010-02-17 00:00:00,2277,01077,1,251.9475,GBP
2010-02-15 00:00:00,2010-02-17 00:00:00,2277,07421,1,251.9475,USD
2010-02-15 00:00:00,2010-02-17 00:00:00,2277,08730,1,251.9475,USD
2010-02-15 00:00:00,2010-02-17 00:00:00,2277,29330,1,251.9475,USD
2010-02-15 00:00:00,2010-02-17 00:00:00,2277,32174,1,251.9475,GBP
2010-02-15 00:00:00,2010-02-17 00:00:00,2277,33703,1,251.9475,GBP
2010-02-15 00:00:00,2010-02-17 00:00:00,2277,33811,1,251.9475,USD
2010-02-15 00:00:00,2010-02-17 00:00:00,2277,34974,1,251.9475,GBP
2010-02-15 00:00:00,2010-02-17 00:00:00,2277,39047,1,251.9475,USD
2010-02-15 00:00:00,2010-02-17 00:00:00,2277,46151,1,251.9475,GBP
2010-02-15 00:00:00,2010-02-17 00:00:00,2277,50009,1,251.9475,USD
2010-02-15 00:00:00,2010-02-17 00:00:00,2277,55069,1,251.9475,GBP
2010-02-15 00:00:00,2010-02-17 00:00:00,2277,56082,1,251.9475,GBP
2010-02-15 00:00:00,2010-02-17 00:00:00,2277,56258,1,251.9475,GBP
2010-02-15 00:00:00,2010-02-17 00:00:00,2277,67543,1,251.9475,GBP
2010-02-15 00:00:00,2010-02-17 00:00:00,2277,70777,1,251.9475,GBP
2010-02-15 00:00:00,2010-02-17 00:00:00,2277,74454,1,251.9475,USD
2010-02-15 00:00:00,2010-02-17 00:00:00,2277,75007,1,251.9475,USD
2010-02-15 00:00:00,2010-02-17 00:00:00,2277,77505,1,251.9475,GBP
2010-02-15 00:00:00,2010-02-17 00:00:00,2277,83704,1,251.9475,GBP
2010-02-15 00:00:00,2010-02-17 00:00:00,2277,83855,2,503.895,USD
2010-02-15 00:00:00,2010-02-17 00:00:00,2277,84606,1,251.9475,USD
2010-02-15 00:00:00,2010-02-17 00:00:00,2277,91311,1,251.9475,GBP
2010-02-15 00:00:00,2010-02-17 00:00:00,2277,91741,1,251.9475,USD
2010-02-15 00:00:00,2010-02-17 00:00:00,2277,91791,1,251.9475,USD
2010-02-15 00:00:00,2010-02-17 00:00:00,2277,92310,1,251.9475,USD
2010-02-15 00:00:00,2010-02-17 00:00:00,2277,94550,1,251.9475,GBP
2010-02-15 00:00:00,2010-02-17 00:00:00,2277,95695,1,251.9475,USD
2010-02-15 00:00:00,2010-02-17 00:00:00,2277,97009,2,503.895,GBP
2010-02-15 00:00:00,2010-02-17 00:00:00,2277,97045,1,251.9475,GBP
2010-02-15 00:00:00,2010-02-17 00:00:00,2279,07601,1,165.3225,GBP
2010-02-15 00:00:00,2010-02-17 00:00:00,2279,07624,1,165.3225,USD
2010-02-15 00:00:00,2010-02-17 00:00:00,2279,46808,1,165.3225,GBP
2010-02-15 00:00:00,2010-02-17 00:00:00,2279,50707,1,165.3225,GBP
2010-02-15 00:00:00,2010-02-17 00:00:00,2279,74137,1,165.3225,USD
2010-02-15 00:00:00,2010-02-17 00:00:00,2279,85213,1,165.3225,USD
2010-02-15 00:00:00,2010-02-17 00:00:00,2279,93908,1,165.3225,USD
2010-02-15 00:00:00,2010-02-17 00:00:00,2279,95252,1,165.3225,GBP
2010-02-15 00:00:00,2010-02-17 00:00:00,2279,96158,1,165.3225,GBP
2010-02-15 00:00:00,2010-02-17 00:00:00,2282,06410,2,608.895,GBP
2010-02-15 00:00:00,2010-02-17 00:00:00,2282,08012,1,304.4475,USD
2010-02-15 00:00:00,2010-02-17 00:00:00,2282,19736,1,304.4475,USD
2010-02-15 00:00:00,2010-02-17 00:00:00,2282,32216,1,304.4475,USD
2010-02-15 00:00:00,2010-02-17 00:00:00,2282,32805,1,304.4475,USD
2010-02-15 00:00:00,2010-02-17 00:00:00,2282,33527,1,304.4475,USD
2010-02-15 00:00:00,2010-02-17 00:00:00,2282,33611,1,304.4475,GBP
2010-02-15 00:00:00,2010-02-17 00:00:00,2282,37381,1,304.4475,GBP
2010-02-15 00:00:00,2010-02-17 00:00:00,2282,42141,1,304.4475,GBP
2010-02-15 00:00:00,2010-02-17 00:00:00,2282,42420,1,304.4475,USD
2010-02-15 00:00:00,2010-02-17 00:00:00,2282,42740,1,304.4475,GBP
2010-02-15 00:00:00,2010-02-17 00:00:00,2282,46158,1,304.4475,USD
2010-02-15 00:00:00,2010-02-17 00:00:00,2282,47401,1,304.4475,GBP
2010-02-15 00:00:00,2010-02-17 00:00:00,2282,55433,3,913.3425,GBP
2010-02-15 00:00:00,2010-02-17 00:00:00,2282,57747,1,304.4475,USD
2010-02-15 00:00:00,2010-02-17 00:00:00,2282,59047,1,304.4475,GBP
2010-02-15 00:00:00,2010-02-17 00:00:00,2282,63648,1,304.4475,USD
2010-02-15 00:00:00,2010-02-17 00:00:00,2282,64058,1,304.4475,GBP
2010-02-15 00:00:00,2010-02-17 00:00:00,2282,69149,1,304.4475,USD
2010-02-15 00:00:00,2010-02-17 00:00:00,2282,71055,1,304.4475,USD
2010-02-15 00:00:00,2010-02-17 00:00:00,2282,75089,1,304.4475,GBP
2010-02-15 00:00:00,2010-02-17 00:00:00,2282,75442,2,608.895,GBP
2010-02-15 00:00:00,2010-02-17 00:00:00,2282,75925,1,304.4475,GBP
2010-02-15 00:00:00,2010-02-17 00:00:00,2282,76837,1,304.4475,GBP
2010-02-15 00:00:00,2010-02-17 00:00:00,2282,83714,1,304.4475,GBP
2010-02-15 00:00:00,2010-02-17 00:00:00,2282,85208,1,304.4475,GBP
2010-02-15 00:00:00,2010-02-17 00:00:00,2282,85306,1,304.4475,GBP
2010-02-15 00:00:00,2010-02-17 00:00:00,2282,85323,1,304.4475,GBP
2010-02-15 00:00:00,2010-02-17 00:00:00,2282,85353,1,304.4475,USD
2010-02-15 00:00:00,2010-02-17 00:00:00,2282,85745,1,304.4475,USD
2010-02-15 00:00:00,2010-02-17 00:00:00,2282,88101,1,304.4475,USD
2010-02-15 00:00:00,2010-02-17 00:00:00,2282,89015,1,304.4475,USD
2010-02-15 00:00:00,2010-02-17 00:00:00,2282,90066,1,304.4475,USD
2010-02-15 00:00:00,2010-02-17 00:00:00,2282,91042,1,304.4475,GBP
2010-02-15 00:00:00,2010-02-17 00:00:00,2282,91320,1,304.4475,GBP
2010-02-15 00:00:00,2010-02-17 00:00:00,2282,91360,2,608.895,USD
2010-02-15 00:00:00,2010-02-17 00:00:00,2282,91730,1,304.4475,USD
2010-02-15 00:00:00,2010-02-17 00:00:00,2282,91766,1,304.4475,USD
2010-02-15 00:00:00,2010-02-17 00:00:00,2282,92003,1,304.4475,USD
2010-02-15 00:00:00,2010-02-17 00:00:00,2282,92021,1,304.4475,GBP
2010-02-15 00:00:00,2010-02-17 00:00:00,2282,92026,1,304.4475,USD
2010-02-15 00:00:00,2010-02-17 00:00:00,2282,92150,1,304.4475,GBP
2010-02-15 00:00:00,2010-02-17 00:00:00,2282,92691,1,304.4475,USD
2010-02-15 00:00:00,2010-02-17 00:00:00,2282,93023,1,304.4475,USD
2010-02-15 00:00:00,2010-02-17 00:00:00,2282,93534,1,304.4475,GBP
2010-02-15 00:00:00,2010-02-17 00:00:00,2282,93611,1,304.4475,USD
2010-02-15 00:00:00,2010-02-17 00:00:00,2282,94268,1,304.4475,GBP
2010-02-15 00:00:00,2010-02-17 00:00:00,2282,95376,1,304.4475,USD
2010-02-15 00:00:00,2010-02-17 00:00:00,2282,95602,1,304.4475,USD
2010-02-15 00:00:00,2010-02-17 00:00:00,2282,95678,1,304.4475,USD
2010-02-15 00:00:00,2010-02-17 00:00:00,2282,95691,1,304.4475,GBP
2010-02-15 00:00:00,2010-02-17 00:00:00,2282,97219,1,304.4475,GBP
2010-02-15 00:00:00,2010-02-17 00:00:00,2282,97701,2,608.895,GBP
2010-02-15 00:00:00,2010-02-17 00:00:00,2282,97709,1,304.4475,USD
2010-02-15 00:00:00,2010-02-17 00:00:00,2282,99708,1,304.4475,GBP
2010-02-15 00:00:00,2010-02-17 00:00:00,2284,06053,1,293.9475,USD
2010-02-15 00:00:00,2010-02-17 00:00:00,2284,06082,1,293.9475,GBP
2010-02-15 00:00:00,2010-02-17 00:00:00,2284,06085,1,293.9475,USD
2010-02-15 00:00:00,2010-02-17 00:00:00,2284,06492,1,293.9475,GBP
2010-02-15 00:00:00,2010-02-17 00:00:00,2284,20659,1,293.9475,USD
2010-02-15 00:00:00,2010-02-17 00:00:00,2284,21014,1,293.9475,USD
2010-02-15 00:00:00,2010-02-17 00:00:00,2284,29728,1,293.9475,USD
2010-02-15 00:00:00,2010-02-17 00:00:00,2284,37923,1,293.9475,USD
2010-02-15 00:00:00,2010-02-17 00:00:00,2284,38363,1,293.9475,USD
2010-02-15 00:00:00,2010-02-17 00:00:00,2284,42104,1,293.9475,USD
2010-02-15 00:00:00,2010-02-17 00:00:00,2284,46573,1,293.9475,USD
2010-02-15 00:00:00,2010-02-17 00:00:00,2284,56011,1,293.9475,USD
2010-02-15 00:00:00,2010-02-17 00:00:00,2284,63069,1,293.9475,USD
2010-02-15 00:00:00,2010-02-17 00:00:00,2284,75505,1,293.9475,GBP
2010-02-15 00:00:00,2010-02-17 00:00:00,2284,75644,1,293.9475,GBP
2010-02-15 00:00:00,2010-02-17 00:00:00,2284,76028,1,293.9475,USD
2010-02-15 00:00:00,2010-02-17 00:00:00,2284,82604,1,293.9475,USD
2010-02-15 00:00:00,2010-02-17 00:00:00,2284,83340,1,293.9475,USD
2010-02-15 00:00:00,2010-02-17 00:00:00,2284,83706,1,293.9475,USD
2010-02-15 00:00:00,2010-02-17 00:00:00,2284,85253,1,293.9475,USD
2010-02-15 00:00:00,2010-02-17 00:00:00,2284,85345,1,293.9475,USD
2010-02-15 00:00:00,2010-02-17 00:00:00,2284,88345,1,293.9475,USD
2010-02-15 00:00:00,2010-02-17 00:00:00,2284,89122,1,293.9475,USD
2010-02-15 00:00:00,2010-02-17 00:00:00,2284,90019,1,293.9475,USD
2010-02-15 00:00:00,2010-02-17 00:00:00,2284,90620,1,293.9475,USD
2010-02-15 00:00:00,2010-02-17 00:00:00,2284,92036,1,293.9475,USD
2010-02-15 00:00:00,2010-02-17 00:00:00,2284,92056,1,293.9475,GBP
2010-02-15 00:00:00,2010-02-17 00:00:00,2284,92284,1,293.9475,USD
2010-02-15 00:00:00,2010-02-17 00:00:00,2284,93117,1,293.9475,USD
2010-02-15 00:00:00,2010-02-17 00:00:00,2284,94509,1,293.9475,GBP
2010-02-15 00:00:00,2010-02-17 00:00:00,2284,95126,1,293.9475,GBP
2010-02-15 00:00:00,2010-02-17 00:00:00,2284,95688,1,293.9475,GBP
2010-02-15 00:00:00,2010-02-17 00:00:00,2284,97034,1,293.9475,USD
2010-02-15 00:00:00,2010-02-17 00:00:00,2284,97424,1,293.9475,GBP
2010-02-15 00:00:00,2010-02-17 00:00:00,2287,32669,1,839.9475,GBP
2010-02-15 00:00:00,2010-02-17 00:00:00,2287,32962,1,839.9475,GBP
2010-02-15 00:00:00,2010-02-17 00:00:00,2287,35405,1,839.9475,GBP
2010-02-15 00:00:00,2010-02-17 00:00:00,2287,72802,1,839.9475,GBP
2010-02-15 00:00:00,2010-02-17 00:00:00,2287,75182,1,839.9475,GBP
2010-02-15 00:00:00,2010-02-17 00:00:00,2287,75969,1,839.9475,GBP
2010-02-15 00:00:00,2010-02-17 00:00:00,2287,84116,1,839.9475,GBP
2010-02-15 00:00:00,2010-02-17 00:00:00,2287,84128,1,839.9475,GBP
2010-02-15 00:00:00,2010-02-17 00:00:00,2287,85749,1,839.9475,GBP
2010-02-15 00:00:00,2010-02-17 00:00:00,2287,92821,1,839.9475,GBP
2010-02-15 00:00:00,2010-02-17 00:00:00,2307,32708,1,278.1975,GBP
2010-02-15 00:00:00,2010-02-17 00:00:00,2307,39191,1,278.1975,USD
2010-02-15 00:00:00,2010-02-17 00:00:00,2331,01108,1,535.4475,GBP
2010-02-15 00:00:00,2010-02-17 00:00:00,2331,01220,1,535.4475,GBP
2010-02-15 00:00:00,2010-02-17 00:00:00,2331,02703,1,535.4475,USD
2010-02-15 00:00:00,2010-02-17 00:00:00,2331,06379,1,535.4475,USD
2010-02-15 00:00:00,2010-02-17 00:00:00,2331,07871,1,535.4475,USD
2010-02-15 00:00:00,2010-02-17 00:00:00,2331,08065,1,535.4475,USD
2010-02-15 00:00:00,2010-02-17 00:00:00,2331,08094,1,535.4475,GBP
2010-02-15 00:00:00,2010-02-17 00:00:00,2331,08512,2,1070.895,USD
2010-02-15 00:00:00,2010-02-17 00:00:00,2331,20745,2,1070.895,USD
2010-02-15 00:00:00,2010-02-17 00:00:00,2331,20770,1,535.4475,GBP
2010-02-15 00:00:00,2010-02-17 00:00:00,2331,20772,1,535.4475,GBP
2010-02-15 00:00:00,2010-02-17 00:00:00,2331,32548,1,535.4475,GBP
2010-02-15 00:00:00,2010-02-17 00:00:00,2331,33042,1,535.4475,USD
2010-02-15 00:00:00,2010-02-17 00:00:00,2331,34473,1,535.4475,USD
2010-02-15 00:00:00,2010-02-17 00:00:00,2331,37211,1,535.4475,USD
2010-02-15 00:00:00,2010-02-17 00:00:00,2331,38018,1,535.4475,USD
2010-02-15 00:00:00,2010-02-17 00:00:00,2331,46798,1,535.4475,USD
2010-02-15 00:00:00,2010-02-17 00:00:00,2331,54136,1,535.4475,USD
2010-02-15 00:00:00,2010-02-17 00:00:00,2331,56007,1,535.4475,USD
2010-02-15 00:00:00,2010-02-17 00:00:00,2331,63025,1,535.4475,USD
2010-02-15 00:00:00,2010-02-17 00:00:00,2331,70810,1,535.4475,USD
2010-02-15 00:00:00,2010-02-17 00:00:00,2331,70817,1,535.4475,USD
2010-02-15 00:00:00,2010-02-17 00:00:00,2331,75703,1,535.4475,GBP
2010-02-15 00:00:00,2010-02-17 00:00:00,2331,77062,1,535.4475,USD
2010-02-15 00:00:00,2010-02-17 00:00:00,2331,77459,1,535.4475,USD
2010-02-15 00:00:00,2010-02-17 00:00:00,2331,78504,1,535.4475,USD
2010-02-15 00:00:00,2010-02-17 00:00:00,2331,87501,1,535.4475,USD
2010-02-15 00:00:00,2010-02-17 00:00:00,2331,90505,1,535.4475,USD
2010-02-15 00:00:00,2010-02-17 00:00:00,2331,91406,2,1070.895,USD
2010-02-15 00:00:00,2010-02-17 00:00:00,2331,91767,1,535.4475,USD
2010-02-15 00:00:00,2010-02-17 00:00:00,2331,92021,1,535.4475,USD
2010-02-15 00:00:00,2010-02-17 00:00:00,2331,92124,1,535.4475,USD
2010-02-15 00:00:00,2010-02-17 00:00:00,2331,92647,2,1070.895,USD
2010-02-15 00:00:00,2010-02-17 00:00:00,2331,93906,1,535.4475,USD
2010-02-15 00:00:00,2010-02-17 00:00:00,2331,94080,2,1070.895,USD
2010-02-15 00:00:00,2010-02-17 00:00:00,2331,94560,1,535.4475,GBP
2010-02-15 00:00:00,2010-02-17 00:00:00,2331,95008,3,1606.3425,USD
2010-02-15 00:00:00,2010-02-17 00:00:00,2331,95132,1,535.4475,USD
2010-02-15 00:00:00,2010-02-17 00:00:00,2331,95687,1,535.4475,USD
2010-02-15 00:00:00,2010-02-17 00:00:00,2331,97009,1,535.4475,USD
2010-02-15 00:00:00,2010-02-17 00:00:00,2331,99702,1,535.4475,GBP
2010-02-15 00:00:00,2010-02-17 00:00:00,2340,75604,1,461.9475,GBP
2010-02-15 00:00:00,2010-02-17 00:00:00,2351,33068,1,314.9475,GBP
2010-02-15 00:00:00,2010-02-17 00:00:00,2351,34480,1,314.9475,USD
2010-02-15 00:00:00,2010-02-17 00:00:00,2351,70084,1,314.9475,USD
2010-02-15 00:00:00,2010-02-17 00:00:00,2351,75104,1,314.9475,GBP
2010-02-15 00:00:00,2010-02-17 00:00:00,2351,76021,1,314.9475,USD
2010-02-15 00:00:00,2010-02-17 00:00:00,2352,25541,1,367.4475,GBP
2010-02-15 00:00:00,2010-02-17 00:00:00,2352,33467,1,388.4475,USD
2010-02-15 00:00:00,2010-02-17 00:00:00,2352,37015,1,367.4475,GBP
2010-02-15 00:00:00,2010-02-17 00:00:00,2352,63376,1,388.4475,GBP
2010-02-15 00:00:00,2010-02-17 00:00:00,2352,72903,1,388.4475,USD
2010-02-15 00:00:00,2010-02-17 00:00:00,2352,75075,1,367.4475,USD
2010-02-15 00:00:00,2010-02-17 00:00:00,2352,91730,1,388.4475,GBP
2010-02-15 00:00:00,2010-02-17 00:00:00,2352,92071,1,388.4475,USD
2010-02-15 00:00:00,2010-02-17 00:00:00,2352,93313,1,388.4475,GBP
2010-02-15 00:00:00,2010-02-17 00:00:00,2352,95129,1,388.4475,GBP
2010-02-15 00:00:00,2010-02-17 00:00:00,2352,95204,1,388.4475,GBP
2010-02-15 00:00:00,2010-02-17 00:00:00,2352,95350,1,388.4475,GBP
2010-02-15 00:00:00,2010-02-17 00:00:00,2357,67210,1,272.9475,GBP
2010-02-15 00:00:00,2010-02-17 00:00:00,2357,75685,1,288.6975,USD
2010-02-15 00:00:00,2010-02-17 00:00:00,2362,95361,1,750.6975,USD
2010-02-15 00:00:00,2010-02-17 00:00:00,2370,65714,1,708.6975,USD
2010-02-15 00:00:00,2010-02-17 00:00:00,2370,75650,1,732.3225,USD
2010-02-15 00:00:00,2010-02-17 00:00:00,2371,32407,1,551.1975,GBP
2010-02-15 00:00:00,2010-02-17 00:00:00,2371,37303,1,551.1975,USD
2010-02-15 00:00:00,2010-02-17 00:00:00,2371,46530,1,551.1975,GBP
2010-02-15 00:00:00,2010-02-17 00:00:00,2371,64506,1,551.1975,GBP
2010-02-15 00:00:00,2010-02-17 00:00:00,2371,77520,1,551.1975,USD
2010-02-15 00:00:00,2010-02-17 00:00:00,2371,94301,1,551.1975,USD
2010-02-15 00:00:00,2010-02-17 00:00:00,2371,95008,1,551.1975,USD
2010-02-15 00:00:00,2010-02-17 00:00:00,2372,33016,1,398.9475,USD
2010-02-15 00:00:00,2010-02-17 00:00:00,2372,33314,1,398.9475,GBP
2010-02-15 00:00:00,2010-02-17 00:00:00,2372,35072,1,398.9475,GBP
2010-02-15 00:00:00,2010-02-17 00:00:00,2372,75067,1,398.9475,USD
2010-02-15 00:00:00,2010-02-17 00:00:00,2372,76001,1,398.9475,USD
2010-02-15 00:00:00,2010-02-17 00:00:00,2372,77382,1,398.9475,GBP
2010-02-15 00:00:00,2010-02-17 00:00:00,2373,06351,1,551.1975,GBP
2010-02-15 00:00:00,2010-02-17 00:00:00,2373,08540,1,551.1975,GBP
2010-02-15 00:00:00,2010-02-17 00:00:00,2373,32536,1,551.1975,USD
2010-02-15 00:00:00,2010-02-17 00:00:00,2373,33624,1,551.1975,USD
2010-02-15 00:00:00,2010-02-17 00:00:00,2373,33904,1,551.1975,GBP
2010-02-15 00:00:00,2010-02-17 00:00:00,2373,37130,1,551.1975,USD
2010-02-15 00:00:00,2010-02-17 00:00:00,2373,40004,1,551.1975,USD
2010-02-15 00:00:00,2010-02-17 00:00:00,2373,51503,1,1653.5925,USD
2010-02-15 00:00:00,2010-02-17 00:00:00,2373,70001,1,551.1975,GBP
2010-02-15 00:00:00,2010-02-17 00:00:00,2373,70002,1,551.1975,USD
2010-02-15 00:00:00,2010-02-17 00:00:00,2373,70065,1,551.1975,GBP
2010-02-15 00:00:00,2010-02-17 00:00:00,2373,70503,1,551.1975,GBP
2010-02-15 00:00:00,2010-02-17 00:00:00,2373,72432,1,551.1975,GBP
2010-02-15 00:00:00,2010-02-17 00:00:00,2373,72702,1,551.1975,GBP
2010-02-15 00:00:00,2010-02-17 00:00:00,2373,75070,1,551.1975,GBP
2010-02-15 00:00:00,2010-02-17 00:00:00,2373,77055,1,551.1975,GBP
2010-02-15 00:00:00,2010-02-17 00:00:00,2373,77070,1,551.1975,GBP
2010-02-15 00:00:00,2010-02-17 00:00:00,2373,85254,1,551.1975,USD
2010-02-15 00:00:00,2010-02-17 00:00:00,2373,95916,1,551.1975,USD
2010-02-15 00:00:00,2010-02-17 00:00:00,2373,97362,1,551.1975,USD
2010-02-15 00:00:00,2010-02-17 00:00:00,2374,08638,1,629.9475,USD
2010-02-15 00:00:00,2010-02-17 00:00:00,2374,29130,1,629.9475,GBP
2010-02-15 00:00:00,2010-02-17 00:00:00,2374,32082,1,629.9475,USD
2010-02-15 00:00:00,2010-02-17 00:00:00,2374,39440,1,629.9475,USD
2010-02-15 00:00:00,2010-02-17 00:00:00,2374,75090,1,629.9475,USD
2010-02-15 00:00:00,2010-02-17 00:00:00,2374,95838,1,629.9475,USD
2010-02-15 00:00:00,2010-02-17 00:00:00,2379,33024,3,519.5925,USD
2010-02-15 00:00:00,2010-02-17 00:00:00,2379,33068,1,173.1975,USD
2010-02-15 00:00:00,2010-02-17 00:00:00,2379,39730,1,209.9475,USD
2010-02-15 00:00:00,2010-02-17 00:00:00,2379,40217,1,1905.1725,GBP
2010-02-15 00:00:00,2010-02-17 00:00:00,2379,40217,1,1385.58,USD
2010-02-15 00:00:00,2010-02-17 00:00:00,2379,92173,1,209.9475,GBP
2010-02-15 00:00:00,2010-02-17 00:00:00,2380,01108,1,309.6975,GBP
2010-02-15 00:00:00,2010-02-17 00:00:00,2380,32547,1,309.6975,GBP
2010-02-15 00:00:00,2010-02-17 00:00:00,2380,70005,1,309.6975,USD
2010-02-15 00:00:00,2010-02-17 00:00:00,2380,91502,1,293.9475,USD
2010-02-15 00:00:00,2010-02-17 00:00:00,2388,01201,1,309.6975,USD
2010-02-15 00:00:00,2010-02-17 00:00:00,2388,26292,1,309.6975,USD
2010-02-15 00:00:00,2010-02-17 00:00:00,2388,32577,1,309.6975,GBP
2010-02-15 00:00:00,2010-02-17 00:00:00,2388,32618,1,309.6975,USD
2010-02-15 00:00:00,2010-02-17 00:00:00,2388,32681,1,309.6975,USD
2010-02-15 00:00:00,2010-02-17 00:00:00,2388,33325,3,929.0925,USD
2010-02-15 00:00:00,2010-02-17 00:00:00,2388,33486,4,1238.79,USD
2010-02-15 00:00:00,2010-02-17 00:00:00,2388,33993,1,309.6975,USD
2010-02-15 00:00:00,2010-02-17 00:00:00,2388,35476,1,309.6975,USD
2010-02-15 00:00:00,2010-02-17 00:00:00,2388,36530,2,619.395,USD
2010-02-15 00:00:00,2010-02-17 00:00:00,2388,37160,1,309.6975,USD
2010-02-15 00:00:00,2010-02-17 00:00:00,2388,38478,1,309.6975,USD
2010-02-15 00:00:00,2010-02-17 00:00:00,2388,40212,1,1238.79,GBP
2010-02-15 00:00:00,2010-02-17 00:00:00,2388,40212,1,309.6975,USD
2010-02-15 00:00:00,2010-02-17 00:00:00,2388,41169,1,1548.4875,GBP
2010-02-15 00:00:00,2010-02-17 00:00:00,2388,41169,1,1548.4875,USD
2010-02-15 00:00:00,2010-02-17 00:00:00,2388,46304,1,309.6975,USD
2010-02-15 00:00:00,2010-02-17 00:00:00,2388,47805,1,2167.8824999999997,GBP
2010-02-15 00:00:00,2010-02-17 00:00:00,2388,47805,1,929.0925,USD
2010-02-15 00:00:00,2010-02-17 00:00:00,2388,50010,2,619.395,USD
2010-02-15 00:00:00,2010-02-17 00:00:00,2388,55449,1,309.6975,USD
2010-02-15 00:00:00,2010-02-17 00:00:00,2388,57078,1,309.6975,GBP
2010-02-15 00:00:00,2010-02-17 00:00:00,2388,63701,1,309.6975,USD
2010-02-15 00:00:00,2010-02-17 00:00:00,2388,63851,1,309.6975,GBP
2010-02-15 00:00:00,2010-02-17 00:00:00,2388,64155,1,309.6975,GBP
2010-02-15 00:00:00,2010-02-17 00:00:00,2388,71459,1,309.6975,USD
2010-02-15 00:00:00,2010-02-17 00:00:00,2388,72401,3,929.0925,USD
2010-02-15 00:00:00,2010-02-17 00:00:00,2388,75061,1,309.6975,USD
2010-02-15 00:00:00,2010-02-17 00:00:00,2388,77396,1,309.6975,USD
2010-02-15 00:00:00,2010-02-17 00:00:00,2388,77473,1,309.6975,USD
2010-02-15 00:00:00,2010-02-17 00:00:00,2388,77662,1,309.6975,USD
2010-02-15 00:00:00,2010-02-17 00:00:00,2388,79029,1,309.6975,USD
2010-02-15 00:00:00,2010-02-17 00:00:00,2388,79903,1,309.6975,GBP
2010-02-15 00:00:00,2010-02-17 00:00:00,2388,85364,1,309.6975,USD
2010-02-15 00:00:00,2010-02-17 00:00:00,2388,92056,1,309.6975,USD
2010-02-15 00:00:00,2010-02-17 00:00:00,2388,94538,1,309.6975,USD
2010-02-15 00:00:00,2010-02-17 00:00:00,2388,95315,1,309.6975,USD
2010-02-15 00:00:00,2010-02-17 00:00:00,2401,94559,1,162.6975,USD
2010-02-15 00:00:00,2010-02-17 00:00:00,2406,33040,1,89.1975,USD
2010-02-15 00:00:00,2010-02-17 00:00:00,2406,33541,1,86.5725,GBP
2010-02-15 00:00:00,2010-02-17 00:00:00,2406,76140,1,89.1975,USD
2010-02-15 00:00:00,2010-02-17 00:00:00,2407,07728,1,73.4475,GBP
2010-02-15 00:00:00,2010-02-17 00:00:00,2407,29073,1,73.4475,GBP
2010-02-15 00:00:00,2010-02-17 00:00:00,2407,29803,1,73.4475,USD
2010-02-15 00:00:00,2010-02-17 00:00:00,2407,53706,1,73.4475,GBP
2010-02-15 00:00:00,2010-02-17 00:00:00,2407,55389,1,73.4475,GBP
2010-02-15 00:00:00,2010-02-17 00:00:00,2410,32136,2,199.395,GBP
2010-02-15 00:00:00,2010-02-17 00:00:00,2410,33018,1,99.6975,USD
2010-02-15 00:00:00,2010-02-17 00:00:00,2410,33543,1,99.6975,USD
2010-02-15 00:00:00,2010-02-17 00:00:00,2410,33565,1,99.6975,GBP
2010-02-15 00:00:00,2010-02-17 00:00:00,2410,34228,4,398.79,USD
2010-02-15 00:00:00,2010-02-17 00:00:00,2410,37011,1,99.6975,USD
2010-02-15 00:00:00,2010-02-17 00:00:00,2410,40241,1,99.6975,GBP
2010-02-15 00:00:00,2010-02-17 00:00:00,2410,46143,1,99.6975,GBP
2010-02-15 00:00:00,2010-02-17 00:00:00,2410,72703,1,99.6975,GBP
2010-02-15 00:00:00,2010-02-17 00:00:00,2410,78758,1,99.6975,GBP
2010-02-15 00:00:00,2010-02-17 00:00:00,2410,97004,1,99.6975,USD
2010-02-15 00:00:00,2010-02-18 00:00:00,25,33181,1,792.75,USD
2010-02-15 00:00:00,2010-02-18 00:00:00,25,79763,1,792.75,GBP
2010-02-15 00:00:00,2010-02-18 00:00:00,25,89414,1,792.75,GBP
2010-02-15 00:00:00,2010-02-18 00:00:00,36,32803,1,414.75,GBP
2010-02-15 00:00:00,2010-02-18 00:00:00,36,53221,1,414.75,USD
2010-02-15 00:00:00,2010-02-18 00:00:00,36,72740,1,414.75,GBP
2010-02-15 00:00:00,2010-02-18 00:00:00,36,83864,1,414.75,GBP
2010-02-15 00:00:00,2010-02-18 00:00:00,36,89122,1,414.75,USD
2010-02-15 00:00:00,2010-02-18 00:00:00,36,95003,1,414.75,USD
2010-02-15 00:00:00,2010-02-18 00:00:00,36,95841,1,414.75,USD
2010-02-15 00:00:00,2010-02-18 00:00:00,94,70809,1,866.25,USD
2010-02-15 00:00:00,2010-02-18 00:00:00,94,92115,1,866.25,GBP
2010-02-15 00:00:00,2010-02-18 00:00:00,94,94107,1,866.25,GBP
2010-02-15 00:00:00,2010-02-18 00:00:00,120,01002,1,829.5,GBP
2010-02-15 00:00:00,2010-02-18 00:00:00,120,01749,1,829.5,USD
2010-02-15 00:00:00,2010-02-18 00:00:00,120,06460,1,829.5,GBP
2010-02-15 00:00:00,2010-02-18 00:00:00,120,21403,1,829.5,USD
2010-02-15 00:00:00,2010-02-18 00:00:00,120,32771,1,829.5,GBP
2010-02-15 00:00:00,2010-02-18 00:00:00,120,33594,1,829.5,GBP
2010-02-15 00:00:00,2010-02-18 00:00:00,120,40223,1,829.5,USD
2010-02-15 00:00:00,2010-02-18 00:00:00,120,51104,1,829.5,GBP
2010-02-15 00:00:00,2010-02-18 00:00:00,120,75248,1,829.5,GBP
2010-02-15 00:00:00,2010-02-18 00:00:00,120,78233,1,829.5,USD
2010-02-15 00:00:00,2010-02-18 00:00:00,120,85202,1,829.5,GBP
2010-02-15 00:00:00,2010-02-18 00:00:00,120,85741,1,829.5,USD
2010-02-15 00:00:00,2010-02-18 00:00:00,120,97023,1,829.5,USD
2010-02-15 00:00:00,2010-02-18 00:00:00,135,07675,1,492.975,GBP
2010-02-15 00:00:00,2010-02-18 00:00:00,139,21037,1,1092,GBP
2010-02-15 00:00:00,2010-02-18 00:00:00,139,21037,1,1638,USD
2010-02-15 00:00:00,2010-02-18 00:00:00,139,94404,1,546,USD
2010-02-15 00:00:00,2010-02-18 00:00:00,151,07675,1,356.475,USD
2010-02-15 00:00:00,2010-02-18 00:00:00,184,93906,1,729.75,USD
2010-02-15 00:00:00,2010-02-18 00:00:00,184,94403,1,729.75,USD
2010-02-15 00:00:00,2010-02-18 00:00:00,187,87110,1,819,USD
2010-02-15 00:00:00,2010-02-18 00:00:00,187,93654,1,819,GBP
2010-02-15 00:00:00,2010-02-18 00:00:00,187,94952,1,819,GBP
2010-02-15 00:00:00,2010-02-18 00:00:00,195,07675,2,1500.45,GBP
2010-02-15 00:00:00,2010-02-18 00:00:00,195,34428,1,750.225,USD
2010-02-15 00:00:00,2010-02-18 00:00:00,195,46240,1,750.225,GBP
2010-02-15 00:00:00,2010-02-18 00:00:00,195,50312,1,750.225,USD
2010-02-15 00:00:00,2010-02-18 00:00:00,195,85018,1,750.225,USD
2010-02-15 00:00:00,2010-02-18 00:00:00,195,85259,1,750.225,USD
2010-02-15 00:00:00,2010-02-18 00:00:00,195,92867,1,750.225,USD
2010-02-15 00:00:00,2010-02-18 00:00:00,195,93312,1,750.225,USD
2010-02-15 00:00:00,2010-02-18 00:00:00,195,99517,1,750.225,GBP
2010-02-15 00:00:00,2010-02-18 00:00:00,234,94109,1,403.9875,USD
2010-02-15 00:00:00,2010-02-18 00:00:00,247,55416,1,367.2375,GBP
2010-02-15 00:00:00,2010-02-18 00:00:00,247,95630,1,367.2375,GBP
2010-02-15 00:00:00,2010-02-18 00:00:00,248,78660,1,524.7375,USD
2010-02-15 00:00:00,2010-02-18 00:00:00,314,78734,1,435.4875,USD
2010-02-15 00:00:00,2010-02-18 00:00:00,318,20748,1,865.9875,GBP
2010-02-15 00:00:00,2010-02-18 00:00:00,318,93065,1,865.9875,USD
2010-02-15 00:00:00,2010-02-18 00:00:00,330,02842,2,1154.475,USD
2010-02-15 00:00:00,2010-02-18 00:00:00,330,34994,1,577.2375,GBP
2010-02-15 00:00:00,2010-02-18 00:00:00,330,93906,1,577.2375,USD
2010-02-15 00:00:00,2010-02-18 00:00:00,370,77304,1,540.4875,USD
2010-02-15 00:00:00,2010-02-18 00:00:00,396,01532,1,857.0625,USD
2010-02-15 00:00:00,2010-02-18 00:00:00,396,02081,1,857.0625,USD
2010-02-15 00:00:00,2010-02-18 00:00:00,396,02093,1,857.0625,USD
2010-02-15 00:00:00,2010-02-18 00:00:00,396,06360,1,857.0625,GBP
2010-02-15 00:00:00,2010-02-18 00:00:00,396,07013,1,857.0625,GBP
2010-02-15 00:00:00,2010-02-18 00:00:00,396,07506,1,857.0625,GBP
2010-02-15 00:00:00,2010-02-18 00:00:00,396,08080,1,857.0625,GBP
2010-02-15 00:00:00,2010-02-18 00:00:00,396,08107,1,857.0625,USD
2010-02-15 00:00:00,2010-02-18 00:00:00,396,20879,1,857.0625,USD
2010-02-15 00:00:00,2010-02-18 00:00:00,396,21401,1,857.0625,USD
2010-02-15 00:00:00,2010-02-18 00:00:00,396,25071,1,857.0625,GBP
2010-02-15 00:00:00,2010-02-18 00:00:00,396,26059,1,857.0625,GBP
2010-02-15 00:00:00,2010-02-18 00:00:00,396,29113,1,857.0625,USD
2010-02-15 00:00:00,2010-02-18 00:00:00,396,29578,1,857.0625,USD
2010-02-15 00:00:00,2010-02-18 00:00:00,396,29625,1,857.0625,GBP
2010-02-15 00:00:00,2010-02-18 00:00:00,396,32308,1,857.0625,USD
2010-02-15 00:00:00,2010-02-18 00:00:00,396,32507,1,857.0625,USD
2010-02-15 00:00:00,2010-02-18 00:00:00,396,32814,1,857.0625,USD
2010-02-15 00:00:00,2010-02-18 00:00:00,396,32822,1,857.0625,GBP
2010-02-15 00:00:00,2010-02-18 00:00:00,396,32927,1,857.0625,USD
2010-02-15 00:00:00,2010-02-18 00:00:00,396,33180,1,857.0625,GBP
2010-02-15 00:00:00,2010-02-18 00:00:00,396,33884,1,857.0625,USD
2010-02-15 00:00:00,2010-02-18 00:00:00,396,34997,1,857.0625,GBP
2010-02-15 00:00:00,2010-02-18 00:00:00,396,36561,2,1714.125,USD
2010-02-15 00:00:00,2010-02-18 00:00:00,396,38133,1,857.0625,USD
2010-02-15 00:00:00,2010-02-18 00:00:00,396,46011,1,857.0625,USD
2010-02-15 00:00:00,2010-02-18 00:00:00,396,46012,1,857.0625,USD
2010-02-15 00:00:00,2010-02-18 00:00:00,396,46970,2,1714.125,USD
2010-02-15 00:00:00,2010-02-18 00:00:00,396,47711,1,857.0625,GBP
2010-02-15 00:00:00,2010-02-18 00:00:00,396,47904,1,857.0625,USD
2010-02-15 00:00:00,2010-02-18 00:00:00,396,53103,1,857.0625,GBP
2010-02-15 00:00:00,2010-02-18 00:00:00,396,53121,1,1714.125,USD
2010-02-15 00:00:00,2010-02-18 00:00:00,396,53154,1,857.0625,GBP
2010-02-15 00:00:00,2010-02-18 00:00:00,396,53225,2,5142.375,GBP
2010-02-15 00:00:00,2010-02-18 00:00:00,396,53225,2,1714.125,USD
2010-02-15 00:00:00,2010-02-18 00:00:00,396,53571,1,857.0625,USD
2010-02-15 00:00:00,2010-02-18 00:00:00,396,55025,1,857.0625,GBP
2010-02-15 00:00:00,2010-02-18 00:00:00,396,55118,1,857.0625,GBP
2010-02-15 00:00:00,2010-02-18 00:00:00,396,57702,1,857.0625,USD
2010-02-15 00:00:00,2010-02-18 00:00:00,396,58103,2,1714.125,USD
2010-02-15 00:00:00,2010-02-18 00:00:00,396,58504,1,857.0625,USD
2010-02-15 00:00:00,2010-02-18 00:00:00,396,59403,1,857.0625,GBP
2010-02-15 00:00:00,2010-02-18 00:00:00,396,64068,1,857.0625,USD
2010-02-15 00:00:00,2010-02-18 00:00:00,396,66002,1,857.0625,USD
2010-02-15 00:00:00,2010-02-18 00:00:00,396,68048,1,857.0625,GBP
2010-02-15 00:00:00,2010-02-18 00:00:00,396,68124,1,857.0625,GBP
2010-02-15 00:00:00,2010-02-18 00:00:00,396,68152,1,857.0625,GBP
2010-02-15 00:00:00,2010-02-18 00:00:00,396,70037,1,857.0625,USD
2010-02-15 00:00:00,2010-02-18 00:00:00,396,70448,1,857.0625,GBP
2010-02-15 00:00:00,2010-02-18 00:00:00,396,73131,1,857.0625,USD
2010-02-15 00:00:00,2010-02-18 00:00:00,396,74112,1,857.0625,USD
2010-02-15 00:00:00,2010-02-18 00:00:00,396,75087,2,1714.125,USD
2010-02-15 00:00:00,2010-02-18 00:00:00,396,75701,1,857.0625,USD
2010-02-15 00:00:00,2010-02-18 00:00:00,396,77024,1,857.0625,USD
2010-02-15 00:00:00,2010-02-18 00:00:00,396,77345,1,857.0625,GBP
2010-02-15 00:00:00,2010-02-18 00:00:00,396,77450,1,857.0625,USD
2010-02-15 00:00:00,2010-02-18 00:00:00,396,77598,1,857.0625,USD
2010-02-15 00:00:00,2010-02-18 00:00:00,396,83217,1,857.0625,USD
2010-02-15 00:00:00,2010-02-18 00:00:00,396,83703,1,857.0625,GBP
2010-02-15 00:00:00,2010-02-18 00:00:00,396,83864,1,857.0625,GBP
2010-02-15 00:00:00,2010-02-18 00:00:00,396,84060,2,1714.125,USD
2010-02-15 00:00:00,2010-02-18 00:00:00,396,85255,1,857.0625,GBP
2010-02-15 00:00:00,2010-02-18 00:00:00,396,85258,2,1714.125,GBP
2010-02-15 00:00:00,2010-02-18 00:00:00,396,91350,3,2571.1875,USD
2010-02-15 00:00:00,2010-02-18 00:00:00,396,91709,2,1714.125,GBP
2010-02-15 00:00:00,2010-02-18 00:00:00,396,92262,1,857.0625,GBP
2010-02-15 00:00:00,2010-02-18 00:00:00,396,93308,1,857.0625,GBP
2010-02-15 00:00:00,2010-02-18 00:00:00,396,93465,1,857.0625,GBP
2010-02-15 00:00:00,2010-02-18 00:00:00,396,95648,2,1714.125,USD
2010-02-15 00:00:00,2010-02-18 00:00:00,396,95682,1,857.0625,USD
2010-02-15 00:00:00,2010-02-18 00:00:00,396,97405,1,857.0625,USD
2010-02-15 00:00:00,2010-02-18 00:00:00,396,97496,1,857.0625,USD
2010-02-15 00:00:00,2010-02-18 00:00:00,400,02067,1,683.8125,GBP
2010-02-15 00:00:00,2010-02-18 00:00:00,400,02721,1,683.8125,USD
2010-02-15 00:00:00,2010-02-18 00:00:00,400,21403,1,683.8125,GBP
2010-02-15 00:00:00,2010-02-18 00:00:00,400,21561,1,683.8125,USD
2010-02-15 00:00:00,2010-02-18 00:00:00,400,32130,1,2051.4375,GBP
2010-02-15 00:00:00,2010-02-18 00:00:00,400,32130,1,2735.25,USD
2010-02-15 00:00:00,2010-02-18 00:00:00,400,46350,1,683.8125,GBP
2010-02-15 00:00:00,2010-02-18 00:00:00,400,52761,1,683.8125,GBP
2010-02-15 00:00:00,2010-02-18 00:00:00,400,53121,1,1367.625,GBP
2010-02-15 00:00:00,2010-02-18 00:00:00,400,63701,1,683.8125,GBP
2010-02-15 00:00:00,2010-02-18 00:00:00,400,75482,1,683.8125,GBP
2010-02-15 00:00:00,2010-02-18 00:00:00,400,78501,1,683.8125,GBP
2010-02-15 00:00:00,2010-02-18 00:00:00,400,86515,1,683.8125,GBP
2010-02-15 00:00:00,2010-02-18 00:00:00,400,88312,1,683.8125,GBP
2010-02-15 00:00:00,2010-02-18 00:00:00,400,90405,1,697.725,GBP
2010-02-15 00:00:00,2010-02-18 00:00:00,400,93030,1,697.725,GBP
2010-02-15 00:00:00,2010-02-18 00:00:00,400,94607,1,697.725,GBP
2010-02-15 00:00:00,2010-02-18 00:00:00,415,47941,1,482.7375,GBP
2010-02-15 00:00:00,2010-02-18 00:00:00,426,46375,1,795.1125,USD
2010-02-15 00:00:00,2010-02-18 00:00:00,426,78501,1,795.1125,GBP
2010-02-15 00:00:00,2010-02-18 00:00:00,433,08028,1,804.3,USD
2010-02-15 00:00:00,2010-02-18 00:00:00,433,21037,1,804.3,GBP
2010-02-15 00:00:00,2010-02-18 00:00:00,433,21037,1,1608.6,USD
2010-02-15 00:00:00,2010-02-18 00:00:00,433,21044,1,804.3,USD
2010-02-15 00:00:00,2010-02-18 00:00:00,433,32114,1,804.3,GBP
2010-02-15 00:00:00,2010-02-18 00:00:00,433,37818,1,804.3,USD
2010-02-15 00:00:00,2010-02-18 00:00:00,433,46410,1,804.3,GBP
2010-02-15 00:00:00,2010-02-18 00:00:00,433,53002,1,804.3,GBP
2010-02-15 00:00:00,2010-02-18 00:00:00,433,53168,1,804.3,GBP
2010-02-15 00:00:00,2010-02-18 00:00:00,433,53225,1,2412.8999999999996,GBP
2010-02-15 00:00:00,2010-02-18 00:00:00,433,53225,1,1608.6,USD
2010-02-15 00:00:00,2010-02-18 00:00:00,433,53408,1,804.3,USD
2010-02-15 00:00:00,2010-02-18 00:00:00,433,57701,1,804.3,GBP
2010-02-15 00:00:00,2010-02-18 00:00:00,433,67101,1,804.3,USD
2010-02-15 00:00:00,2010-02-18 00:00:00,433,78130,1,804.3,USD
2010-02-15 00:00:00,2010-02-18 00:00:00,433,79549,1,804.3,GBP
2010-02-15 00:00:00,2010-02-18 00:00:00,443,02364,1,790.9125,GBP
2010-02-15 00:00:00,2010-02-18 00:00:00,443,02816,1,790.9125,GBP
2010-02-15 00:00:00,2010-02-18 00:00:00,443,06785,1,790.9125,GBP
2010-02-15 00:00:00,2010-02-18 00:00:00,443,07605,1,790.9125,USD
2010-02-15 00:00:00,2010-02-18 00:00:00,443,08312,1,790.9125,USD
2010-02-15 00:00:00,2010-02-18 00:00:00,443,20723,1,790.9125,USD
2010-02-15 00:00:00,2010-02-18 00:00:00,443,20853,1,790.9125,GBP
2010-02-15 00:00:00,2010-02-18 00:00:00,443,32819,2,1581.825,USD
2010-02-15 00:00:00,2010-02-18 00:00:00,443,33149,1,790.9125,GBP
2010-02-15 00:00:00,2010-02-18 00:00:00,443,33407,2,1581.825,GBP
2010-02-15 00:00:00,2010-02-18 00:00:00,443,40056,1,790.9125,GBP
2010-02-15 00:00:00,2010-02-18 00:00:00,443,42330,1,790.9125,USD
2010-02-15 00:00:00,2010-02-18 00:00:00,443,46561,1,790.9125,GBP
2010-02-15 00:00:00,2010-02-18 00:00:00,443,46563,1,790.9125,GBP
2010-02-15 00:00:00,2010-02-18 00:00:00,443,46902,2,1581.825,USD
2010-02-15 00:00:00,2010-02-18 00:00:00,443,50317,1,790.9125,GBP
2010-02-15 00:00:00,2010-02-18 00:00:00,443,55119,1,790.9125,USD
2010-02-15 00:00:00,2010-02-18 00:00:00,443,55343,1,790.9125,GBP
2010-02-15 00:00:00,2010-02-18 00:00:00,443,55344,1,790.9125,GBP
2010-02-15 00:00:00,2010-02-18 00:00:00,443,56171,1,790.9125,GBP
2010-02-15 00:00:00,2010-02-18 00:00:00,443,56265,1,790.9125,USD
2010-02-15 00:00:00,2010-02-18 00:00:00,443,56345,1,790.9125,USD
2010-02-15 00:00:00,2010-02-18 00:00:00,443,63031,1,790.9125,GBP
2010-02-15 00:00:00,2010-02-18 00:00:00,443,63501,1,790.9125,GBP
2010-02-15 00:00:00,2010-02-18 00:00:00,443,66606,1,790.9125,USD
2010-02-15 00:00:00,2010-02-18 00:00:00,443,67215,1,790.9125,GBP
2010-02-15 00:00:00,2010-02-18 00:00:00,443,72734,1,790.9125,GBP
2010-02-15 00:00:00,2010-02-18 00:00:00,443,75901,1,790.9125,GBP
2010-02-15 00:00:00,2010-02-18 00:00:00,443,79550,1,790.9125,GBP
2010-02-15 00:00:00,2010-02-18 00:00:00,443,83440,1,790.9125,GBP
2010-02-15 00:00:00,2010-02-18 00:00:00,443,84111,1,804.825,GBP
2010-02-15 00:00:00,2010-02-18 00:00:00,443,84124,1,790.9125,GBP
2010-02-15 00:00:00,2010-02-18 00:00:00,443,85310,1,790.9125,GBP
2010-02-15 00:00:00,2010-02-18 00:00:00,443,91214,1,804.825,USD
2010-02-15 00:00:00,2010-02-18 00:00:00,443,92705,1,804.825,GBP
2010-02-15 00:00:00,2010-02-18 00:00:00,443,92867,1,804.825,USD
2010-02-15 00:00:00,2010-02-18 00:00:00,464,33830,2,1132.425,USD
2010-02-15 00:00:00,2010-02-18 00:00:00,464,50138,2,1132.425,USD
2010-02-15 00:00:00,2010-02-18 00:00:00,464,70611,1,553.0875,USD
2010-02-15 00:00:00,2010-02-18 00:00:00,464,88102,2,1132.425,USD
2010-02-15 00:00:00,2010-02-18 00:00:00,475,06351,1,970.2,USD
2010-02-15 00:00:00,2010-02-18 00:00:00,475,07067,1,970.2,USD
2010-02-15 00:00:00,2010-02-18 00:00:00,475,07403,1,970.2,GBP
2010-02-15 00:00:00,2010-02-18 00:00:00,475,21221,1,970.2,USD
2010-02-15 00:00:00,2010-02-18 00:00:00,475,21918,1,970.2,GBP
2010-02-15 00:00:00,2010-02-18 00:00:00,475,25276,1,970.2,GBP
2010-02-15 00:00:00,2010-02-18 00:00:00,475,26034,1,970.2,GBP
2010-02-15 00:00:00,2010-02-18 00:00:00,475,26201,1,970.2,GBP
2010-02-15 00:00:00,2010-02-18 00:00:00,475,29730,1,970.2,GBP
2010-02-15 00:00:00,2010-02-18 00:00:00,475,29801,1,970.2,USD
2010-02-15 00:00:00,2010-02-18 00:00:00,475,29928,1,970.2,GBP
2010-02-15 00:00:00,2010-02-18 00:00:00,475,33175,1,970.2,GBP
2010-02-15 00:00:00,2010-02-18 00:00:00,475,33912,1,970.2,USD
2010-02-15 00:00:00,2010-02-18 00:00:00,475,34109,1,970.2,USD
2010-02-15 00:00:00,2010-02-18 00:00:00,475,34203,1,970.2,USD
2010-02-15 00:00:00,2010-02-18 00:00:00,475,39560,1,970.2,USD
2010-02-15 00:00:00,2010-02-18 00:00:00,475,41501,1,970.2,GBP
2010-02-15 00:00:00,2010-02-18 00:00:00,475,46106,1,970.2,USD
2010-02-15 00:00:00,2010-02-18 00:00:00,475,46221,1,970.2,GBP
2010-02-15 00:00:00,2010-02-18 00:00:00,475,46236,1,970.2,GBP
2010-02-15 00:00:00,2010-02-18 00:00:00,475,46571,1,970.2,USD
2010-02-15 00:00:00,2010-02-18 00:00:00,475,46804,1,970.2,GBP
2010-02-15 00:00:00,2010-02-18 00:00:00,475,52804,1,970.2,USD
2010-02-15 00:00:00,2010-02-18 00:00:00,475,53225,1,5821.2,GBP
2010-02-15 00:00:00,2010-02-18 00:00:00,475,53225,1,1940.4,USD
2010-02-15 00:00:00,2010-02-18 00:00:00,475,54155,1,970.2,GBP
2010-02-15 00:00:00,2010-02-18 00:00:00,475,54751,1,970.2,USD
2010-02-15 00:00:00,2010-02-18 00:00:00,475,55060,1,970.2,USD
2010-02-15 00:00:00,2010-02-18 00:00:00,475,55975,1,970.2,GBP
2010-02-15 00:00:00,2010-02-18 00:00:00,475,57103,1,970.2,USD
2010-02-15 00:00:00,2010-02-18 00:00:00,475,59802,1,970.2,GBP
2010-02-15 00:00:00,2010-02-18 00:00:00,475,75061,1,970.2,USD
2010-02-15 00:00:00,2010-02-18 00:00:00,475,76116,1,970.2,USD
2010-02-15 00:00:00,2010-02-18 00:00:00,475,76712,1,970.2,USD
2010-02-15 00:00:00,2010-02-18 00:00:00,475,82009,1,970.2,GBP
2010-02-15 00:00:00,2010-02-18 00:00:00,475,82601,1,970.2,GBP
2010-02-15 00:00:00,2010-02-18 00:00:00,475,83202,1,970.2,USD
2010-02-15 00:00:00,2010-02-18 00:00:00,475,85259,1,970.2,USD
2010-02-15 00:00:00,2010-02-18 00:00:00,475,89014,1,975.45,USD
2010-02-15 00:00:00,2010-02-18 00:00:00,475,92024,1,975.45,GBP
2010-02-15 00:00:00,2010-02-18 00:00:00,475,94037,1,975.45,USD
2010-02-15 00:00:00,2010-02-18 00:00:00,475,95822,1,975.45,USD
2010-02-15 00:00:00,2010-02-18 00:00:00,475,96002,1,975.45,USD
2010-02-15 00:00:00,2010-02-18 00:00:00,488,33411,1,970.2,GBP
2010-02-15 00:00:00,2010-02-18 00:00:00,488,38080,1,970.2,USD
2010-02-15 00:00:00,2010-02-18 00:00:00,488,53119,1,16493.400000000005,GBP
2010-02-15 00:00:00,2010-02-18 00:00:00,488,53119,1,12612.600000000002,USD
2010-02-15 00:00:00,2010-02-18 00:00:00,488,63122,1,970.2,GBP
2010-02-15 00:00:00,2010-02-18 00:00:00,488,64119,1,970.2,USD
2010-02-15 00:00:00,2010-02-18 00:00:00,491,01035,1,815.325,USD
2010-02-15 00:00:00,2010-02-18 00:00:00,491,01752,1,815.325,GBP
2010-02-15 00:00:00,2010-02-18 00:00:00,491,02816,1,815.325,USD
2010-02-15 00:00:00,2010-02-18 00:00:00,491,02840,1,815.325,GBP
2010-02-15 00:00:00,2010-02-18 00:00:00,491,07410,1,815.325,USD
2010-02-15 00:00:00,2010-02-18 00:00:00,491,08053,1,815.325,GBP
2010-02-15 00:00:00,2010-02-18 00:00:00,491,19938,1,815.325,GBP
2010-02-15 00:00:00,2010-02-18 00:00:00,491,21048,1,815.325,GBP
2010-02-15 00:00:00,2010-02-18 00:00:00,491,21620,1,815.325,USD
2010-02-15 00:00:00,2010-02-18 00:00:00,491,29302,1,815.325,USD
2010-02-15 00:00:00,2010-02-18 00:00:00,491,32403,1,815.325,GBP
2010-02-15 00:00:00,2010-02-18 00:00:00,491,35216,1,815.325,USD
2010-02-15 00:00:00,2010-02-18 00:00:00,491,35906,1,815.325,USD
2010-02-15 00:00:00,2010-02-18 00:00:00,491,37075,2,1630.65,USD
2010-02-15 00:00:00,2010-02-18 00:00:00,491,37742,1,815.325,USD
2010-02-15 00:00:00,2010-02-18 00:00:00,491,37873,1,815.325,GBP
2010-02-15 00:00:00,2010-02-18 00:00:00,491,46368,1,815.325,GBP
2010-02-15 00:00:00,2010-02-18 00:00:00,491,47805,1,2445.9750000000004,GBP
2010-02-15 00:00:00,2010-02-18 00:00:00,491,47805,1,4076.625,USD
2010-02-15 00:00:00,2010-02-18 00:00:00,491,52738,1,815.325,USD
2010-02-15 00:00:00,2010-02-18 00:00:00,491,54143,1,815.325,USD
2010-02-15 00:00:00,2010-02-18 00:00:00,491,55305,1,815.325,GBP
2010-02-15 00:00:00,2010-02-18 00:00:00,491,55317,1,815.325,USD
2010-02-15 00:00:00,2010-02-18 00:00:00,491,55449,1,815.325,GBP
2010-02-15 00:00:00,2010-02-18 00:00:00,491,56468,1,815.325,GBP
2010-02-15 00:00:00,2010-02-18 00:00:00,491,63703,1,815.325,GBP
2010-02-15 00:00:00,2010-02-18 00:00:00,491,64720,1,815.325,GBP
2010-02-15 00:00:00,2010-02-18 00:00:00,491,65612,1,815.325,USD
2010-02-15 00:00:00,2010-02-18 00:00:00,491,67554,1,815.325,GBP
2010-02-15 00:00:00,2010-02-18 00:00:00,491,72712,1,815.325,GBP
2010-02-15 00:00:00,2010-02-18 00:00:00,491,74953,1,815.325,USD
2010-02-15 00:00:00,2010-02-18 00:00:00,491,78240,1,815.325,USD
2010-02-15 00:00:00,2010-02-18 00:00:00,491,84043,1,815.325,USD
2010-02-15 00:00:00,2010-02-18 00:00:00,491,85365,1,815.325,GBP
2010-02-15 00:00:00,2010-02-18 00:00:00,491,86040,1,815.325,GBP
2010-02-15 00:00:00,2010-02-18 00:00:00,491,89191,1,815.325,GBP
2010-02-15 00:00:00,2010-02-18 00:00:00,491,97006,1,815.325,USD
2010-02-15 00:00:00,2010-02-18 00:00:00,491,97838,1,815.325,USD
2010-02-15 00:00:00,2010-02-18 00:00:00,495,33024,3,1682.8875,USD
2010-02-15 00:00:00,2010-02-18 00:00:00,495,66203,2,1121.925,GBP
2010-02-15 00:00:00,2010-02-18 00:00:00,495,77656,1,560.9625,GBP
2010-02-15 00:00:00,2010-02-18 00:00:00,499,21617,1,846.3,GBP
2010-02-15 00:00:00,2010-02-18 00:00:00,499,46350,1,846.3,GBP
2010-02-15 00:00:00,2010-02-18 00:00:00,499,53094,1,846.3,GBP
2010-02-15 00:00:00,2010-02-18 00:00:00,499,53118,1,846.3,USD
2010-02-15 00:00:00,2010-02-18 00:00:00,499,53207,1,846.3,GBP
2010-02-15 00:00:00,2010-02-18 00:00:00,499,68776,1,846.3,USD
2010-02-15 00:00:00,2010-02-18 00:00:00,499,88240,1,846.3,GBP
2010-02-15 00:00:00,2010-02-18 00:00:00,499,89117,1,846.3,GBP
2010-02-15 00:00:00,2010-02-18 00:00:00,499,97132,1,846.3,USD
2010-02-15 00:00:00,2010-02-18 00:00:00,510,07421,1,837.1125,USD
2010-02-15 00:00:00,2010-02-18 00:00:00,510,34748,1,837.1125,USD
2010-02-15 00:00:00,2010-02-18 00:00:00,510,94510,1,842.3625,GBP
2010-02-15 00:00:00,2010-02-18 00:00:00,513,32955,1,451.4475,GBP
2010-02-15 00:00:00,2010-02-18 00:00:00,513,47712,1,451.4475,GBP
2010-02-15 00:00:00,2010-02-18 00:00:00,513,78260,1,451.4475,USD
2010-02-15 00:00:00,2010-02-18 00:00:00,521,32810,1,556.4475,GBP
2010-02-15 00:00:00,2010-02-18 00:00:00,521,75701,1,556.4475,GBP
2010-02-15 00:00:00,2010-02-18 00:00:00,530,21037,1,1259.895,GBP
2010-02-15 00:00:00,2010-02-18 00:00:00,530,21037,1,629.9475,USD
2010-02-15 00:00:00,2010-02-18 00:00:00,530,53222,1,619.4475,GBP
2010-02-15 00:00:00,2010-02-18 00:00:00,530,53705,1,619.4475,GBP
2010-02-15 00:00:00,2010-02-18 00:00:00,532,02919,1,556.4475,GBP
2010-02-15 00:00:00,2010-02-18 00:00:00,532,46236,1,1112.895,USD
2010-02-15 00:00:00,2010-02-18 00:00:00,532,76133,1,556.4475,USD
2010-02-15 00:00:00,2010-02-18 00:00:00,550,07760,1,403.9875,GBP
2010-02-15 00:00:00,2010-02-18 00:00:00,550,08882,1,403.9875,USD
2010-02-15 00:00:00,2010-02-18 00:00:00,550,25313,1,403.9875,GBP
2010-02-15 00:00:00,2010-02-18 00:00:00,550,34951,1,403.9875,USD
2010-02-15 00:00:00,2010-02-18 00:00:00,550,37209,2,807.975,GBP
2010-02-15 00:00:00,2010-02-18 00:00:00,550,46044,1,403.9875,GBP
2010-02-15 00:00:00,2010-02-18 00:00:00,550,53224,1,403.9875,GBP
2010-02-15 00:00:00,2010-02-18 00:00:00,550,54467,1,403.9875,GBP
2010-02-15 00:00:00,2010-02-18 00:00:00,550,58721,1,403.9875,USD
2010-02-15 00:00:00,2010-02-18 00:00:00,550,63118,1,403.9875,GBP
2010-02-15 00:00:00,2010-02-18 00:00:00,550,70818,1,403.9875,GBP
2010-02-15 00:00:00,2010-02-18 00:00:00,550,76117,1,403.9875,USD
2010-02-15 00:00:00,2010-02-18 00:00:00,550,79022,1,403.9875,USD
2010-02-15 00:00:00,2010-02-18 00:00:00,550,85741,1,403.9875,GBP
2010-02-15 00:00:00,2010-02-18 00:00:00,550,95062,1,410.2875,GBP
2010-02-15 00:00:00,2010-02-18 00:00:00,550,97321,1,403.9875,GBP
2010-02-15 00:00:00,2010-02-18 00:00:00,559,34233,1,585.6375,USD
2010-02-15 00:00:00,2010-02-18 00:00:00,559,42223,1,585.6375,GBP
2010-02-15 00:00:00,2010-02-18 00:00:00,559,46816,1,585.6375,GBP
2010-02-15 00:00:00,2010-02-18 00:00:00,559,46958,1,585.6375,GBP
2010-02-15 00:00:00,2010-02-18 00:00:00,559,53075,1,585.6375,USD
2010-02-15 00:00:00,2010-02-18 00:00:00,559,55947,1,585.6375,GBP
2010-02-15 00:00:00,2010-02-18 00:00:00,559,57432,1,585.6375,GBP
2010-02-15 00:00:00,2010-02-18 00:00:00,559,58318,1,585.6375,GBP
2010-02-15 00:00:00,2010-02-18 00:00:00,559,58401,1,585.6375,GBP
2010-02-15 00:00:00,2010-02-18 00:00:00,559,72023,1,585.6375,USD
2010-02-15 00:00:00,2010-02-18 00:00:00,559,76021,1,585.6375,USD
2010-02-15 00:00:00,2010-02-18 00:00:00,559,77381,1,585.6375,GBP
2010-02-15 00:00:00,2010-02-18 00:00:00,559,77573,1,585.6375,USD
2010-02-15 00:00:00,2010-02-18 00:00:00,559,77627,2,1171.275,GBP
2010-02-15 00:00:00,2010-02-18 00:00:00,559,82009,1,585.6375,GBP
2010-02-15 00:00:00,2010-02-18 00:00:00,559,85022,1,585.6375,USD
2010-02-15 00:00:00,2010-02-18 00:00:00,559,91306,1,600.6,USD
2010-02-15 00:00:00,2010-02-18 00:00:00,559,93063,1,600.6,GBP
2010-02-15 00:00:00,2010-02-18 00:00:00,559,93245,1,600.6,USD
2010-02-15 00:00:00,2010-02-18 00:00:00,559,95560,1,600.6,USD
2010-02-15 00:00:00,2010-02-18 00:00:00,559,95825,1,600.6,USD
2010-02-15 00:00:00,2010-02-18 00:00:00,573,01011,1,280.6125,GBP
2010-02-15 00:00:00,2010-02-18 00:00:00,573,02893,2,561.225,USD
2010-02-15 00:00:00,2010-02-18 00:00:00,573,06111,1,280.6125,GBP
2010-02-15 00:00:00,2010-02-18 00:00:00,573,06437,1,280.6125,USD
2010-02-15 00:00:00,2010-02-18 00:00:00,573,06516,1,280.6125,GBP
2010-02-15 00:00:00,2010-02-18 00:00:00,573,07015,1,280.6125,GBP
2010-02-15 00:00:00,2010-02-18 00:00:00,573,07302,1,280.6125,GBP
2010-02-15 00:00:00,2010-02-18 00:00:00,573,19804,1,280.6125,GBP
2010-02-15 00:00:00,2010-02-18 00:00:00,573,21087,1,280.6125,GBP
2010-02-15 00:00:00,2010-02-18 00:00:00,573,37076,1,280.6125,GBP
2010-02-15 00:00:00,2010-02-18 00:00:00,573,38506,1,280.6125,GBP
2010-02-15 00:00:00,2010-02-18 00:00:00,573,46350,1,280.6125,GBP
2010-02-15 00:00:00,2010-02-18 00:00:00,573,53073,1,280.6125,USD
2010-02-15 00:00:00,2010-02-18 00:00:00,573,53713,1,280.6125,GBP
2010-02-15 00:00:00,2010-02-18 00:00:00,573,67230,1,280.6125,USD
2010-02-15 00:00:00,2010-02-18 00:00:00,573,70053,1,280.6125,GBP
2010-02-15 00:00:00,2010-02-18 00:00:00,573,71106,1,280.6125,GBP
2010-02-15 00:00:00,2010-02-18 00:00:00,573,76063,1,280.6125,USD
2010-02-15 00:00:00,2010-02-18 00:00:00,573,92679,1,286.9125,USD
2010-02-15 00:00:00,2010-02-18 00:00:00,573,92866,1,286.9125,USD
2010-02-15 00:00:00,2010-02-18 00:00:00,573,95608,1,286.9125,USD
2010-02-15 00:00:00,2010-02-18 00:00:00,573,95843,1,286.9125,GBP
2010-02-15 00:00:00,2010-02-18 00:00:00,573,96002,1,286.9125,USD
2010-02-15 00:00:00,2010-02-18 00:00:00,574,90631,1,830.55,GBP
2010-02-15 00:00:00,2010-02-18 00:00:00,574,92227,1,830.55,GBP
2010-02-15 00:00:00,2010-02-18 00:00:00,574,92506,1,830.55,GBP
2010-02-15 00:00:00,2010-02-18 00:00:00,574,93651,1,830.55,USD
2010-02-15 00:00:00,2010-02-18 00:00:00,574,94804,1,830.55,GBP
2010-02-15 00:00:00,2010-02-18 00:00:00,574,94903,1,830.55,USD
2010-02-15 00:00:00,2010-02-18 00:00:00,574,95055,2,1661.1,USD
2010-02-15 00:00:00,2010-02-18 00:00:00,574,95062,1,830.55,USD
2010-02-15 00:00:00,2010-02-18 00:00:00,574,95762,2,1661.1,USD
2010-02-15 00:00:00,2010-02-18 00:00:00,580,02809,1,734.7375,USD
2010-02-15 00:00:00,2010-02-18 00:00:00,580,20874,1,734.7375,USD
2010-02-15 00:00:00,2010-02-18 00:00:00,580,32065,1,734.7375,GBP
2010-02-15 00:00:00,2010-02-18 00:00:00,580,34207,1,734.7375,USD
2010-02-15 00:00:00,2010-02-18 00:00:00,580,34232,1,734.7375,USD
2010-02-15 00:00:00,2010-02-18 00:00:00,580,41653,1,734.7375,GBP
2010-02-15 00:00:00,2010-02-18 00:00:00,580,47630,1,734.7375,USD
2010-02-15 00:00:00,2010-02-18 00:00:00,580,50003,1,734.7375,GBP
2010-02-15 00:00:00,2010-02-18 00:00:00,580,53143,1,734.7375,GBP
2010-02-15 00:00:00,2010-02-18 00:00:00,580,53549,1,734.7375,GBP
2010-02-15 00:00:00,2010-02-18 00:00:00,580,55381,1,734.7375,USD
2010-02-15 00:00:00,2010-02-18 00:00:00,580,56368,1,734.7375,USD
2010-02-15 00:00:00,2010-02-18 00:00:00,580,57064,1,734.7375,USD
2010-02-15 00:00:00,2010-02-18 00:00:00,580,57107,1,734.7375,USD
2010-02-15 00:00:00,2010-02-18 00:00:00,580,71429,1,734.7375,USD
2010-02-15 00:00:00,2010-02-18 00:00:00,580,75644,1,734.7375,USD
2010-02-15 00:00:00,2010-02-18 00:00:00,580,77354,1,734.7375,USD
2010-02-15 00:00:00,2010-02-18 00:00:00,580,78411,1,734.7375,USD
2010-02-15 00:00:00,2010-02-18 00:00:00,580,79705,1,734.7375,USD
2010-02-15 00:00:00,2010-02-18 00:00:00,580,91367,1,749.9625,GBP
2010-02-15 00:00:00,2010-02-18 00:00:00,580,92134,1,749.9625,USD
2010-02-15 00:00:00,2010-02-18 00:00:00,580,94558,1,749.9625,GBP
2010-02-15 00:00:00,2010-02-18 00:00:00,580,97218,1,734.7375,USD
2010-02-15 00:00:00,2010-02-18 00:00:00,580,99577,1,734.7375,GBP
2010-02-15 00:00:00,2010-02-18 00:00:00,596,02301,1,746.55,USD
2010-02-15 00:00:00,2010-02-18 00:00:00,596,02760,1,746.55,USD
2010-02-15 00:00:00,2010-02-18 00:00:00,596,06424,1,746.55,USD
2010-02-15 00:00:00,2010-02-18 00:00:00,596,07083,1,746.55,GBP
2010-02-15 00:00:00,2010-02-18 00:00:00,596,08690,1,746.55,USD
2010-02-15 00:00:00,2010-02-18 00:00:00,596,33417,1,746.55,GBP
2010-02-15 00:00:00,2010-02-18 00:00:00,596,36116,1,746.55,USD
2010-02-15 00:00:00,2010-02-18 00:00:00,596,37042,1,736.8375,GBP
2010-02-15 00:00:00,2010-02-18 00:00:00,596,46804,1,746.55,USD
2010-02-15 00:00:00,2010-02-18 00:00:00,596,52001,1,746.55,USD
2010-02-15 00:00:00,2010-02-18 00:00:00,596,53125,1,746.55,GBP
2010-02-15 00:00:00,2010-02-18 00:00:00,596,77088,1,746.55,GBP
2010-02-15 00:00:00,2010-02-18 00:00:00,596,77360,1,746.55,USD
2010-02-15 00:00:00,2010-02-18 00:00:00,596,77619,1,746.55,USD
2010-02-15 00:00:00,2010-02-18 00:00:00,596,83221,1,746.55,USD
2010-02-15 00:00:00,2010-02-18 00:00:00,596,92110,1,761.5125,GBP
2010-02-15 00:00:00,2010-02-18 00:00:00,597,34110,1,892.2375,GBP
2010-02-15 00:00:00,2010-02-18 00:00:00,597,38011,1,892.2375,USD
2010-02-15 00:00:00,2010-02-18 00:00:00,597,52802,1,892.2375,GBP
2010-02-15 00:00:00,2010-02-18 00:00:00,597,53150,1,892.2375,GBP
2010-02-15 00:00:00,2010-02-18 00:00:00,597,66618,1,892.2375,GBP
2010-02-15 00:00:00,2010-02-18 00:00:00,597,75022,1,892.2375,USD
2010-02-15 00:00:00,2010-02-18 00:00:00,597,78209,1,892.2375,GBP
2010-02-15 00:00:00,2010-02-18 00:00:00,597,90067,1,892.2375,USD
2010-02-15 00:00:00,2010-02-18 00:00:00,599,06611,1,753.6375,GBP
2010-02-15 00:00:00,2010-02-18 00:00:00,599,07656,1,753.6375,USD
2010-02-15 00:00:00,2010-02-18 00:00:00,599,08540,1,753.6375,GBP
2010-02-15 00:00:00,2010-02-18 00:00:00,599,08816,1,753.6375,GBP
2010-02-15 00:00:00,2010-02-18 00:00:00,599,19945,1,753.6375,GBP
2010-02-15 00:00:00,2010-02-18 00:00:00,599,21030,1,753.6375,GBP
2010-02-15 00:00:00,2010-02-18 00:00:00,599,21114,1,753.6375,USD
2010-02-15 00:00:00,2010-02-18 00:00:00,599,26101,1,753.6375,GBP
2010-02-15 00:00:00,2010-02-18 00:00:00,599,32712,1,753.6375,GBP
2010-02-15 00:00:00,2010-02-18 00:00:00,599,32725,1,753.6375,USD
2010-02-15 00:00:00,2010-02-18 00:00:00,599,34677,1,753.6375,GBP
2010-02-15 00:00:00,2010-02-18 00:00:00,599,37863,1,753.6375,GBP
2010-02-15 00:00:00,2010-02-18 00:00:00,599,40214,1,753.6375,GBP
2010-02-15 00:00:00,2010-02-18 00:00:00,599,42351,1,753.6375,USD
2010-02-15 00:00:00,2010-02-18 00:00:00,599,42501,1,753.6375,GBP
2010-02-15 00:00:00,2010-02-18 00:00:00,599,50014,1,753.6375,USD
2010-02-15 00:00:00,2010-02-18 00:00:00,599,50129,1,1507.275,GBP
2010-02-15 00:00:00,2010-02-18 00:00:00,599,50129,1,753.6375,USD
2010-02-15 00:00:00,2010-02-18 00:00:00,599,53095,1,753.6375,USD
2010-02-15 00:00:00,2010-02-18 00:00:00,599,53208,1,753.6375,GBP
2010-02-15 00:00:00,2010-02-18 00:00:00,599,54487,2,1507.275,GBP
2010-02-15 00:00:00,2010-02-18 00:00:00,599,56087,1,753.6375,USD
2010-02-15 00:00:00,2010-02-18 00:00:00,599,59602,1,753.6375,GBP
2010-02-15 00:00:00,2010-02-18 00:00:00,599,72722,1,753.6375,USD
2010-02-15 00:00:00,2010-02-18 00:00:00,599,75606,1,753.6375,USD
2010-02-15 00:00:00,2010-02-18 00:00:00,599,76180,1,753.6375,GBP
2010-02-15 00:00:00,2010-02-18 00:00:00,599,77077,1,753.6375,GBP
2010-02-15 00:00:00,2010-02-18 00:00:00,599,77092,1,753.6375,USD
2010-02-15 00:00:00,2010-02-18 00:00:00,599,77340,1,753.6375,USD
2010-02-15 00:00:00,2010-02-18 00:00:00,599,77520,1,753.6375,GBP
2010-02-15 00:00:00,2010-02-18 00:00:00,599,83706,1,753.6375,USD
2010-02-15 00:00:00,2010-02-18 00:00:00,599,85364,1,753.6375,USD
2010-02-15 00:00:00,2010-02-18 00:00:00,599,85712,1,753.6375,GBP
2010-02-15 00:00:00,2010-02-18 00:00:00,599,89123,1,753.6375,GBP
2010-02-15 00:00:00,2010-02-18 00:00:00,599,89509,1,753.6375,GBP
2010-02-15 00:00:00,2010-02-18 00:00:00,599,94061,1,753.6375,USD
2010-02-15 00:00:00,2010-02-18 00:00:00,599,95387,1,753.6375,USD
2010-02-15 00:00:00,2010-02-18 00:00:00,604,01092,1,461.7375,USD
2010-02-15 00:00:00,2010-02-18 00:00:00,604,01583,1,461.7375,USD
2010-02-15 00:00:00,2010-02-18 00:00:00,604,01590,1,461.7375,USD
2010-02-15 00:00:00,2010-02-18 00:00:00,604,01605,1,461.7375,GBP
2010-02-15 00:00:00,2010-02-18 00:00:00,604,02860,1,461.7375,USD
2010-02-15 00:00:00,2010-02-18 00:00:00,604,02878,1,461.7375,USD
2010-02-15 00:00:00,2010-02-18 00:00:00,604,06611,1,461.7375,USD
2010-02-15 00:00:00,2010-02-18 00:00:00,604,07065,1,461.7375,GBP
2010-02-15 00:00:00,2010-02-18 00:00:00,604,07110,1,461.7375,GBP
2010-02-15 00:00:00,2010-02-18 00:00:00,604,19973,1,461.7375,USD
2010-02-15 00:00:00,2010-02-18 00:00:00,604,20601,1,461.7375,USD
2010-02-15 00:00:00,2010-02-18 00:00:00,604,21034,1,461.7375,GBP
2010-02-15 00:00:00,2010-02-18 00:00:00,604,21401,1,461.7375,GBP
2010-02-15 00:00:00,2010-02-18 00:00:00,604,25541,1,461.7375,USD
2010-02-15 00:00:00,2010-02-18 00:00:00,604,25701,1,461.7375,GBP
2010-02-15 00:00:00,2010-02-18 00:00:00,604,29072,2,923.475,GBP
2010-02-15 00:00:00,2010-02-18 00:00:00,604,32236,1,455.175,USD
2010-02-15 00:00:00,2010-02-18 00:00:00,604,36117,1,461.7375,USD
2010-02-15 00:00:00,2010-02-18 00:00:00,604,37064,1,461.7375,USD
2010-02-15 00:00:00,2010-02-18 00:00:00,604,38134,1,461.7375,USD
2010-02-15 00:00:00,2010-02-18 00:00:00,604,38637,1,461.7375,USD
2010-02-15 00:00:00,2010-02-18 00:00:00,604,46236,1,923.475,USD
2010-02-15 00:00:00,2010-02-18 00:00:00,604,46392,1,461.7375,GBP
2010-02-15 00:00:00,2010-02-18 00:00:00,604,46514,1,3232.1625000000004,GBP
2010-02-15 00:00:00,2010-02-18 00:00:00,604,46514,1,461.7375,USD
2010-02-15 00:00:00,2010-02-18 00:00:00,604,46613,1,461.7375,GBP
2010-02-15 00:00:00,2010-02-18 00:00:00,604,46901,2,923.475,GBP
2010-02-15 00:00:00,2010-02-18 00:00:00,604,52501,2,923.475,USD
2010-02-15 00:00:00,2010-02-18 00:00:00,604,53040,1,461.7375,GBP
2010-02-15 00:00:00,2010-02-18 00:00:00,604,53129,1,461.7375,GBP
2010-02-15 00:00:00,2010-02-18 00:00:00,604,53221,1,461.7375,GBP
2010-02-15 00:00:00,2010-02-18 00:00:00,604,53405,1,461.7375,GBP
2010-02-15 00:00:00,2010-02-18 00:00:00,604,54141,1,461.7375,USD
2010-02-15 00:00:00,2010-02-18 00:00:00,604,54166,1,461.7375,GBP
2010-02-15 00:00:00,2010-02-18 00:00:00,604,54603,1,461.7375,GBP
2010-02-15 00:00:00,2010-02-18 00:00:00,604,54650,1,461.7375,USD
2010-02-15 00:00:00,2010-02-18 00:00:00,604,54660,1,461.7375,GBP
2010-02-15 00:00:00,2010-02-18 00:00:00,604,55038,1,461.7375,USD
2010-02-15 00:00:00,2010-02-18 00:00:00,604,55042,1,461.7375,USD
2010-02-15 00:00:00,2010-02-18 00:00:00,604,55106,1,461.7375,USD
2010-02-15 00:00:00,2010-02-18 00:00:00,604,55318,1,461.7375,USD
2010-02-15 00:00:00,2010-02-18 00:00:00,604,55811,1,461.7375,USD
2010-02-15 00:00:00,2010-02-18 00:00:00,604,56007,1,461.7375,GBP
2010-02-15 00:00:00,2010-02-18 00:00:00,604,58401,1,461.7375,GBP
2010-02-15 00:00:00,2010-02-18 00:00:00,604,58554,1,461.7375,GBP
2010-02-15 00:00:00,2010-02-18 00:00:00,604,59833,1,461.7375,GBP
2010-02-15 00:00:00,2010-02-18 00:00:00,604,63385,1,461.7375,GBP
2010-02-15 00:00:00,2010-02-18 00:00:00,604,63670,1,461.7375,USD
2010-02-15 00:00:00,2010-02-18 00:00:00,604,64012,1,461.7375,USD
2010-02-15 00:00:00,2010-02-18 00:00:00,604,69101,1,461.7375,GBP
2010-02-15 00:00:00,2010-02-18 00:00:00,604,70118,1,461.7375,GBP
2010-02-15 00:00:00,2010-02-18 00:00:00,604,75090,1,461.7375,GBP
2010-02-15 00:00:00,2010-02-18 00:00:00,604,75801,1,461.7375,USD
2010-02-15 00:00:00,2010-02-18 00:00:00,604,76116,1,461.7375,GBP
2010-02-15 00:00:00,2010-02-18 00:00:00,604,77018,1,461.7375,GBP
2010-02-15 00:00:00,2010-02-18 00:00:00,604,77064,1,461.7375,GBP
2010-02-15 00:00:00,2010-02-18 00:00:00,604,79339,1,461.7375,GBP
2010-02-15 00:00:00,2010-02-18 00:00:00,604,84058,1,461.7375,GBP
2010-02-15 00:00:00,2010-02-18 00:00:00,604,85022,2,923.475,GBP
2010-02-15 00:00:00,2010-02-18 00:00:00,604,91910,1,468.0375,GBP
2010-02-15 00:00:00,2010-02-18 00:00:00,604,92122,1,468.0375,GBP
2010-02-15 00:00:00,2010-02-18 00:00:00,604,92345,1,468.0375,GBP
2010-02-15 00:00:00,2010-02-18 00:00:00,604,93105,1,468.0375,USD
2010-02-15 00:00:00,2010-02-18 00:00:00,604,93301,1,468.0375,GBP
2010-02-15 00:00:00,2010-02-18 00:00:00,604,93930,1,468.0375,GBP
2010-02-15 00:00:00,2010-02-18 00:00:00,604,94102,1,468.0375,USD
2010-02-15 00:00:00,2010-02-18 00:00:00,604,95320,1,468.0375,GBP
2010-02-15 00:00:00,2010-02-18 00:00:00,604,95677,1,468.0375,GBP
2010-02-15 00:00:00,2010-02-18 00:00:00,606,02035,1,314.7375,USD
2010-02-15 00:00:00,2010-02-18 00:00:00,606,06076,1,314.7375,USD
2010-02-15 00:00:00,2010-02-18 00:00:00,606,08012,1,314.7375,USD
2010-02-15 00:00:00,2010-02-18 00:00:00,606,20688,1,314.7375,GBP
2010-02-15 00:00:00,2010-02-18 00:00:00,606,33805,1,314.7375,GBP
2010-02-15 00:00:00,2010-02-18 00:00:00,606,33881,1,314.7375,USD
2010-02-15 00:00:00,2010-02-18 00:00:00,606,36527,1,314.7375,USD
2010-02-15 00:00:00,2010-02-18 00:00:00,606,38135,1,314.7375,GBP
2010-02-15 00:00:00,2010-02-18 00:00:00,606,46112,1,314.7375,GBP
2010-02-15 00:00:00,2010-02-18 00:00:00,606,46530,1,314.7375,USD
2010-02-15 00:00:00,2010-02-18 00:00:00,606,47331,1,314.7375,USD
2010-02-15 00:00:00,2010-02-18 00:00:00,606,50702,1,314.7375,USD
2010-02-15 00:00:00,2010-02-18 00:00:00,606,53227,1,629.475,GBP
2010-02-15 00:00:00,2010-02-18 00:00:00,606,53227,1,629.475,USD
2010-02-15 00:00:00,2010-02-18 00:00:00,606,53913,1,629.475,GBP
2010-02-15 00:00:00,2010-02-18 00:00:00,606,53913,1,314.7375,USD
2010-02-15 00:00:00,2010-02-18 00:00:00,606,56401,1,314.7375,USD
2010-02-15 00:00:00,2010-02-18 00:00:00,606,57718,1,314.7375,GBP
2010-02-15 00:00:00,2010-02-18 00:00:00,606,63129,1,314.7375,GBP
2010-02-15 00:00:00,2010-02-18 00:00:00,606,64133,1,314.7375,GBP
2010-02-15 00:00:00,2010-02-18 00:00:00,606,72847,1,314.7375,USD
2010-02-15 00:00:00,2010-02-18 00:00:00,606,82601,1,314.7375,GBP
2010-02-15 00:00:00,2010-02-18 00:00:00,606,86401,1,314.7375,GBP
2010-02-15 00:00:00,2010-02-18 00:00:00,606,86442,1,314.7375,USD
2010-02-15 00:00:00,2010-02-18 00:00:00,606,93662,1,321.0375,USD
2010-02-15 00:00:00,2010-02-18 00:00:00,606,94530,1,321.0375,USD
2010-02-15 00:00:00,2010-02-18 00:00:00,606,95336,1,321.0375,USD
2010-02-15 00:00:00,2010-02-18 00:00:00,609,01095,1,778.8375,USD
2010-02-15 00:00:00,2010-02-18 00:00:00,609,01201,1,778.8375,USD
2010-02-15 00:00:00,2010-02-18 00:00:00,609,06093,1,778.8375,USD
2010-02-15 00:00:00,2010-02-18 00:00:00,609,06340,1,778.8375,USD
2010-02-15 00:00:00,2010-02-18 00:00:00,609,06478,1,778.8375,USD
2010-02-15 00:00:00,2010-02-18 00:00:00,609,06902,1,778.8375,GBP
2010-02-15 00:00:00,2010-02-18 00:00:00,609,07405,1,778.8375,USD
2010-02-15 00:00:00,2010-02-18 00:00:00,609,07675,1,778.8375,USD
2010-02-15 00:00:00,2010-02-18 00:00:00,609,08021,1,778.8375,USD
2010-02-15 00:00:00,2010-02-18 00:00:00,609,08863,1,778.8375,USD
2010-02-15 00:00:00,2010-02-18 00:00:00,609,19711,1,778.8375,USD
2010-02-15 00:00:00,2010-02-18 00:00:00,609,26159,1,778.8375,USD
2010-02-15 00:00:00,2010-02-18 00:00:00,609,26378,1,778.8375,USD
2010-02-15 00:00:00,2010-02-18 00:00:00,609,29572,1,778.8375,USD
2010-02-15 00:00:00,2010-02-18 00:00:00,609,29926,1,778.8375,GBP
2010-02-15 00:00:00,2010-02-18 00:00:00,609,32505,1,778.8375,USD
2010-02-15 00:00:00,2010-02-18 00:00:00,609,32713,1,778.8375,USD
2010-02-15 00:00:00,2010-02-18 00:00:00,609,33175,1,778.8375,GBP
2010-02-15 00:00:00,2010-02-18 00:00:00,609,34109,1,778.8375,USD
2010-02-15 00:00:00,2010-02-18 00:00:00,609,34242,1,778.8375,USD
2010-02-15 00:00:00,2010-02-18 00:00:00,609,34746,1,778.8375,USD
2010-02-15 00:00:00,2010-02-18 00:00:00,609,35405,1,778.8375,USD
2010-02-15 00:00:00,2010-02-18 00:00:00,609,37042,1,778.8375,USD
2010-02-15 00:00:00,2010-02-18 00:00:00,609,37920,1,766.2375,GBP
2010-02-15 00:00:00,2010-02-18 00:00:00,609,38117,1,778.8375,USD
2010-02-15 00:00:00,2010-02-18 00:00:00,609,40272,1,778.8375,GBP
2010-02-15 00:00:00,2010-02-18 00:00:00,609,40505,1,778.8375,USD
2010-02-15 00:00:00,2010-02-18 00:00:00,609,41063,1,778.8375,USD
2010-02-15 00:00:00,2010-02-18 00:00:00,609,46236,1,1557.675,USD
2010-02-15 00:00:00,2010-02-18 00:00:00,609,46514,1,1557.675,GBP
2010-02-15 00:00:00,2010-02-18 00:00:00,609,46514,1,1557.675,USD
2010-02-15 00:00:00,2010-02-18 00:00:00,609,46540,1,778.8375,GBP
2010-02-15 00:00:00,2010-02-18 00:00:00,609,46561,1,778.8375,USD
2010-02-15 00:00:00,2010-02-18 00:00:00,609,46563,1,778.8375,GBP
2010-02-15 00:00:00,2010-02-18 00:00:00,609,46818,1,778.8375,GBP
2010-02-15 00:00:00,2010-02-18 00:00:00,609,47807,1,778.8375,USD
2010-02-15 00:00:00,2010-02-18 00:00:00,609,50010,1,778.8375,GBP
2010-02-15 00:00:00,2010-02-18 00:00:00,609,51360,2,1557.675,USD
2010-02-15 00:00:00,2010-02-18 00:00:00,609,52172,1,778.8375,GBP
2010-02-15 00:00:00,2010-02-18 00:00:00,609,52241,1,778.8375,USD
2010-02-15 00:00:00,2010-02-18 00:00:00,609,52322,1,778.8375,GBP
2010-02-15 00:00:00,2010-02-18 00:00:00,609,53103,1,778.8375,GBP
2010-02-15 00:00:00,2010-02-18 00:00:00,609,53221,2,1557.675,USD
2010-02-15 00:00:00,2010-02-18 00:00:00,609,53225,1,3894.1875,GBP
2010-02-15 00:00:00,2010-02-18 00:00:00,609,53225,1,3115.35,USD
2010-02-15 00:00:00,2010-02-18 00:00:00,609,54467,1,778.8375,GBP
2010-02-15 00:00:00,2010-02-18 00:00:00,609,54615,1,778.8375,USD
2010-02-15 00:00:00,2010-02-18 00:00:00,609,55021,1,778.8375,USD
2010-02-15 00:00:00,2010-02-18 00:00:00,609,55122,1,778.8375,GBP
2010-02-15 00:00:00,2010-02-18 00:00:00,609,56031,1,778.8375,USD
2010-02-15 00:00:00,2010-02-18 00:00:00,609,57201,2,1557.675,GBP
2010-02-15 00:00:00,2010-02-18 00:00:00,609,58249,1,778.8375,USD
2010-02-15 00:00:00,2010-02-18 00:00:00,609,58554,1,778.8375,USD
2010-02-15 00:00:00,2010-02-18 00:00:00,609,59401,1,778.8375,GBP
2010-02-15 00:00:00,2010-02-18 00:00:00,609,59501,1,778.8375,USD
2010-02-15 00:00:00,2010-02-18 00:00:00,609,63017,1,778.8375,GBP
2010-02-15 00:00:00,2010-02-18 00:00:00,609,64068,1,778.8375,GBP
2010-02-15 00:00:00,2010-02-18 00:00:00,609,71301,1,778.8375,USD
2010-02-15 00:00:00,2010-02-18 00:00:00,609,71360,1,778.8375,GBP
2010-02-15 00:00:00,2010-02-18 00:00:00,609,72209,1,778.8375,GBP
2010-02-15 00:00:00,2010-02-18 00:00:00,609,72401,1,778.8375,USD
2010-02-15 00:00:00,2010-02-18 00:00:00,609,72936,1,778.8375,GBP
2010-02-15 00:00:00,2010-02-18 00:00:00,609,73096,1,766.2375,GBP
2010-02-15 00:00:00,2010-02-18 00:00:00,609,73501,1,778.8375,USD
2010-02-15 00:00:00,2010-02-18 00:00:00,609,75067,1,778.8375,GBP
2010-02-15 00:00:00,2010-02-18 00:00:00,609,75227,1,778.8375,GBP
2010-02-15 00:00:00,2010-02-18 00:00:00,609,75460,2,1557.675,GBP
2010-02-15 00:00:00,2010-02-18 00:00:00,609,75644,1,778.8375,USD
2010-02-15 00:00:00,2010-02-18 00:00:00,609,77450,1,778.8375,USD
2010-02-15 00:00:00,2010-02-18 00:00:00,609,82501,1,778.8375,USD
2010-02-15 00:00:00,2010-02-18 00:00:00,609,84067,1,778.8375,GBP
2010-02-15 00:00:00,2010-02-18 00:00:00,609,85022,1,778.8375,USD
2010-02-15 00:00:00,2010-02-18 00:00:00,609,85259,1,778.8375,USD
2010-02-15 00:00:00,2010-02-18 00:00:00,609,89103,2,1588.125,GBP
2010-02-15 00:00:00,2010-02-18 00:00:00,609,89121,1,778.8375,GBP
2010-02-15 00:00:00,2010-02-18 00:00:00,609,91752,1,794.0625,GBP
2010-02-15 00:00:00,2010-02-18 00:00:00,609,92054,1,794.0625,USD
2010-02-15 00:00:00,2010-02-18 00:00:00,609,92504,1,794.0625,GBP
2010-02-15 00:00:00,2010-02-18 00:00:00,609,92691,2,1588.125,GBP
2010-02-15 00:00:00,2010-02-18 00:00:00,609,93245,1,778.8375,USD
2010-02-15 00:00:00,2010-02-18 00:00:00,609,94621,1,794.0625,GBP
2010-02-15 00:00:00,2010-02-18 00:00:00,609,95062,1,794.0625,GBP
2010-02-15 00:00:00,2010-02-18 00:00:00,609,95070,1,794.0625,USD
2010-02-15 00:00:00,2010-02-18 00:00:00,609,95202,1,794.0625,GBP
2010-02-15 00:00:00,2010-02-18 00:00:00,609,95351,1,794.0625,GBP
2010-02-15 00:00:00,2010-02-18 00:00:00,609,95356,1,794.0625,USD
2010-02-15 00:00:00,2010-02-18 00:00:00,609,95472,1,794.0625,GBP
2010-02-15 00:00:00,2010-02-18 00:00:00,609,97405,1,778.8375,GBP
2010-02-15 00:00:00,2010-02-18 00:00:00,609,97431,1,794.0625,GBP
2010-02-15 00:00:00,2010-02-18 00:00:00,609,99509,1,778.8375,GBP
2010-02-15 00:00:00,2010-02-18 00:00:00,609,99517,1,778.8375,GBP
2010-02-15 00:00:00,2010-02-18 00:00:00,631,01746,1,346.2375,GBP
2010-02-15 00:00:00,2010-02-18 00:00:00,631,07430,1,346.2375,GBP
2010-02-15 00:00:00,2010-02-18 00:00:00,631,08010,1,346.2375,USD
2010-02-15 00:00:00,2010-02-18 00:00:00,631,08065,1,346.2375,GBP
2010-02-15 00:00:00,2010-02-18 00:00:00,631,19807,1,346.2375,USD
2010-02-15 00:00:00,2010-02-18 00:00:00,631,20001,1,346.2375,USD
2010-02-15 00:00:00,2010-02-18 00:00:00,631,33442,1,346.2375,GBP
2010-02-15 00:00:00,2010-02-18 00:00:00,631,34292,1,346.2375,GBP
2010-02-15 00:00:00,2010-02-18 00:00:00,631,35758,1,346.2375,USD
2010-02-15 00:00:00,2010-02-18 00:00:00,631,37130,1,346.2375,GBP
2010-02-15 00:00:00,2010-02-18 00:00:00,631,50126,1,346.2375,GBP
2010-02-15 00:00:00,2010-02-18 00:00:00,631,52233,1,346.2375,USD
2010-02-15 00:00:00,2010-02-18 00:00:00,631,52773,1,346.2375,GBP
2010-02-15 00:00:00,2010-02-18 00:00:00,631,55330,1,346.2375,USD
2010-02-15 00:00:00,2010-02-18 00:00:00,631,56001,1,346.2375,USD
2010-02-15 00:00:00,2010-02-18 00:00:00,631,56007,1,346.2375,USD
2010-02-15 00:00:00,2010-02-18 00:00:00,631,77039,1,346.2375,GBP
2010-02-15 00:00:00,2010-02-18 00:00:00,631,83651,1,346.2375,USD
2010-02-15 00:00:00,2010-02-18 00:00:00,631,85735,1,346.2375,GBP
2010-02-15 00:00:00,2010-02-18 00:00:00,631,89108,1,346.2375,USD
2010-02-15 00:00:00,2010-02-18 00:00:00,631,94558,1,352.5375,USD
2010-02-15 00:00:00,2010-02-18 00:00:00,645,02368,1,746.55,GBP
2010-02-15 00:00:00,2010-02-18 00:00:00,645,06385,1,746.55,USD
2010-02-15 00:00:00,2010-02-18 00:00:00,645,21053,1,746.55,GBP
2010-02-15 00:00:00,2010-02-18 00:00:00,645,24740,1,746.55,GBP
2010-02-15 00:00:00,2010-02-18 00:00:00,645,29626,1,746.55,USD
2010-02-15 00:00:00,2010-02-18 00:00:00,645,33756,1,746.55,USD
2010-02-15 00:00:00,2010-02-18 00:00:00,645,46064,1,746.55,GBP
2010-02-15 00:00:00,2010-02-18 00:00:00,645,46227,1,746.55,GBP
2010-02-15 00:00:00,2010-02-18 00:00:00,645,46574,1,746.55,USD
2010-02-15 00:00:00,2010-02-18 00:00:00,645,46617,1,746.55,USD
2010-02-15 00:00:00,2010-02-18 00:00:00,645,64070,1,746.55,GBP
2010-02-15 00:00:00,2010-02-18 00:00:00,645,83202,1,746.55,USD
2010-02-15 00:00:00,2010-02-18 00:00:00,645,89121,1,746.55,GBP
2010-02-15 00:00:00,2010-02-18 00:00:00,645,89706,1,746.55,USD
2010-02-15 00:00:00,2010-02-18 00:00:00,645,90713,1,761.5125,GBP
2010-02-15 00:00:00,2010-02-18 00:00:00,645,91321,1,761.5125,GBP
2010-02-15 00:00:00,2010-02-18 00:00:00,645,95376,1,761.5125,USD
2010-02-15 00:00:00,2010-02-18 00:00:00,645,97146,1,746.55,USD
2010-02-15 00:00:00,2010-02-18 00:00:00,658,01453,1,902.7375,GBP
2010-02-15 00:00:00,2010-02-18 00:00:00,658,07417,1,902.7375,USD
2010-02-15 00:00:00,2010-02-18 00:00:00,658,08010,1,902.7375,GBP
2010-02-15 00:00:00,2010-02-18 00:00:00,658,38119,1,902.7375,USD
2010-02-15 00:00:00,2010-02-18 00:00:00,658,46516,1,902.7375,GBP
2010-02-15 00:00:00,2010-02-18 00:00:00,658,46902,1,902.7375,USD
2010-02-15 00:00:00,2010-02-18 00:00:00,658,54703,1,902.7375,USD
2010-02-15 00:00:00,2010-02-18 00:00:00,658,63026,2,1805.475,USD
2010-02-15 00:00:00,2010-02-18 00:00:00,658,77532,1,902.7375,GBP
2010-02-15 00:00:00,2010-02-18 00:00:00,658,87505,1,902.7375,USD
2010-02-15 00:00:00,2010-02-18 00:00:00,658,88210,1,902.7375,USD
2010-02-15 00:00:00,2010-02-18 00:00:00,658,90265,1,902.7375,USD
2010-02-15 00:00:00,2010-02-18 00:00:00,663,08723,1,765.45,USD
2010-02-15 00:00:00,2010-02-18 00:00:00,663,38010,1,765.45,GBP
2010-02-15 00:00:00,2010-02-18 00:00:00,663,41076,1,765.45,USD
2010-02-15 00:00:00,2010-02-18 00:00:00,663,46714,1,765.45,GBP
2010-02-15 00:00:00,2010-02-18 00:00:00,663,47366,1,765.45,GBP
2010-02-15 00:00:00,2010-02-18 00:00:00,663,50166,1,765.45,GBP
2010-02-15 00:00:00,2010-02-18 00:00:00,663,53081,1,765.45,USD
2010-02-15 00:00:00,2010-02-18 00:00:00,663,53215,1,765.45,USD
2010-02-15 00:00:00,2010-02-18 00:00:00,663,70058,1,765.45,USD
2010-02-15 00:00:00,2010-02-18 00:00:00,676,01501,1,801.9375,GBP
2010-02-15 00:00:00,2010-02-18 00:00:00,676,02860,1,801.9375,USD
2010-02-15 00:00:00,2010-02-18 00:00:00,676,06043,1,801.9375,GBP
2010-02-15 00:00:00,2010-02-18 00:00:00,676,06412,1,801.9375,USD
2010-02-15 00:00:00,2010-02-18 00:00:00,676,08016,1,801.9375,USD
2010-02-15 00:00:00,2010-02-18 00:00:00,676,08904,1,801.9375,USD
2010-02-15 00:00:00,2010-02-18 00:00:00,676,19720,2,1603.875,GBP
2010-02-15 00:00:00,2010-02-18 00:00:00,676,19973,1,801.9375,USD
2010-02-15 00:00:00,2010-02-18 00:00:00,676,20879,1,801.9375,USD
2010-02-15 00:00:00,2010-02-18 00:00:00,676,21244,1,801.9375,USD
2010-02-15 00:00:00,2010-02-18 00:00:00,676,25303,1,801.9375,USD
2010-02-15 00:00:00,2010-02-18 00:00:00,676,26554,2,1603.875,GBP
2010-02-15 00:00:00,2010-02-18 00:00:00,676,29640,1,801.9375,USD
2010-02-15 00:00:00,2010-02-18 00:00:00,676,32225,1,801.9375,GBP
2010-02-15 00:00:00,2010-02-18 00:00:00,676,32940,1,801.9375,GBP
2010-02-15 00:00:00,2010-02-18 00:00:00,676,33410,1,801.9375,USD
2010-02-15 00:00:00,2010-02-18 00:00:00,676,33418,1,801.9375,USD
2010-02-15 00:00:00,2010-02-18 00:00:00,676,33777,1,801.9375,GBP
2010-02-15 00:00:00,2010-02-18 00:00:00,676,35214,1,801.9375,GBP
2010-02-15 00:00:00,2010-02-18 00:00:00,676,40215,1,801.9375,GBP
2010-02-15 00:00:00,2010-02-18 00:00:00,676,40215,1,1603.875,USD
2010-02-15 00:00:00,2010-02-18 00:00:00,676,40223,1,801.9375,GBP
2010-02-15 00:00:00,2010-02-18 00:00:00,676,40472,1,3207.75,GBP
2010-02-15 00:00:00,2010-02-18 00:00:00,676,40472,1,1603.875,USD
2010-02-15 00:00:00,2010-02-18 00:00:00,676,41017,1,801.9375,GBP
2010-02-15 00:00:00,2010-02-18 00:00:00,676,42141,1,801.9375,USD
2010-02-15 00:00:00,2010-02-18 00:00:00,676,46240,1,801.9375,GBP
2010-02-15 00:00:00,2010-02-18 00:00:00,676,46514,4,12831,GBP
2010-02-15 00:00:00,2010-02-18 00:00:00,676,46514,4,9623.25,USD
2010-02-15 00:00:00,2010-02-18 00:00:00,676,46952,1,801.9375,USD
2010-02-15 00:00:00,2010-02-18 00:00:00,676,46996,1,801.9375,USD
2010-02-15 00:00:00,2010-02-18 00:00:00,676,47304,1,801.9375,USD
2010-02-15 00:00:00,2010-02-18 00:00:00,676,47630,1,801.9375,USD
2010-02-15 00:00:00,2010-02-18 00:00:00,676,47804,1,8821.3125,GBP
2010-02-15 00:00:00,2010-02-18 00:00:00,676,47804,1,4811.625,USD
2010-02-15 00:00:00,2010-02-18 00:00:00,676,47960,1,801.9375,USD
2010-02-15 00:00:00,2010-02-18 00:00:00,676,50401,1,801.9375,USD
2010-02-15 00:00:00,2010-02-18 00:00:00,676,51105,1,801.9375,USD
2010-02-15 00:00:00,2010-02-18 00:00:00,676,52172,1,801.9375,USD
2010-02-15 00:00:00,2010-02-18 00:00:00,676,53225,1,3207.75,GBP
2010-02-15 00:00:00,2010-02-18 00:00:00,676,53225,1,1603.875,USD
2010-02-15 00:00:00,2010-02-18 00:00:00,676,53227,1,801.9375,USD
2010-02-15 00:00:00,2010-02-18 00:00:00,676,53545,1,801.9375,USD
2010-02-15 00:00:00,2010-02-18 00:00:00,676,54140,1,801.9375,USD
2010-02-15 00:00:00,2010-02-18 00:00:00,676,55021,1,801.9375,USD
2010-02-15 00:00:00,2010-02-18 00:00:00,676,55317,1,801.9375,USD
2010-02-15 00:00:00,2010-02-18 00:00:00,676,55350,1,801.9375,USD
2010-02-15 00:00:00,2010-02-18 00:00:00,676,55408,1,801.9375,USD
2010-02-15 00:00:00,2010-02-18 00:00:00,676,56273,1,801.9375,USD
2010-02-15 00:00:00,2010-02-18 00:00:00,676,58701,1,801.9375,USD
2010-02-15 00:00:00,2010-02-18 00:00:00,676,63401,1,801.9375,GBP
2010-02-15 00:00:00,2010-02-18 00:00:00,676,65804,1,801.9375,GBP
2010-02-15 00:00:00,2010-02-18 00:00:00,676,74114,1,801.9375,USD
2010-02-15 00:00:00,2010-02-18 00:00:00,676,75436,1,801.9375,USD
2010-02-15 00:00:00,2010-02-18 00:00:00,676,75479,1,801.9375,GBP
2010-02-15 00:00:00,2010-02-18 00:00:00,676,75605,2,1603.875,GBP
2010-02-15 00:00:00,2010-02-18 00:00:00,676,76107,1,801.9375,GBP
2010-02-15 00:00:00,2010-02-18 00:00:00,676,84115,1,801.9375,USD
2010-02-15 00:00:00,2010-02-18 00:00:00,676,85043,2,1603.875,GBP
2010-02-15 00:00:00,2010-02-18 00:00:00,676,85234,1,801.9375,GBP
2010-02-15 00:00:00,2010-02-18 00:00:00,676,88201,1,801.9375,USD
2010-02-15 00:00:00,2010-02-18 00:00:00,676,89701,1,801.9375,GBP
2010-02-15 00:00:00,2010-02-18 00:00:00,676,91101,1,816.9,GBP
2010-02-15 00:00:00,2010-02-18 00:00:00,676,91355,1,816.9,GBP
2010-02-15 00:00:00,2010-02-18 00:00:00,676,92024,1,816.9,USD
2010-02-15 00:00:00,2010-02-18 00:00:00,676,92111,1,816.9,USD
2010-02-15 00:00:00,2010-02-18 00:00:00,676,92503,1,816.9,USD
2010-02-15 00:00:00,2010-02-18 00:00:00,676,92561,1,816.9,USD
2010-02-15 00:00:00,2010-02-18 00:00:00,676,92583,1,816.9,USD
2010-02-15 00:00:00,2010-02-18 00:00:00,676,92705,1,816.9,USD
2010-02-15 00:00:00,2010-02-18 00:00:00,676,92821,1,816.9,USD
2010-02-15 00:00:00,2010-02-18 00:00:00,676,92869,1,816.9,USD
2010-02-15 00:00:00,2010-02-18 00:00:00,676,93010,2,1633.8,USD
2010-02-15 00:00:00,2010-02-18 00:00:00,676,93292,2,1633.8,USD
2010-02-15 00:00:00,2010-02-18 00:00:00,676,94546,1,816.9,USD
2010-02-15 00:00:00,2010-02-18 00:00:00,676,94901,1,816.9,USD
2010-02-15 00:00:00,2010-02-18 00:00:00,676,95677,2,1633.8,USD
2010-02-15 00:00:00,2010-02-18 00:00:00,676,95826,1,816.9,USD
2010-02-15 00:00:00,2010-02-18 00:00:00,676,97229,1,801.9375,USD
2010-02-15 00:00:00,2010-02-18 00:00:00,676,97267,1,801.9375,USD
2010-02-15 00:00:00,2010-02-18 00:00:00,676,97402,1,801.9375,USD
2010-02-15 00:00:00,2010-02-18 00:00:00,681,06468,1,629.7375,USD
2010-02-15 00:00:00,2010-02-18 00:00:00,681,21012,1,629.7375,USD
2010-02-15 00:00:00,2010-02-18 00:00:00,681,29745,1,629.7375,USD
2010-02-15 00:00:00,2010-02-18 00:00:00,681,33584,1,629.7375,USD
2010-02-15 00:00:00,2010-02-18 00:00:00,681,33809,1,629.7375,USD
2010-02-15 00:00:00,2010-02-18 00:00:00,681,34601,1,629.7375,USD
2010-02-15 00:00:00,2010-02-18 00:00:00,681,47885,1,629.7375,USD
2010-02-15 00:00:00,2010-02-18 00:00:00,681,51249,1,629.7375,USD
2010-02-15 00:00:00,2010-02-18 00:00:00,681,53045,1,629.7375,USD
2010-02-15 00:00:00,2010-02-18 00:00:00,681,73160,1,629.7375,GBP
2010-02-15 00:00:00,2010-02-18 00:00:00,681,74735,1,629.7375,USD
2010-02-15 00:00:00,2010-02-18 00:00:00,681,77080,1,629.7375,USD
2010-02-15 00:00:00,2010-02-18 00:00:00,681,79714,1,629.7375,GBP
2010-02-15 00:00:00,2010-02-18 00:00:00,681,82301,1,629.7375,USD
2010-02-15 00:00:00,2010-02-18 00:00:00,681,86401,1,629.7375,USD
2010-02-15 00:00:00,2010-02-18 00:00:00,681,87710,1,629.7375,USD
2010-02-15 00:00:00,2010-02-18 00:00:00,681,89802,1,629.7375,USD
2010-02-15 00:00:00,2010-02-18 00:00:00,681,92802,1,644.9625,USD
2010-02-15 00:00:00,2010-02-18 00:00:00,681,93312,1,644.9625,GBP
2010-02-15 00:00:00,2010-02-18 00:00:00,681,94043,1,644.9625,USD
2010-02-15 00:00:00,2010-02-18 00:00:00,681,95482,1,644.9625,GBP
2010-02-15 00:00:00,2010-02-18 00:00:00,681,95758,1,644.9625,USD
2010-02-15 00:00:00,2010-02-18 00:00:00,681,97221,1,644.9625,USD
2010-02-15 00:00:00,2010-02-18 00:00:00,683,20677,1,788.025,GBP
2010-02-15 00:00:00,2010-02-18 00:00:00,683,21037,1,788.025,GBP
2010-02-15 00:00:00,2010-02-18 00:00:00,683,21037,1,788.025,USD
2010-02-15 00:00:00,2010-02-18 00:00:00,683,21220,1,788.025,USD
2010-02-15 00:00:00,2010-02-18 00:00:00,683,29073,1,788.025,GBP
2010-02-15 00:00:00,2010-02-18 00:00:00,683,34103,1,788.025,USD
2010-02-15 00:00:00,2010-02-18 00:00:00,683,57718,1,788.025,USD
2010-02-15 00:00:00,2010-02-18 00:00:00,683,95404,1,803.25,GBP
2010-02-15 00:00:00,2010-02-18 00:00:00,683,97070,1,788.025,GBP
2010-02-15 00:00:00,2010-02-18 00:00:00,687,33043,1,445.9875,GBP
2010-02-15 00:00:00,2010-02-18 00:00:00,687,47326,1,445.9875,USD
2010-02-15 00:00:00,2010-02-18 00:00:00,687,55017,1,445.9875,GBP
2010-02-15 00:00:00,2010-02-18 00:00:00,687,55117,1,445.9875,USD
2010-02-15 00:00:00,2010-02-18 00:00:00,687,79721,1,445.9875,GBP
2010-02-15 00:00:00,2010-02-18 00:00:00,687,95062,1,452.2875,USD
2010-02-15 00:00:00,2010-02-18 00:00:00,702,57032,1,286.0725,GBP
2010-02-15 00:00:00,2010-02-18 00:00:00,702,87114,1,286.0725,GBP
2010-02-15 00:00:00,2010-02-18 00:00:00,702,91362,1,286.0725,GBP
2010-02-15 00:00:00,2010-02-18 00:00:00,713,21133,1,160.0725,USD
2010-02-15 00:00:00,2010-02-18 00:00:00,713,29212,1,160.0725,USD
2010-02-15 00:00:00,2010-02-18 00:00:00,713,37069,1,160.0725,USD
2010-02-15 00:00:00,2010-02-18 00:00:00,713,46902,1,160.0725,USD
2010-02-15 00:00:00,2010-02-18 00:00:00,713,92663,1,160.0725,GBP
2010-02-15 00:00:00,2010-02-18 00:00:00,713,93651,2,320.145,USD
2010-02-15 00:00:00,2010-02-18 00:00:00,713,97355,1,160.0725,USD
2010-02-15 00:00:00,2010-02-18 00:00:00,714,21133,1,160.0725,GBP
2010-02-15 00:00:00,2010-02-18 00:00:00,714,29078,1,160.0725,GBP
2010-02-15 00:00:00,2010-02-18 00:00:00,714,29212,1,160.0725,USD
2010-02-15 00:00:00,2010-02-18 00:00:00,714,37069,1,160.0725,GBP
2010-02-15 00:00:00,2010-02-18 00:00:00,714,37323,1,160.0725,GBP
2010-02-15 00:00:00,2010-02-18 00:00:00,714,50320,1,160.0725,GBP
2010-02-15 00:00:00,2010-02-18 00:00:00,714,76302,1,160.0725,GBP
2010-02-15 00:00:00,2010-02-18 00:00:00,714,85254,1,160.0725,GBP
2010-02-15 00:00:00,2010-02-18 00:00:00,714,92392,1,160.0725,USD
2010-02-15 00:00:00,2010-02-18 00:00:00,714,93546,1,160.0725,USD
2010-02-15 00:00:00,2010-02-18 00:00:00,714,97355,1,160.0725,GBP
2010-02-15 00:00:00,2010-02-18 00:00:00,725,03431,1,115.4475,USD
2010-02-15 00:00:00,2010-02-18 00:00:00,725,07004,1,115.4475,GBP
2010-02-15 00:00:00,2010-02-18 00:00:00,725,08505,1,115.4475,GBP
2010-02-15 00:00:00,2010-02-18 00:00:00,725,21214,1,115.4475,GBP
2010-02-15 00:00:00,2010-02-18 00:00:00,725,26444,1,115.4475,USD
2010-02-15 00:00:00,2010-02-18 00:00:00,725,29605,1,115.4475,GBP
2010-02-15 00:00:00,2010-02-18 00:00:00,725,29681,1,115.4475,GBP
2010-02-15 00:00:00,2010-02-18 00:00:00,725,42058,1,115.4475,GBP
2010-02-15 00:00:00,2010-02-18 00:00:00,725,46349,1,115.4475,USD
2010-02-15 00:00:00,2010-02-18 00:00:00,725,47551,1,923.58,GBP
2010-02-15 00:00:00,2010-02-18 00:00:00,725,47551,1,346.34250000000003,USD
2010-02-15 00:00:00,2010-02-18 00:00:00,725,47978,1,115.4475,GBP
2010-02-15 00:00:00,2010-02-18 00:00:00,725,51503,1,115.4475,GBP
2010-02-15 00:00:00,2010-02-18 00:00:00,725,51503,1,115.4475,USD
2010-02-15 00:00:00,2010-02-18 00:00:00,725,63636,1,115.4475,USD
2010-02-15 00:00:00,2010-02-18 00:00:00,725,71423,1,115.4475,USD
2010-02-15 00:00:00,2010-02-18 00:00:00,725,74014,1,115.4475,GBP
2010-02-15 00:00:00,2010-02-18 00:00:00,725,74030,1,115.4475,GBP
2010-02-15 00:00:00,2010-02-18 00:00:00,725,74948,1,115.4475,GBP
2010-02-15 00:00:00,2010-02-18 00:00:00,725,85205,1,115.4475,GBP
2010-02-15 00:00:00,2010-02-18 00:00:00,725,86045,1,115.4475,GBP
2010-02-15 00:00:00,2010-02-18 00:00:00,725,93103,1,115.4475,USD
2010-02-15 00:00:00,2010-02-18 00:00:00,725,93268,1,115.4475,GBP
2010-02-15 00:00:00,2010-02-18 00:00:00,725,93274,1,115.4475,USD
2010-02-15 00:00:00,2010-02-18 00:00:00,725,94103,1,115.4475,GBP
2010-02-15 00:00:00,2010-02-18 00:00:00,725,97009,1,115.4475,GBP
2010-02-15 00:00:00,2010-02-18 00:00:00,725,97108,1,115.4475,GBP
2010-02-15 00:00:00,2010-02-18 00:00:00,726,02360,1,115.4475,USD
2010-02-15 00:00:00,2010-02-18 00:00:00,726,06420,1,115.4475,GBP
2010-02-15 00:00:00,2010-02-18 00:00:00,726,21403,1,115.4475,GBP
2010-02-15 00:00:00,2010-02-18 00:00:00,726,21826,1,115.4475,USD
2010-02-15 00:00:00,2010-02-18 00:00:00,726,29710,1,115.4475,USD
2010-02-15 00:00:00,2010-02-18 00:00:00,726,35071,1,115.4475,USD
2010-02-15 00:00:00,2010-02-18 00:00:00,726,37129,1,115.4475,USD
2010-02-15 00:00:00,2010-02-18 00:00:00,726,38053,1,115.4475,GBP
2010-02-15 00:00:00,2010-02-18 00:00:00,726,39320,1,115.4475,USD
2010-02-15 00:00:00,2010-02-18 00:00:00,726,47551,1,692.6850000000001,GBP
2010-02-15 00:00:00,2010-02-18 00:00:00,726,47551,1,461.79,USD
2010-02-15 00:00:00,2010-02-18 00:00:00,726,56347,1,115.4475,GBP
2010-02-15 00:00:00,2010-02-18 00:00:00,726,57785,1,115.4475,USD
2010-02-15 00:00:00,2010-02-18 00:00:00,726,64029,1,115.4475,GBP
2010-02-15 00:00:00,2010-02-18 00:00:00,726,72118,1,115.4475,USD
2010-02-15 00:00:00,2010-02-18 00:00:00,726,74014,1,115.4475,GBP
2010-02-15 00:00:00,2010-02-18 00:00:00,726,76262,1,115.4475,GBP
2010-02-15 00:00:00,2010-02-18 00:00:00,726,77355,1,115.4475,GBP
2010-02-15 00:00:00,2010-02-18 00:00:00,726,83401,1,115.4475,USD
2010-02-15 00:00:00,2010-02-18 00:00:00,726,85650,1,115.4475,GBP
2010-02-15 00:00:00,2010-02-18 00:00:00,726,91384,1,115.4475,GBP
2010-02-15 00:00:00,2010-02-18 00:00:00,726,91773,1,115.4475,GBP
2010-02-15 00:00:00,2010-02-18 00:00:00,726,92503,1,115.4475,GBP
2010-02-15 00:00:00,2010-02-18 00:00:00,726,92551,1,115.4475,GBP
2010-02-15 00:00:00,2010-02-18 00:00:00,726,96052,1,115.4475,GBP
2010-02-15 00:00:00,2010-02-18 00:00:00,726,97502,1,115.4475,USD
2010-02-15 00:00:00,2010-02-18 00:00:00,727,06489,1,62.9475,GBP
2010-02-15 00:00:00,2010-02-18 00:00:00,727,08037,1,62.9475,GBP
2010-02-15 00:00:00,2010-02-18 00:00:00,727,08103,1,62.9475,GBP
2010-02-15 00:00:00,2010-02-18 00:00:00,727,08225,1,62.9475,GBP
2010-02-15 00:00:00,2010-02-18 00:00:00,727,38474,1,62.9475,USD
2010-02-15 00:00:00,2010-02-18 00:00:00,727,55391,1,62.9475,GBP
2010-02-15 00:00:00,2010-02-18 00:00:00,727,77331,2,125.895,GBP
2010-02-15 00:00:00,2010-02-18 00:00:00,727,78155,1,62.9475,GBP
2010-02-15 00:00:00,2010-02-18 00:00:00,727,78609,1,62.9475,GBP
2010-02-15 00:00:00,2010-02-18 00:00:00,727,85234,1,62.9475,GBP
2010-02-15 00:00:00,2010-02-18 00:00:00,727,85353,1,62.9475,GBP
2010-02-15 00:00:00,2010-02-18 00:00:00,727,89014,1,62.9475,GBP
2010-02-15 00:00:00,2010-02-18 00:00:00,727,90264,3,188.8425,GBP
2010-02-15 00:00:00,2010-02-18 00:00:00,727,94501,1,62.9475,USD
2010-02-15 00:00:00,2010-02-18 00:00:00,727,95454,1,68.1975,USD
2010-02-15 00:00:00,2010-02-18 00:00:00,728,08037,1,62.9475,USD
2010-02-15 00:00:00,2010-02-18 00:00:00,728,08225,1,62.9475,USD
2010-02-15 00:00:00,2010-02-18 00:00:00,728,25670,1,62.9475,USD
2010-02-15 00:00:00,2010-02-18 00:00:00,728,26529,1,62.9475,GBP
2010-02-15 00:00:00,2010-02-18 00:00:00,728,32541,1,62.9475,USD
2010-02-15 00:00:00,2010-02-18 00:00:00,728,33511,1,62.9475,USD
2010-02-15 00:00:00,2010-02-18 00:00:00,728,33881,1,62.9475,USD
2010-02-15 00:00:00,2010-02-18 00:00:00,728,34761,1,62.9475,GBP
2010-02-15 00:00:00,2010-02-18 00:00:00,728,36530,1,62.9475,GBP
2010-02-15 00:00:00,2010-02-18 00:00:00,728,38351,1,68.1975,USD
2010-02-15 00:00:00,2010-02-18 00:00:00,728,39455,1,62.9475,USD
2010-02-15 00:00:00,2010-02-18 00:00:00,728,39571,1,62.9475,USD
2010-02-15 00:00:00,2010-02-18 00:00:00,728,63146,1,62.9475,GBP
2010-02-15 00:00:00,2010-02-18 00:00:00,728,64865,1,68.1975,USD
2010-02-15 00:00:00,2010-02-18 00:00:00,728,65550,1,68.1975,USD
2010-02-15 00:00:00,2010-02-18 00:00:00,728,77581,1,62.9475,USD
2010-02-15 00:00:00,2010-02-18 00:00:00,728,84101,1,68.1975,GBP
2010-02-15 00:00:00,2010-02-18 00:00:00,728,90264,3,188.8425,USD
2010-02-15 00:00:00,2010-02-18 00:00:00,728,92084,1,62.9475,USD
2010-02-15 00:00:00,2010-02-18 00:00:00,728,93444,1,62.9475,GBP
2010-02-15 00:00:00,2010-02-18 00:00:00,728,94912,1,62.9475,GBP
2010-02-15 00:00:00,2010-02-18 00:00:00,729,33440,1,301.8225,GBP
2010-02-15 00:00:00,2010-02-18 00:00:00,729,70814,1,301.8225,USD
2010-02-15 00:00:00,2010-02-18 00:00:00,730,66616,1,301.8225,USD
2010-02-15 00:00:00,2010-02-18 00:00:00,730,70814,1,301.8225,USD
2010-02-15 00:00:00,2010-02-18 00:00:00,730,77064,1,301.8225,GBP
2010-02-15 00:00:00,2010-02-18 00:00:00,730,84078,1,301.8225,USD
2010-02-15 00:00:00,2010-02-18 00:00:00,730,84642,1,301.8225,USD
2010-02-15 00:00:00,2010-02-18 00:00:00,739,02379,1,170.5725,GBP
2010-02-15 00:00:00,2010-02-18 00:00:00,739,29715,1,170.5725,GBP
2010-02-15 00:00:00,2010-02-18 00:00:00,739,38549,1,170.5725,GBP
2010-02-15 00:00:00,2010-02-18 00:00:00,739,39307,1,170.5725,GBP
2010-02-15 00:00:00,2010-02-18 00:00:00,739,40906,1,170.5725,GBP
2010-02-15 00:00:00,2010-02-18 00:00:00,739,42717,1,170.5725,GBP
2010-02-15 00:00:00,2010-02-18 00:00:00,739,64070,1,170.5725,GBP
2010-02-15 00:00:00,2010-02-18 00:00:00,739,68713,1,167.9475,GBP
2010-02-15 00:00:00,2010-02-18 00:00:00,739,70123,1,170.5725,GBP
2010-02-15 00:00:00,2010-02-18 00:00:00,739,76226,1,170.5725,GBP
2010-02-15 00:00:00,2010-02-18 00:00:00,739,76227,1,170.5725,GBP
2010-02-15 00:00:00,2010-02-18 00:00:00,739,84070,1,170.5725,GBP
2010-02-15 00:00:00,2010-02-18 00:00:00,739,92586,1,170.5725,GBP
2010-02-15 00:00:00,2010-02-18 00:00:00,739,95134,1,170.5725,GBP
2010-02-15 00:00:00,2010-02-18 00:00:00,739,97007,1,170.5725,GBP
2010-02-15 00:00:00,2010-02-18 00:00:00,740,02351,1,170.5725,GBP
2010-02-15 00:00:00,2010-02-18 00:00:00,740,29649,1,170.5725,GBP
2010-02-15 00:00:00,2010-02-18 00:00:00,740,35173,1,170.5725,GBP
2010-02-15 00:00:00,2010-02-18 00:00:00,740,35226,1,170.5725,GBP
2010-02-15 00:00:00,2010-02-18 00:00:00,740,39305,1,170.5725,GBP
2010-02-15 00:00:00,2010-02-18 00:00:00,740,41773,1,170.5725,GBP
2010-02-15 00:00:00,2010-02-18 00:00:00,740,42717,1,170.5725,GBP
2010-02-15 00:00:00,2010-02-18 00:00:00,740,59336,1,170.5725,GBP
2010-02-15 00:00:00,2010-02-18 00:00:00,740,72143,1,170.5725,USD
2010-02-15 00:00:00,2010-02-18 00:00:00,740,73034,1,170.5725,GBP
2010-02-15 00:00:00,2010-02-18 00:00:00,740,82633,1,170.5725,GBP
2010-02-15 00:00:00,2010-02-18 00:00:00,740,84631,1,170.5725,GBP
2010-02-15 00:00:00,2010-02-18 00:00:00,740,93460,1,170.5725,GBP
2010-02-15 00:00:00,2010-02-18 00:00:00,740,94506,1,170.5725,GBP
2010-02-15 00:00:00,2010-02-18 00:00:00,740,95032,1,170.5725,GBP
2010-02-15 00:00:00,2010-02-18 00:00:00,740,97007,1,170.5725,GBP
2010-02-15 00:00:00,2010-02-18 00:00:00,743,42420,1,267.6975,GBP
2010-02-15 00:00:00,2010-02-18 00:00:00,744,85205,1,270.3225,USD
2010-02-15 00:00:00,2010-02-18 00:00:00,744,89103,1,270.3225,GBP
2010-02-15 00:00:00,2010-02-18 00:00:00,747,55906,1,291.3225,GBP
2010-02-15 00:00:00,2010-02-18 00:00:00,747,85234,1,291.3225,USD
2010-02-15 00:00:00,2010-02-18 00:00:00,747,97132,1,291.3225,GBP
2010-02-15 00:00:00,2010-02-18 00:00:00,748,29445,1,291.3225,USD
2010-02-15 00:00:00,2010-02-18 00:00:00,748,84726,1,291.3225,GBP
2010-02-15 00:00:00,2010-02-18 00:00:00,748,85284,1,291.3225,GBP
2010-02-15 00:00:00,2010-02-18 00:00:00,753,06385,1,244.0725,GBP
2010-02-15 00:00:00,2010-02-18 00:00:00,753,35042,1,244.0725,USD
2010-02-15 00:00:00,2010-02-18 00:00:00,753,38401,1,244.0725,USD
2010-02-15 00:00:00,2010-02-18 00:00:00,753,40026,1,244.0725,USD
2010-02-15 00:00:00,2010-02-18 00:00:00,753,70503,1,244.0725,USD
2010-02-15 00:00:00,2010-02-18 00:00:00,753,75041,1,244.0725,USD
2010-02-15 00:00:00,2010-02-18 00:00:00,753,75229,1,244.0725,GBP
2010-02-15 00:00:00,2010-02-18 00:00:00,753,77612,1,244.0725,GBP
2010-02-15 00:00:00,2010-02-18 00:00:00,753,85207,1,241.4475,USD
2010-02-15 00:00:00,2010-02-18 00:00:00,753,85233,1,244.0725,GBP
2010-02-15 00:00:00,2010-02-18 00:00:00,753,95148,1,241.4475,USD
2010-02-15 00:00:00,2010-02-18 00:00:00,754,03461,1,241.4475,GBP
2010-02-15 00:00:00,2010-02-18 00:00:00,754,29072,1,244.0725,USD
2010-02-15 00:00:00,2010-02-18 00:00:00,754,34452,1,244.0725,GBP
2010-02-15 00:00:00,2010-02-18 00:00:00,754,38401,1,244.0725,GBP
2010-02-15 00:00:00,2010-02-18 00:00:00,754,40026,1,244.0725,GBP
2010-02-15 00:00:00,2010-02-18 00:00:00,754,72751,1,244.0725,USD
2010-02-15 00:00:00,2010-02-18 00:00:00,754,75229,1,244.0725,USD
2010-02-15 00:00:00,2010-02-18 00:00:00,754,94089,1,241.4475,USD
2010-02-15 00:00:00,2010-02-18 00:00:00,754,95148,1,241.4475,GBP
2010-02-15 00:00:00,2010-02-18 00:00:00,754,95383,1,244.0725,USD
2010-02-15 00:00:00,2010-02-18 00:00:00,757,08043,1,83.9475,USD
2010-02-15 00:00:00,2010-02-18 00:00:00,757,08073,1,83.9475,GBP
2010-02-15 00:00:00,2010-02-18 00:00:00,757,08103,1,83.9475,GBP
2010-02-15 00:00:00,2010-02-18 00:00:00,757,25705,1,83.9475,GBP
2010-02-15 00:00:00,2010-02-18 00:00:00,757,29323,1,83.9475,USD
2010-02-15 00:00:00,2010-02-18 00:00:00,757,29851,1,83.9475,GBP
2010-02-15 00:00:00,2010-02-18 00:00:00,757,33467,1,83.9475,GBP
2010-02-15 00:00:00,2010-02-18 00:00:00,757,34293,1,83.9475,USD
2010-02-15 00:00:00,2010-02-18 00:00:00,757,35670,1,83.9475,GBP
2010-02-15 00:00:00,2010-02-18 00:00:00,757,37919,1,83.9475,GBP
2010-02-15 00:00:00,2010-02-18 00:00:00,757,47960,2,167.895,GBP
2010-02-15 00:00:00,2010-02-18 00:00:00,757,55389,1,83.9475,USD
2010-02-15 00:00:00,2010-02-18 00:00:00,757,55447,1,83.9475,USD
2010-02-15 00:00:00,2010-02-18 00:00:00,757,74435,1,83.9475,GBP
2010-02-15 00:00:00,2010-02-18 00:00:00,757,76087,1,83.9475,GBP
2010-02-15 00:00:00,2010-02-18 00:00:00,757,76092,1,83.9475,USD
2010-02-15 00:00:00,2010-02-18 00:00:00,757,76227,1,83.9475,USD
2010-02-15 00:00:00,2010-02-18 00:00:00,757,92008,1,83.9475,USD
2010-02-15 00:00:00,2010-02-18 00:00:00,757,97115,1,83.9475,GBP
2010-02-15 00:00:00,2010-02-18 00:00:00,758,02760,1,83.9475,USD
2010-02-15 00:00:00,2010-02-18 00:00:00,758,06470,1,83.9475,USD
2010-02-15 00:00:00,2010-02-18 00:00:00,758,21218,2,167.895,USD
2010-02-15 00:00:00,2010-02-18 00:00:00,758,33330,1,83.9475,USD
2010-02-15 00:00:00,2010-02-18 00:00:00,758,38301,1,83.9475,GBP
2010-02-15 00:00:00,2010-02-18 00:00:00,758,41731,1,83.9475,USD
2010-02-15 00:00:00,2010-02-18 00:00:00,758,46375,1,83.9475,USD
2010-02-15 00:00:00,2010-02-18 00:00:00,758,47905,1,83.9475,GBP
2010-02-15 00:00:00,2010-02-18 00:00:00,758,59644,1,83.9475,GBP
2010-02-15 00:00:00,2010-02-18 00:00:00,758,71602,1,83.9475,USD
2010-02-15 00:00:00,2010-02-18 00:00:00,758,74137,1,83.9475,USD
2010-02-15 00:00:00,2010-02-18 00:00:00,758,77449,2,167.895,USD
2010-02-15 00:00:00,2010-02-18 00:00:00,758,78660,1,83.9475,GBP
2010-02-15 00:00:00,2010-02-18 00:00:00,758,85234,1,83.9475,USD
2010-02-15 00:00:00,2010-02-18 00:00:00,758,92821,1,83.9475,USD
2010-02-15 00:00:00,2010-02-18 00:00:00,758,93306,1,83.9475,GBP
2010-02-15 00:00:00,2010-02-18 00:00:00,758,94506,1,83.9475,USD
2010-02-15 00:00:00,2010-02-18 00:00:00,758,94566,1,83.9475,USD
2010-02-15 00:00:00,2010-02-18 00:00:00,758,95992,1,83.9475,USD
2010-02-15 00:00:00,2010-02-18 00:00:00,758,97055,1,83.9475,USD
2010-02-15 00:00:00,2010-02-18 00:00:00,758,97115,1,83.9475,GBP
2010-02-15 00:00:00,2010-02-18 00:00:00,767,29073,1,104.9475,GBP
2010-02-15 00:00:00,2010-02-18 00:00:00,767,33914,1,104.9475,USD
2010-02-15 00:00:00,2010-02-18 00:00:00,767,35903,1,104.9475,GBP
2010-02-15 00:00:00,2010-02-18 00:00:00,767,42320,1,104.9475,GBP
2010-02-15 00:00:00,2010-02-18 00:00:00,767,53149,1,104.9475,USD
2010-02-15 00:00:00,2010-02-18 00:00:00,767,55386,1,104.9475,GBP
2010-02-15 00:00:00,2010-02-18 00:00:00,767,70043,1,104.9475,GBP
2010-02-15 00:00:00,2010-02-18 00:00:00,767,70730,1,104.9475,GBP
2010-02-15 00:00:00,2010-02-18 00:00:00,767,74401,1,104.9475,GBP
2010-02-15 00:00:00,2010-02-18 00:00:00,767,76134,1,104.9475,GBP
2010-02-15 00:00:00,2010-02-18 00:00:00,767,84512,1,104.9475,GBP
2010-02-15 00:00:00,2010-02-18 00:00:00,767,87532,1,104.9475,GBP
2010-02-15 00:00:00,2010-02-18 00:00:00,767,91910,1,104.9475,GBP
2010-02-15 00:00:00,2010-02-18 00:00:00,767,92583,2,209.895,USD
2010-02-15 00:00:00,2010-02-18 00:00:00,767,93117,1,104.9475,GBP
2010-02-15 00:00:00,2010-02-18 00:00:00,767,93308,1,104.9475,GBP
2010-02-15 00:00:00,2010-02-18 00:00:00,767,95662,1,104.9475,GBP
2010-02-15 00:00:00,2010-02-18 00:00:00,767,97838,1,104.9475,GBP
2010-02-15 00:00:00,2010-02-18 00:00:00,768,07885,1,104.9475,GBP
2010-02-15 00:00:00,2010-02-18 00:00:00,768,32351,1,104.9475,GBP
2010-02-15 00:00:00,2010-02-18 00:00:00,768,33161,1,104.9475,GBP
2010-02-15 00:00:00,2010-02-18 00:00:00,768,37069,1,104.9475,USD
2010-02-15 00:00:00,2010-02-18 00:00:00,768,46142,1,104.9475,GBP
2010-02-15 00:00:00,2010-02-18 00:00:00,768,63077,1,104.9475,GBP
2010-02-15 00:00:00,2010-02-18 00:00:00,768,70043,1,104.9475,USD
2010-02-15 00:00:00,2010-02-18 00:00:00,768,76008,1,104.9475,GBP
2010-02-15 00:00:00,2010-02-18 00:00:00,768,91042,1,104.9475,USD
2010-02-15 00:00:00,2010-02-18 00:00:00,768,92675,1,104.9475,USD
2010-02-15 00:00:00,2010-02-18 00:00:00,768,93268,3,314.8425,USD
2010-02-15 00:00:00,2010-02-18 00:00:00,768,97007,1,104.9475,USD
2010-02-15 00:00:00,2010-02-18 00:00:00,769,07843,1,257.1975,USD
2010-02-15 00:00:00,2010-02-18 00:00:00,769,21742,1,257.1975,GBP
2010-02-15 00:00:00,2010-02-18 00:00:00,769,29710,1,257.1975,GBP
2010-02-15 00:00:00,2010-02-18 00:00:00,769,34606,1,257.1975,GBP
2010-02-15 00:00:00,2010-02-18 00:00:00,769,35096,1,257.1975,GBP
2010-02-15 00:00:00,2010-02-18 00:00:00,769,42553,1,514.395,GBP
2010-02-15 00:00:00,2010-02-18 00:00:00,769,42553,1,257.1975,USD
2010-02-15 00:00:00,2010-02-18 00:00:00,769,46393,1,257.1975,USD
2010-02-15 00:00:00,2010-02-18 00:00:00,769,47150,1,257.1975,GBP
2010-02-15 00:00:00,2010-02-18 00:00:00,769,71854,1,257.1975,GBP
2010-02-15 00:00:00,2010-02-18 00:00:00,769,73505,1,257.1975,GBP
2010-02-15 00:00:00,2010-02-18 00:00:00,769,77055,1,257.1975,USD
2010-02-15 00:00:00,2010-02-18 00:00:00,769,79107,1,257.1975,GBP
2010-02-15 00:00:00,2010-02-18 00:00:00,769,89103,1,257.1975,USD
2010-02-15 00:00:00,2010-02-18 00:00:00,769,90277,1,257.1975,GBP
2010-02-15 00:00:00,2010-02-18 00:00:00,769,91977,1,257.1975,GBP
2010-02-15 00:00:00,2010-02-18 00:00:00,769,92595,1,257.1975,USD
2010-02-15 00:00:00,2010-02-18 00:00:00,770,02767,1,257.1975,GBP
2010-02-15 00:00:00,2010-02-18 00:00:00,770,07512,1,257.1975,GBP
2010-02-15 00:00:00,2010-02-18 00:00:00,770,08085,1,257.1975,USD
2010-02-15 00:00:00,2010-02-18 00:00:00,770,08332,1,257.1975,USD
2010-02-15 00:00:00,2010-02-18 00:00:00,770,29527,1,257.1975,USD
2010-02-15 00:00:00,2010-02-18 00:00:00,770,29710,1,257.1975,USD
2010-02-15 00:00:00,2010-02-18 00:00:00,770,39364,1,257.1975,GBP
2010-02-15 00:00:00,2010-02-18 00:00:00,770,39601,1,257.1975,USD
2010-02-15 00:00:00,2010-02-18 00:00:00,770,40336,1,257.1975,GBP
2010-02-15 00:00:00,2010-02-18 00:00:00,770,42553,1,257.1975,GBP
2010-02-15 00:00:00,2010-02-18 00:00:00,770,42553,1,1028.79,USD
2010-02-15 00:00:00,2010-02-18 00:00:00,770,46737,1,257.1975,GBP
2010-02-15 00:00:00,2010-02-18 00:00:00,770,50595,1,257.1975,GBP
2010-02-15 00:00:00,2010-02-18 00:00:00,770,54313,1,257.1975,GBP
2010-02-15 00:00:00,2010-02-18 00:00:00,770,77995,1,251.9475,USD
2010-02-15 00:00:00,2010-02-18 00:00:00,770,85546,1,257.1975,GBP
2010-02-15 00:00:00,2010-02-18 00:00:00,770,89123,1,257.1975,GBP
2010-02-15 00:00:00,2010-02-18 00:00:00,770,92545,1,257.1975,GBP
2010-02-15 00:00:00,2010-02-18 00:00:00,770,93536,1,257.1975,GBP
2010-02-15 00:00:00,2010-02-18 00:00:00,770,97503,1,257.1975,USD
2010-02-15 00:00:00,2010-02-18 00:00:00,771,36867,1,165.3225,GBP
2010-02-15 00:00:00,2010-02-18 00:00:00,771,87401,1,165.3225,USD
2010-02-15 00:00:00,2010-02-18 00:00:00,771,92647,1,165.3225,GBP
2010-02-15 00:00:00,2010-02-18 00:00:00,772,34609,1,165.3225,GBP
2010-02-15 00:00:00,2010-02-18 00:00:00,772,92509,1,165.3225,GBP
2010-02-15 00:00:00,2010-02-18 00:00:00,772,92704,1,165.3225,GBP
2010-02-15 00:00:00,2010-02-18 00:00:00,795,08816,1,275.5725,GBP
2010-02-15 00:00:00,2010-02-18 00:00:00,795,32606,1,267.6975,USD
2010-02-15 00:00:00,2010-02-18 00:00:00,795,46534,1,275.5725,GBP
2010-02-15 00:00:00,2010-02-18 00:00:00,795,46818,1,272.9475,USD
2010-02-15 00:00:00,2010-02-18 00:00:00,795,47383,1,275.5725,GBP
2010-02-15 00:00:00,2010-02-18 00:00:00,795,63143,1,275.5725,GBP
2010-02-15 00:00:00,2010-02-18 00:00:00,795,73065,1,275.5725,GBP
2010-02-15 00:00:00,2010-02-18 00:00:00,795,75672,1,275.5725,GBP
2010-02-15 00:00:00,2010-02-18 00:00:00,795,77067,1,275.5725,GBP
2010-02-15 00:00:00,2010-02-18 00:00:00,795,83401,1,275.5725,GBP
2010-02-15 00:00:00,2010-02-18 00:00:00,795,84057,1,275.5725,USD
2010-02-15 00:00:00,2010-02-18 00:00:00,795,89820,1,275.5725,GBP
2010-02-15 00:00:00,2010-02-18 00:00:00,795,90241,1,275.5725,USD
2010-02-15 00:00:00,2010-02-18 00:00:00,795,92025,1,275.5725,USD
2010-02-15 00:00:00,2010-02-18 00:00:00,795,92029,1,275.5725,GBP
2010-02-15 00:00:00,2010-02-18 00:00:00,795,92056,1,275.5725,USD
2010-02-15 00:00:00,2010-02-18 00:00:00,795,92067,1,275.5725,GBP
2010-02-15 00:00:00,2010-02-18 00:00:00,795,92129,1,275.5725,GBP
2010-02-15 00:00:00,2010-02-18 00:00:00,795,92506,4,1102.29,GBP
2010-02-15 00:00:00,2010-02-18 00:00:00,795,92688,1,275.5725,USD
2010-02-15 00:00:00,2010-02-18 00:00:00,795,94587,1,275.5725,USD
2010-02-15 00:00:00,2010-02-18 00:00:00,795,95120,1,275.5725,USD
2010-02-15 00:00:00,2010-02-18 00:00:00,795,95124,2,551.145,GBP
2010-02-15 00:00:00,2010-02-18 00:00:00,795,95336,1,275.5725,GBP
2010-02-15 00:00:00,2010-02-18 00:00:00,795,95488,1,275.5725,USD
2010-02-15 00:00:00,2010-02-18 00:00:00,795,96013,1,275.5725,USD
2010-02-15 00:00:00,2010-02-18 00:00:00,795,97520,1,275.5725,USD
2010-02-15 00:00:00,2010-02-18 00:00:00,796,32606,1,267.6975,GBP
2010-02-15 00:00:00,2010-02-18 00:00:00,796,41774,1,275.5725,GBP
2010-02-15 00:00:00,2010-02-18 00:00:00,796,46818,1,272.9475,USD
2010-02-15 00:00:00,2010-02-18 00:00:00,796,67025,1,275.5725,GBP
2010-02-15 00:00:00,2010-02-18 00:00:00,796,70456,1,275.5725,GBP
2010-02-15 00:00:00,2010-02-18 00:00:00,796,72762,1,275.5725,GBP
2010-02-15 00:00:00,2010-02-18 00:00:00,796,75672,1,275.5725,USD
2010-02-15 00:00:00,2010-02-18 00:00:00,796,78552,1,275.5725,GBP
2010-02-15 00:00:00,2010-02-18 00:00:00,796,78640,1,275.5725,USD
2010-02-15 00:00:00,2010-02-18 00:00:00,796,84057,1,275.5725,GBP
2010-02-15 00:00:00,2010-02-18 00:00:00,796,91354,1,275.5725,GBP
2010-02-15 00:00:00,2010-02-18 00:00:00,796,92056,1,275.5725,USD
2010-02-15 00:00:00,2010-02-18 00:00:00,796,92129,1,275.5725,GBP
2010-02-15 00:00:00,2010-02-18 00:00:00,796,92346,1,275.5725,USD
2010-02-15 00:00:00,2010-02-18 00:00:00,796,92506,4,1102.29,GBP
2010-02-15 00:00:00,2010-02-18 00:00:00,796,92562,1,275.5725,USD
2010-02-15 00:00:00,2010-02-18 00:00:00,796,92629,1,275.5725,GBP
2010-02-15 00:00:00,2010-02-18 00:00:00,796,93063,2,551.145,GBP
2010-02-15 00:00:00,2010-02-18 00:00:00,796,93446,1,275.5725,GBP
2010-02-15 00:00:00,2010-02-18 00:00:00,796,93455,1,275.5725,USD
2010-02-15 00:00:00,2010-02-18 00:00:00,796,94923,1,275.5725,GBP
2010-02-15 00:00:00,2010-02-18 00:00:00,796,95336,1,275.5725,GBP
2010-02-15 00:00:00,2010-02-18 00:00:00,796,95624,1,275.5725,USD
2010-02-15 00:00:00,2010-02-18 00:00:00,796,97123,1,275.5725,GBP
2010-02-15 00:00:00,2010-02-18 00:00:00,796,97701,1,275.5725,USD
2010-02-15 00:00:00,2010-02-18 00:00:00,797,08097,1,301.8225,USD
2010-02-15 00:00:00,2010-02-18 00:00:00,797,29152,1,301.8225,GBP
2010-02-15 00:00:00,2010-02-18 00:00:00,797,32174,1,301.8225,USD
2010-02-15 00:00:00,2010-02-18 00:00:00,797,33068,1,301.8225,USD
2010-02-15 00:00:00,2010-02-18 00:00:00,797,33773,1,301.8225,GBP
2010-02-15 00:00:00,2010-02-18 00:00:00,797,38363,1,301.8225,GBP
2010-02-15 00:00:00,2010-02-18 00:00:00,797,40440,1,301.8225,GBP
2010-02-15 00:00:00,2010-02-18 00:00:00,797,46217,1,301.8225,GBP
2010-02-15 00:00:00,2010-02-18 00:00:00,797,46901,1,301.8225,GBP
2010-02-15 00:00:00,2010-02-18 00:00:00,797,46962,1,301.8225,USD
2010-02-15 00:00:00,2010-02-18 00:00:00,797,53139,1,301.8225,GBP
2010-02-15 00:00:00,2010-02-18 00:00:00,797,53227,1,603.645,GBP
2010-02-15 00:00:00,2010-02-18 00:00:00,797,53227,1,905.4675,USD
2010-02-15 00:00:00,2010-02-18 00:00:00,797,53818,1,301.8225,GBP
2010-02-15 00:00:00,2010-02-18 00:00:00,797,55125,1,301.8225,GBP
2010-02-15 00:00:00,2010-02-18 00:00:00,797,59634,1,301.8225,GBP
2010-02-15 00:00:00,2010-02-18 00:00:00,797,64052,1,301.8225,USD
2010-02-15 00:00:00,2010-02-18 00:00:00,797,70706,1,301.8225,USD
2010-02-15 00:00:00,2010-02-18 00:00:00,797,72745,1,301.8225,USD
2010-02-15 00:00:00,2010-02-18 00:00:00,797,73020,1,301.8225,GBP
2010-02-15 00:00:00,2010-02-18 00:00:00,797,74133,1,301.8225,GBP
2010-02-15 00:00:00,2010-02-18 00:00:00,797,75287,1,301.8225,USD
2010-02-15 00:00:00,2010-02-18 00:00:00,797,78108,1,301.8225,GBP
2010-02-15 00:00:00,2010-02-18 00:00:00,797,83647,1,301.8225,GBP
2010-02-15 00:00:00,2010-02-18 00:00:00,797,85281,1,301.8225,GBP
2010-02-15 00:00:00,2010-02-18 00:00:00,797,85748,1,301.8225,GBP
2010-02-15 00:00:00,2010-02-18 00:00:00,797,88001,1,301.8225,GBP
2010-02-15 00:00:00,2010-02-18 00:00:00,797,89423,1,301.8225,GBP
2010-02-15 00:00:00,2010-02-18 00:00:00,797,90265,1,301.8225,GBP
2010-02-15 00:00:00,2010-02-18 00:00:00,797,94402,1,301.8225,GBP
2010-02-15 00:00:00,2010-02-18 00:00:00,797,95130,1,301.8225,GBP
2010-02-15 00:00:00,2010-02-18 00:00:00,797,95131,1,301.8225,GBP
2010-02-15 00:00:00,2010-02-18 00:00:00,797,95139,1,301.8225,USD
2010-02-15 00:00:00,2010-02-18 00:00:00,797,95358,1,301.8225,GBP
2010-02-15 00:00:00,2010-02-18 00:00:00,797,95519,1,301.8225,USD
2010-02-15 00:00:00,2010-02-18 00:00:00,797,97333,1,301.8225,USD
2010-02-15 00:00:00,2010-02-18 00:00:00,801,72513,1,288.6975,GBP
2010-02-15 00:00:00,2010-02-18 00:00:00,801,93013,1,291.3225,USD
2010-02-15 00:00:00,2010-02-18 00:00:00,801,94043,1,291.3225,USD
2010-02-15 00:00:00,2010-02-18 00:00:00,823,54304,1,619.4475,GBP
2010-02-15 00:00:00,2010-02-18 00:00:00,823,70755,1,619.4475,GBP
2010-02-15 00:00:00,2010-02-18 00:00:00,823,85202,1,619.4475,GBP
2010-02-15 00:00:00,2010-02-18 00:00:00,823,88011,1,619.4475,GBP
2010-02-15 00:00:00,2010-02-18 00:00:00,833,33706,1,797.9475,USD
2010-02-15 00:00:00,2010-02-18 00:00:00,833,34744,5,3963.4875,USD
2010-02-15 00:00:00,2010-02-18 00:00:00,833,35758,1,787.4475,USD
2010-02-15 00:00:00,2010-02-18 00:00:00,833,35824,1,803.1975,GBP
2010-02-15 00:00:00,2010-02-18 00:00:00,833,53081,1,787.4475,USD
2010-02-15 00:00:00,2010-02-18 00:00:00,833,58703,1,803.1975,USD
2010-02-15 00:00:00,2010-02-18 00:00:00,837,02760,1,839.9475,USD
2010-02-15 00:00:00,2010-02-18 00:00:00,837,33782,1,813.6975,GBP
2010-02-15 00:00:00,2010-02-18 00:00:00,837,35758,1,813.6975,USD
2010-02-15 00:00:00,2010-02-18 00:00:00,837,38868,1,813.6975,USD
2010-02-15 00:00:00,2010-02-18 00:00:00,837,46802,1,813.6975,USD
2010-02-15 00:00:00,2010-02-18 00:00:00,837,64131,1,813.6975,GBP
2010-02-15 00:00:00,2010-02-18 00:00:00,837,76712,1,839.9475,USD
2010-02-15 00:00:00,2010-02-18 00:00:00,837,77062,1,813.6975,USD
2010-02-15 00:00:00,2010-02-18 00:00:00,838,01756,1,944.9475,USD
2010-02-15 00:00:00,2010-02-18 00:00:00,838,29720,1,934.4475,USD
2010-02-15 00:00:00,2010-02-18 00:00:00,838,32224,1,934.4475,GBP
2010-02-15 00:00:00,2010-02-18 00:00:00,838,35007,1,934.4475,GBP
2010-02-15 00:00:00,2010-02-18 00:00:00,838,41831,1,934.4475,USD
2010-02-15 00:00:00,2010-02-18 00:00:00,838,46140,1,944.9475,USD
2010-02-15 00:00:00,2010-02-18 00:00:00,838,70047,1,934.4475,GBP
2010-02-15 00:00:00,2010-02-18 00:00:00,838,72501,1,929.1975,USD
2010-02-15 00:00:00,2010-02-18 00:00:00,838,76053,1,934.4475,GBP
2010-02-15 00:00:00,2010-02-18 00:00:00,838,77040,1,934.4475,GBP
2010-02-15 00:00:00,2010-02-18 00:00:00,838,78539,1,934.4475,GBP
2010-02-15 00:00:00,2010-02-18 00:00:00,838,95018,1,934.4475,USD
2010-02-15 00:00:00,2010-02-18 00:00:00,842,77590,1,750.6975,USD
2010-02-15 00:00:00,2010-02-18 00:00:00,847,86336,1,577.4475,GBP
2010-02-15 00:00:00,2010-02-18 00:00:00,847,95691,1,603.6975,GBP
2010-02-15 00:00:00,2010-02-18 00:00:00,847,97462,1,577.4475,GBP
2010-02-15 00:00:00,2010-02-18 00:00:00,852,32222,1,745.4475,USD
2010-02-15 00:00:00,2010-02-18 00:00:00,852,33196,1,745.4475,GBP
2010-02-15 00:00:00,2010-02-18 00:00:00,852,38134,1,761.1975,USD
2010-02-15 00:00:00,2010-02-18 00:00:00,852,70072,1,745.4475,GBP
2010-02-15 00:00:00,2010-02-18 00:00:00,862,38614,1,304.4475,USD
2010-02-15 00:00:00,2010-02-18 00:00:00,863,72176,1,304.4475,USD
2010-02-15 00:00:00,2010-02-18 00:00:00,863,85027,1,304.4475,USD
2010-02-15 00:00:00,2010-02-18 00:00:00,863,91001,1,304.4475,GBP
2010-02-15 00:00:00,2010-02-18 00:00:00,901,06716,1,409.4475,GBP
2010-02-15 00:00:00,2010-02-18 00:00:00,901,29301,1,409.4475,GBP
2010-02-15 00:00:00,2010-02-18 00:00:00,901,29611,1,409.4475,GBP
2010-02-15 00:00:00,2010-02-18 00:00:00,901,32117,1,409.4475,USD
2010-02-15 00:00:00,2010-02-18 00:00:00,901,32836,1,409.4475,GBP
2010-02-15 00:00:00,2010-02-18 00:00:00,901,35772,1,409.4475,GBP
2010-02-15 00:00:00,2010-02-18 00:00:00,901,46356,1,409.4475,USD
2010-02-15 00:00:00,2010-02-18 00:00:00,901,46902,1,409.4475,GBP
2010-02-15 00:00:00,2010-02-18 00:00:00,901,63366,1,409.4475,GBP
2010-02-15 00:00:00,2010-02-18 00:00:00,901,66762,2,818.895,GBP
2010-02-15 00:00:00,2010-02-18 00:00:00,901,67208,1,409.4475,GBP
2010-02-15 00:00:00,2010-02-18 00:00:00,901,85304,1,409.4475,USD
2010-02-15 00:00:00,2010-02-18 00:00:00,901,90230,1,409.4475,USD
2010-02-15 00:00:00,2010-02-18 00:00:00,901,90710,1,409.4475,USD
2010-02-15 00:00:00,2010-02-18 00:00:00,901,92037,1,409.4475,GBP
2010-02-15 00:00:00,2010-02-18 00:00:00,901,92056,1,409.4475,USD
2010-02-15 00:00:00,2010-02-18 00:00:00,901,92064,1,409.4475,USD
2010-02-15 00:00:00,2010-02-18 00:00:00,901,93940,1,409.4475,USD
2010-02-15 00:00:00,2010-02-18 00:00:00,910,07030,1,414.6975,USD
2010-02-15 00:00:00,2010-02-18 00:00:00,910,07876,1,414.6975,USD
2010-02-15 00:00:00,2010-02-18 00:00:00,910,21113,1,414.6975,USD
2010-02-15 00:00:00,2010-02-18 00:00:00,910,29307,1,414.6975,USD
2010-02-15 00:00:00,2010-02-18 00:00:00,910,32225,1,414.6975,USD
2010-02-15 00:00:00,2010-02-18 00:00:00,910,33809,1,414.6975,USD
2010-02-15 00:00:00,2010-02-18 00:00:00,910,34684,1,414.6975,USD
2010-02-15 00:00:00,2010-02-18 00:00:00,910,57325,1,414.6975,GBP
2010-02-15 00:00:00,2010-02-18 00:00:00,910,67230,2,829.395,USD
2010-02-15 00:00:00,2010-02-18 00:00:00,910,70605,2,829.395,USD
2010-02-15 00:00:00,2010-02-18 00:00:00,910,74017,1,414.6975,GBP
2010-02-15 00:00:00,2010-02-18 00:00:00,910,75226,1,414.6975,USD
2010-02-15 00:00:00,2010-02-18 00:00:00,910,78154,1,414.6975,USD
2010-02-15 00:00:00,2010-02-18 00:00:00,910,78232,1,414.6975,USD
2010-02-15 00:00:00,2010-02-18 00:00:00,910,85308,1,414.6975,USD
2010-02-15 00:00:00,2010-02-18 00:00:00,910,88061,1,414.6975,USD
2010-02-15 00:00:00,2010-02-18 00:00:00,910,89511,1,414.6975,USD
2010-02-15 00:00:00,2010-02-18 00:00:00,910,90241,1,414.6975,GBP
2010-02-15 00:00:00,2010-02-18 00:00:00,910,91377,1,414.6975,USD
2010-02-15 00:00:00,2010-02-18 00:00:00,910,92008,1,414.6975,USD
2010-02-15 00:00:00,2010-02-18 00:00:00,910,92553,1,414.6975,GBP
2010-02-15 00:00:00,2010-02-18 00:00:00,910,94552,1,414.6975,GBP
2010-02-15 00:00:00,2010-02-18 00:00:00,910,95128,1,414.6975,USD
2010-02-15 00:00:00,2010-02-18 00:00:00,910,95135,1,414.6975,USD
2010-02-15 00:00:00,2010-02-18 00:00:00,914,21229,1,603.6975,USD
2010-02-15 00:00:00,2010-02-18 00:00:00,914,32608,1,603.6975,GBP
2010-02-15 00:00:00,2010-02-18 00:00:00,921,25801,1,524.9475,GBP
2010-02-15 00:00:00,2010-02-18 00:00:00,921,32127,1,524.9475,GBP
2010-02-15 00:00:00,2010-02-18 00:00:00,921,32940,1,524.9475,USD
2010-02-15 00:00:00,2010-02-18 00:00:00,921,33441,2,1049.895,GBP
2010-02-15 00:00:00,2010-02-18 00:00:00,921,33635,1,524.9475,USD
2010-02-15 00:00:00,2010-02-18 00:00:00,921,38107,1,524.9475,USD
2010-02-15 00:00:00,2010-02-18 00:00:00,921,70001,1,524.9475,USD
2010-02-15 00:00:00,2010-02-18 00:00:00,921,70125,1,524.9475,USD
2010-02-15 00:00:00,2010-02-18 00:00:00,921,72103,1,524.9475,USD
2010-02-15 00:00:00,2010-02-18 00:00:00,921,75077,1,524.9475,USD
2010-02-15 00:00:00,2010-02-18 00:00:00,921,77493,1,524.9475,USD
2010-02-15 00:00:00,2010-02-18 00:00:00,921,79411,1,524.9475,USD
2010-02-15 00:00:00,2010-02-18 00:00:00,921,85745,2,1049.895,GBP
2010-02-15 00:00:00,2010-02-18 00:00:00,921,92109,1,524.9475,USD
2010-02-15 00:00:00,2010-02-18 00:00:00,921,97302,1,524.9475,GBP
2010-02-15 00:00:00,2010-02-18 00:00:00,922,06339,1,472.4475,GBP
2010-02-15 00:00:00,2010-02-18 00:00:00,922,29223,1,472.4475,USD
2010-02-15 00:00:00,2010-02-18 00:00:00,922,66762,1,472.4475,USD
2010-02-15 00:00:00,2010-02-18 00:00:00,922,91360,1,472.4475,USD
2010-02-15 00:00:00,2010-02-18 00:00:00,936,34949,1,498.6975,GBP
2010-02-15 00:00:00,2010-02-18 00:00:00,936,75025,1,498.6975,GBP
2010-02-15 00:00:00,2010-02-18 00:00:00,936,89108,1,498.6975,GBP
2010-02-15 00:00:00,2010-02-18 00:00:00,936,94024,1,498.6975,GBP
2010-02-15 00:00:00,2010-02-18 00:00:00,936,94122,1,498.6975,GBP
2010-02-15 00:00:00,2010-02-18 00:00:00,936,97035,1,498.6975,USD
2010-02-15 00:00:00,2010-02-18 00:00:00,936,97217,1,498.6975,GBP
2010-02-15 00:00:00,2010-02-18 00:00:00,940,07030,1,671.9475,GBP
2010-02-15 00:00:00,2010-02-18 00:00:00,940,29045,1,687.6975,USD
2010-02-15 00:00:00,2010-02-18 00:00:00,940,33178,1,671.9475,GBP
2010-02-15 00:00:00,2010-02-18 00:00:00,940,34208,1,687.6975,USD
2010-02-15 00:00:00,2010-02-18 00:00:00,940,34293,1,687.6975,USD
2010-02-15 00:00:00,2010-02-18 00:00:00,940,37205,1,687.6975,USD
2010-02-15 00:00:00,2010-02-18 00:00:00,940,77469,1,671.9475,USD
2010-02-15 00:00:00,2010-02-18 00:00:00,940,78413,1,687.6975,USD
2010-02-15 00:00:00,2010-02-18 00:00:00,940,91201,1,671.9475,GBP
2010-02-15 00:00:00,2010-02-18 00:00:00,962,06850,1,509.1975,USD
2010-02-15 00:00:00,2010-02-18 00:00:00,962,29349,1,524.9475,GBP
2010-02-15 00:00:00,2010-02-18 00:00:00,962,35749,1,524.9475,USD
2010-02-15 00:00:00,2010-02-18 00:00:00,962,38654,1,509.1975,USD
2010-02-15 00:00:00,2010-02-18 00:00:00,962,40962,1,524.9475,GBP
2010-02-15 00:00:00,2010-02-18 00:00:00,962,68147,1,524.9475,GBP
2010-02-15 00:00:00,2010-02-18 00:00:00,962,77396,1,509.1975,USD
2010-02-15 00:00:00,2010-02-18 00:00:00,962,89509,1,524.9475,GBP
2010-02-15 00:00:00,2010-02-18 00:00:00,962,90504,1,524.9475,USD
2010-02-15 00:00:00,2010-02-18 00:00:00,962,91344,1,524.9475,GBP
2010-02-15 00:00:00,2010-02-18 00:00:00,962,91411,1,509.1975,GBP
2010-02-15 00:00:00,2010-02-18 00:00:00,962,91602,1,524.9475,USD
2010-02-15 00:00:00,2010-02-18 00:00:00,962,91723,1,524.9475,GBP
2010-02-15 00:00:00,2010-02-18 00:00:00,962,94404,1,524.9475,USD
2010-02-15 00:00:00,2010-02-18 00:00:00,962,95020,1,524.9475,USD
2010-02-15 00:00:00,2010-02-18 00:00:00,964,08817,1,346.4475,USD
2010-02-15 00:00:00,2010-02-18 00:00:00,964,20815,1,346.4475,USD
2010-02-15 00:00:00,2010-02-18 00:00:00,964,33133,1,356.9475,GBP
2010-02-15 00:00:00,2010-02-18 00:00:00,964,33155,1,356.9475,USD
2010-02-15 00:00:00,2010-02-18 00:00:00,964,33908,1,346.4475,USD
2010-02-15 00:00:00,2010-02-18 00:00:00,964,34109,1,356.9475,GBP
2010-02-15 00:00:00,2010-02-18 00:00:00,964,35120,1,356.9475,GBP
2010-02-15 00:00:00,2010-02-18 00:00:00,964,35603,1,346.4475,USD
2010-02-15 00:00:00,2010-02-18 00:00:00,964,46060,1,346.4475,USD
2010-02-15 00:00:00,2010-02-18 00:00:00,964,64152,1,346.4475,GBP
2010-02-15 00:00:00,2010-02-18 00:00:00,964,70510,1,356.9475,USD
2010-02-15 00:00:00,2010-02-18 00:00:00,964,73701,1,356.9475,USD
2010-02-15 00:00:00,2010-02-18 00:00:00,964,76021,1,346.4475,GBP
2010-02-15 00:00:00,2010-02-18 00:00:00,964,77450,1,346.4475,GBP
2010-02-15 00:00:00,2010-02-18 00:00:00,964,77517,1,356.9475,USD
2010-02-15 00:00:00,2010-02-18 00:00:00,964,90242,1,356.9475,USD
2010-02-15 00:00:00,2010-02-18 00:00:00,964,91361,1,356.9475,USD
2010-02-15 00:00:00,2010-02-18 00:00:00,964,93460,1,356.9475,USD
2010-02-15 00:00:00,2010-02-18 00:00:00,979,33982,1,409.4475,USD
2010-02-15 00:00:00,2010-02-18 00:00:00,979,65706,1,409.4475,GBP
2010-02-15 00:00:00,2010-02-18 00:00:00,979,66762,1,409.4475,USD
2010-02-15 00:00:00,2010-02-18 00:00:00,979,70816,1,393.6975,GBP
2010-02-15 00:00:00,2010-02-18 00:00:00,979,72722,1,393.6975,USD
2010-02-15 00:00:00,2010-02-18 00:00:00,979,75227,1,409.4475,USD
2010-02-15 00:00:00,2010-02-18 00:00:00,979,97027,1,393.6975,GBP
2010-02-15 00:00:00,2010-02-18 00:00:00,981,32444,1,157.4475,GBP
2010-02-15 00:00:00,2010-02-18 00:00:00,981,33050,1,157.4475,GBP
2010-02-15 00:00:00,2010-02-18 00:00:00,981,33181,1,209.9475,USD
2010-02-15 00:00:00,2010-02-18 00:00:00,981,37341,1,157.4475,GBP
2010-02-15 00:00:00,2010-02-18 00:00:00,981,55104,1,157.4475,GBP
2010-02-15 00:00:00,2010-02-18 00:00:00,981,94043,1,157.4475,USD
2010-02-15 00:00:00,2010-02-18 00:00:00,981,94044,1,157.4475,USD
2010-02-15 00:00:00,2010-02-18 00:00:00,981,95120,1,167.9475,USD
2010-02-15 00:00:00,2010-02-18 00:00:00,988,37096,1,414.6975,USD
2010-02-15 00:00:00,2010-02-18 00:00:00,989,29014,1,451.4475,GBP
2010-02-15 00:00:00,2010-02-18 00:00:00,989,32763,1,451.4475,GBP
2010-02-15 00:00:00,2010-02-18 00:00:00,989,32935,1,467.1975,USD
2010-02-15 00:00:00,2010-02-18 00:00:00,989,34275,1,467.1975,GBP
2010-02-15 00:00:00,2010-02-18 00:00:00,989,39581,2,902.895,GBP
2010-02-15 00:00:00,2010-02-18 00:00:00,989,53181,1,451.4475,GBP
2010-02-15 00:00:00,2010-02-18 00:00:00,989,67501,1,467.1975,GBP
2010-02-15 00:00:00,2010-02-18 00:00:00,989,70003,1,467.1975,GBP
2010-02-15 00:00:00,2010-02-18 00:00:00,989,71225,1,451.4475,GBP
2010-02-15 00:00:00,2010-02-18 00:00:00,989,72404,1,467.1975,GBP
2010-02-15 00:00:00,2010-02-18 00:00:00,989,73003,1,451.4475,USD
2010-02-15 00:00:00,2010-02-18 00:00:00,989,75019,1,467.1975,USD
2010-02-15 00:00:00,2010-02-18 00:00:00,989,75556,1,467.1975,USD
2010-02-15 00:00:00,2010-02-18 00:00:00,989,85018,1,467.1975,GBP
2010-02-15 00:00:00,2010-02-18 00:00:00,989,85302,1,467.1975,USD
2010-02-15 00:00:00,2010-02-18 00:00:00,989,92604,1,451.4475,GBP
2010-02-15 00:00:00,2010-02-18 00:00:00,989,93455,1,451.4475,GBP
2010-02-15 00:00:00,2010-02-18 00:00:00,989,97068,1,451.4475,USD
2010-02-15 00:00:00,2010-02-18 00:00:00,990,06248,1,530.1975,USD
2010-02-15 00:00:00,2010-02-18 00:00:00,990,08648,1,524.9475,GBP
2010-02-15 00:00:00,2010-02-18 00:00:00,990,29118,1,472.4475,GBP
2010-02-15 00:00:00,2010-02-18 00:00:00,990,38651,1,456.6975,USD
2010-02-15 00:00:00,2010-02-18 00:00:00,990,70570,1,524.9475,GBP
2010-02-15 00:00:00,2010-02-18 00:00:00,990,72756,1,472.4475,USD
2010-02-15 00:00:00,2010-02-18 00:00:00,990,72903,1,456.6975,GBP
2010-02-15 00:00:00,2010-02-18 00:00:00,990,78745,1,456.6975,GBP
2010-02-15 00:00:00,2010-02-18 00:00:00,990,82901,1,524.9475,USD
2010-02-15 00:00:00,2010-02-18 00:00:00,992,32044,1,288.6975,GBP
2010-02-15 00:00:00,2010-02-18 00:00:00,992,32137,1,314.9475,USD
2010-02-15 00:00:00,2010-02-18 00:00:00,992,33042,1,288.6975,GBP
2010-02-15 00:00:00,2010-02-18 00:00:00,992,33952,1,288.6975,USD
2010-02-15 00:00:00,2010-02-18 00:00:00,992,66032,1,288.6975,GBP
2010-02-15 00:00:00,2010-02-18 00:00:00,992,70127,1,278.1975,GBP
2010-02-15 00:00:00,2010-02-18 00:00:00,992,71292,1,314.9475,USD
2010-02-15 00:00:00,2010-02-18 00:00:00,992,77092,1,278.1975,USD
2010-02-15 00:00:00,2010-02-18 00:00:00,992,85205,1,288.6975,USD
2010-02-15 00:00:00,2010-02-18 00:00:00,992,90240,1,278.1975,USD
2010-02-15 00:00:00,2010-02-18 00:00:00,993,08901,1,330.6975,USD
2010-02-15 00:00:00,2010-02-18 00:00:00,993,94133,1,330.6975,GBP
2010-02-15 00:00:00,2010-02-18 00:00:00,1003,21804,1,86.5725,USD
2010-02-15 00:00:00,2010-02-18 00:00:00,1003,29201,1,86.5725,GBP
2010-02-15 00:00:00,2010-02-18 00:00:00,1003,33435,1,86.5725,GBP
2010-02-15 00:00:00,2010-02-18 00:00:00,1003,40212,1,346.29,GBP
2010-02-15 00:00:00,2010-02-18 00:00:00,1003,40212,1,173.145,USD
2010-02-15 00:00:00,2010-02-18 00:00:00,1003,46555,1,86.5725,GBP
2010-02-15 00:00:00,2010-02-18 00:00:00,1003,47804,1,1038.8700000000001,GBP
2010-02-15 00:00:00,2010-02-18 00:00:00,1003,47804,1,865.725,USD
2010-02-15 00:00:00,2010-02-18 00:00:00,1003,72762,1,86.5725,USD
2010-02-15 00:00:00,2010-02-18 00:00:00,1005,34609,1,107.5725,GBP
2010-02-15 00:00:00,2010-02-18 00:00:00,1005,36640,1,107.5725,GBP
2010-02-15 00:00:00,2010-02-18 00:00:00,1005,41102,1,107.5725,USD
2010-02-15 00:00:00,2010-02-18 00:00:00,1005,78233,1,107.5725,USD
2010-02-15 00:00:00,2010-02-18 00:00:00,1005,94608,1,107.5725,USD
2010-02-15 00:00:00,2010-02-18 00:00:00,1008,54806,1,236.1975,GBP
2010-02-15 00:00:00,2010-02-18 00:00:00,1008,89180,1,236.1975,USD
2010-02-15 00:00:00,2010-02-18 00:00:00,1014,33040,17,1471.7325,GBP
2010-02-15 00:00:00,2010-02-18 00:00:00,1014,46737,1,86.5725,GBP
2010-02-15 00:00:00,2010-02-18 00:00:00,1014,89005,1,86.5725,GBP
2010-02-15 00:00:00,2010-02-18 00:00:00,1014,89113,1,86.5725,GBP
2010-02-15 00:00:00,2010-02-18 00:00:00,1045,06790,1,207.3225,GBP
2010-02-15 00:00:00,2010-02-18 00:00:00,1045,53946,1,204.6975,GBP
2010-02-15 00:00:00,2010-02-18 00:00:00,1045,72207,1,207.3225,GBP
2010-02-15 00:00:00,2010-02-18 00:00:00,1045,90505,1,207.3225,USD
2010-02-15 00:00:00,2010-02-18 00:00:00,1046,07054,1,99.6975,GBP
2010-02-15 00:00:00,2010-02-18 00:00:00,1046,07435,1,99.6975,USD
2010-02-15 00:00:00,2010-02-18 00:00:00,1046,07675,1,99.6975,GBP
2010-02-15 00:00:00,2010-02-18 00:00:00,1046,37362,1,99.6975,USD
2010-02-15 00:00:00,2010-02-18 00:00:00,1046,41831,1,99.6975,GBP
2010-02-15 00:00:00,2010-02-18 00:00:00,1046,70563,1,99.6975,GBP
2010-02-15 00:00:00,2010-02-18 00:00:00,1046,75668,1,99.6975,USD
2010-02-15 00:00:00,2010-02-18 00:00:00,1046,76001,1,99.6975,USD
2010-02-15 00:00:00,2010-02-18 00:00:00,1046,78380,1,99.6975,GBP
2010-02-15 00:00:00,2010-02-18 00:00:00,1046,78504,1,99.6975,USD
2010-02-15 00:00:00,2010-02-18 00:00:00,1046,85204,1,99.6975,USD
2010-02-15 00:00:00,2010-02-18 00:00:00,1046,86401,1,99.6975,GBP
2010-02-15 00:00:00,2010-02-18 00:00:00,1046,92009,1,89.1975,GBP
2010-02-15 00:00:00,2010-02-18 00:00:00,1053,07442,1,251.9475,GBP
2010-02-15 00:00:00,2010-02-18 00:00:00,1053,66839,1,251.9475,GBP
2010-02-15 00:00:00,2010-02-18 00:00:00,1053,76251,1,251.9475,USD
2010-02-15 00:00:00,2010-02-18 00:00:00,1053,83703,1,251.9475,USD
2010-02-15 00:00:00,2010-02-18 00:00:00,1053,85027,1,251.9475,USD
2010-02-15 00:00:00,2010-02-18 00:00:00,1053,87120,1,251.9475,USD
2010-02-15 00:00:00,2010-02-18 00:00:00,1053,91010,1,251.9475,USD
2010-02-15 00:00:00,2010-02-18 00:00:00,1053,92337,1,251.9475,USD
2010-02-15 00:00:00,2010-02-18 00:00:00,1064,33155,1,241.4475,USD
2010-02-15 00:00:00,2010-02-18 00:00:00,1064,35077,1,233.5725,USD
2010-02-15 00:00:00,2010-02-18 00:00:00,1065,02860,1,296.5725,USD
2010-02-15 00:00:00,2010-02-18 00:00:00,1065,34741,1,296.5725,GBP
2010-02-15 00:00:00,2010-02-18 00:00:00,1065,36507,1,296.5725,USD
2010-02-15 00:00:00,2010-02-18 00:00:00,1065,40229,1,593.145,USD
2010-02-15 00:00:00,2010-02-18 00:00:00,1065,42327,1,296.5725,USD
2010-02-15 00:00:00,2010-02-18 00:00:00,1065,47918,1,593.145,GBP
2010-02-15 00:00:00,2010-02-18 00:00:00,1065,47918,1,296.5725,USD
2010-02-15 00:00:00,2010-02-18 00:00:00,1065,57702,1,296.5725,USD
2010-02-15 00:00:00,2010-02-18 00:00:00,1065,63390,1,296.5725,USD
2010-02-15 00:00:00,2010-02-18 00:00:00,1065,66083,1,296.5725,USD
2010-02-15 00:00:00,2010-02-18 00:00:00,1065,70739,1,296.5725,USD
2010-02-15 00:00:00,2010-02-18 00:00:00,1065,76135,1,296.5725,USD
2010-02-15 00:00:00,2010-02-18 00:00:00,1065,77429,2,593.145,GBP
2010-02-15 00:00:00,2010-02-18 00:00:00,1065,83814,1,296.5725,USD
2010-02-15 00:00:00,2010-02-18 00:00:00,1065,84404,2,593.145,USD
2010-02-15 00:00:00,2010-02-18 00:00:00,1065,84620,1,296.5725,USD
2010-02-15 00:00:00,2010-02-18 00:00:00,1065,84663,1,296.5725,GBP
2010-02-15 00:00:00,2010-02-18 00:00:00,1065,85283,1,296.5725,GBP
2010-02-15 00:00:00,2010-02-18 00:00:00,1065,87110,1,296.5725,USD
2010-02-15 00:00:00,2010-02-18 00:00:00,1065,87112,1,296.5725,GBP
2010-02-15 00:00:00,2010-02-18 00:00:00,1065,87505,1,296.5725,USD
2010-02-15 00:00:00,2010-02-18 00:00:00,1065,89048,1,296.5725,GBP
2010-02-15 00:00:00,2010-02-18 00:00:00,1065,91792,1,296.5725,GBP
2010-02-15 00:00:00,2010-02-18 00:00:00,1065,92083,1,296.5725,USD
2010-02-15 00:00:00,2010-02-18 00:00:00,1065,92109,2,593.145,GBP
2010-02-15 00:00:00,2010-02-18 00:00:00,1065,92530,1,296.5725,GBP
2010-02-15 00:00:00,2010-02-18 00:00:00,1065,92868,1,296.5725,USD
2010-02-15 00:00:00,2010-02-18 00:00:00,1065,93274,5,1482.8625,USD
2010-02-15 00:00:00,2010-02-18 00:00:00,1065,97701,1,296.5725,USD
2010-02-15 00:00:00,2010-02-18 00:00:00,1066,06489,1,296.5725,GBP
2010-02-15 00:00:00,2010-02-18 00:00:00,1066,07452,1,296.5725,GBP
2010-02-15 00:00:00,2010-02-18 00:00:00,1066,08527,1,296.5725,USD
2010-02-15 00:00:00,2010-02-18 00:00:00,1066,08721,1,296.5725,GBP
2010-02-15 00:00:00,2010-02-18 00:00:00,1066,19808,1,296.5725,GBP
2010-02-15 00:00:00,2010-02-18 00:00:00,1066,19966,1,296.5725,GBP
2010-02-15 00:00:00,2010-02-18 00:00:00,1066,21237,1,296.5725,GBP
2010-02-15 00:00:00,2010-02-18 00:00:00,1066,32765,1,296.5725,USD
2010-02-15 00:00:00,2010-02-18 00:00:00,1066,33880,1,296.5725,GBP
2010-02-15 00:00:00,2010-02-18 00:00:00,1066,35204,1,296.5725,GBP
2010-02-15 00:00:00,2010-02-18 00:00:00,1066,35594,1,296.5725,GBP
2010-02-15 00:00:00,2010-02-18 00:00:00,1066,36201,1,296.5725,GBP
2010-02-15 00:00:00,2010-02-18 00:00:00,1066,37067,1,296.5725,GBP
2010-02-15 00:00:00,2010-02-18 00:00:00,1066,40229,1,889.7175,USD
2010-02-15 00:00:00,2010-02-18 00:00:00,1066,41640,1,296.5725,GBP
2010-02-15 00:00:00,2010-02-18 00:00:00,1066,42327,1,593.145,USD
2010-02-15 00:00:00,2010-02-18 00:00:00,1066,47918,1,593.145,GBP
2010-02-15 00:00:00,2010-02-18 00:00:00,1066,59601,1,296.5725,GBP
2010-02-15 00:00:00,2010-02-18 00:00:00,1066,68134,1,296.5725,GBP
2010-02-15 00:00:00,2010-02-18 00:00:00,1066,72150,1,296.5725,GBP
2010-02-15 00:00:00,2010-02-18 00:00:00,1066,74063,1,296.5725,GBP
2010-02-15 00:00:00,2010-02-18 00:00:00,1066,76051,1,296.5725,USD
2010-02-15 00:00:00,2010-02-18 00:00:00,1066,76240,1,296.5725,GBP
2010-02-15 00:00:00,2010-02-18 00:00:00,1066,77354,1,296.5725,GBP
2010-02-15 00:00:00,2010-02-18 00:00:00,1066,79925,1,296.5725,USD
2010-02-15 00:00:00,2010-02-18 00:00:00,1066,83202,1,296.5725,GBP
2010-02-15 00:00:00,2010-02-18 00:00:00,1066,84003,2,593.145,USD
2010-02-15 00:00:00,2010-02-18 00:00:00,1066,84663,1,296.5725,GBP
2010-02-15 00:00:00,2010-02-18 00:00:00,1066,84765,1,296.5725,GBP
2010-02-15 00:00:00,2010-02-18 00:00:00,1066,85027,3,889.7175,GBP
2010-02-15 00:00:00,2010-02-18 00:00:00,1066,85259,1,296.5725,GBP
2010-02-15 00:00:00,2010-02-18 00:00:00,1066,86323,1,296.5725,USD
2010-02-15 00:00:00,2010-02-18 00:00:00,1066,87112,1,296.5725,USD
2010-02-15 00:00:00,2010-02-18 00:00:00,1066,90631,1,296.5725,GBP
2010-02-15 00:00:00,2010-02-18 00:00:00,1066,91351,1,296.5725,GBP
2010-02-15 00:00:00,2010-02-18 00:00:00,1066,92313,1,296.5725,GBP
2010-02-15 00:00:00,2010-02-18 00:00:00,1066,92544,1,296.5725,GBP
2010-02-15 00:00:00,2010-02-18 00:00:00,1066,93003,1,296.5725,GBP
2010-02-15 00:00:00,2010-02-18 00:00:00,1066,95322,1,296.5725,USD
2010-02-15 00:00:00,2010-02-18 00:00:00,1066,95351,1,296.5725,GBP
2010-02-15 00:00:00,2010-02-18 00:00:00,1066,95602,1,296.5725,GBP
2010-02-15 00:00:00,2010-02-18 00:00:00,1066,95621,1,296.5725,GBP
2010-02-15 00:00:00,2010-02-18 00:00:00,1066,95688,1,296.5725,GBP
2010-02-15 00:00:00,2010-02-18 00:00:00,1066,95747,1,296.5725,USD
2010-02-15 00:00:00,2010-02-18 00:00:00,1066,95826,1,296.5725,USD
2010-02-15 00:00:00,2010-02-18 00:00:00,1066,97442,1,296.5725,GBP
2010-02-15 00:00:00,2010-02-18 00:00:00,1079,57005,1,262.4475,GBP
2010-02-15 00:00:00,2010-02-18 00:00:00,1079,92843,1,262.4475,GBP
2010-02-15 00:00:00,2010-02-18 00:00:00,1079,97131,1,262.4475,GBP
2010-02-15 00:00:00,2010-02-18 00:00:00,1080,37659,1,262.4475,USD
2010-02-15 00:00:00,2010-02-18 00:00:00,1081,89040,1,225.6975,GBP
2010-02-15 00:00:00,2010-02-18 00:00:00,1082,40977,1,225.6975,USD
2010-02-15 00:00:00,2010-02-18 00:00:00,1082,53121,1,225.6975,GBP
2010-02-15 00:00:00,2010-02-18 00:00:00,1082,53121,1,225.6975,USD
2010-02-15 00:00:00,2010-02-18 00:00:00,1082,67204,1,225.6975,USD
2010-02-15 00:00:00,2010-02-18 00:00:00,1082,77056,1,225.6975,USD
2010-02-15 00:00:00,2010-02-18 00:00:00,1082,79119,1,225.6975,USD
2010-02-15 00:00:00,2010-02-18 00:00:00,1092,57301,1,169.5225,USD
2010-02-15 00:00:00,2010-02-18 00:00:00,1105,01571,1,246.6975,GBP
2010-02-15 00:00:00,2010-02-18 00:00:00,1105,34601,1,246.6975,GBP
2010-02-15 00:00:00,2010-02-18 00:00:00,1105,59602,1,246.6975,GBP
2010-02-15 00:00:00,2010-02-18 00:00:00,1105,76126,1,246.6975,GBP
2010-02-15 00:00:00,2010-02-18 00:00:00,1105,83856,1,246.6975,USD
2010-02-15 00:00:00,2010-02-18 00:00:00,1105,91016,1,246.6975,USD
2010-02-15 00:00:00,2010-02-18 00:00:00,1105,93446,1,246.6975,GBP
2010-02-15 00:00:00,2010-02-18 00:00:00,1105,94025,1,246.6975,USD
2010-02-15 00:00:00,2010-02-18 00:00:00,1106,84601,1,246.6975,USD
2010-02-15 00:00:00,2010-02-18 00:00:00,1106,89041,1,246.6975,USD
2010-02-15 00:00:00,2010-02-18 00:00:00,1106,89117,1,246.6975,GBP
2010-02-15 00:00:00,2010-02-18 00:00:00,1106,92102,1,246.6975,USD
2010-02-15 00:00:00,2010-02-18 00:00:00,1106,93535,3,740.0925,GBP
2010-02-15 00:00:00,2010-02-18 00:00:00,1108,66111,1,146.9475,GBP
2010-02-15 00:00:00,2010-02-18 00:00:00,1109,33483,1,209.9475,GBP
2010-02-15 00:00:00,2010-02-18 00:00:00,1109,41102,1,209.9475,GBP
2010-02-15 00:00:00,2010-02-18 00:00:00,1109,50126,1,209.9475,GBP
2010-02-15 00:00:00,2010-02-18 00:00:00,1109,75685,1,209.9475,USD
2010-02-15 00:00:00,2010-02-18 00:00:00,1109,76087,1,209.9475,GBP
2010-02-15 00:00:00,2010-02-18 00:00:00,1109,86401,1,209.9475,GBP
2010-02-15 00:00:00,2010-02-18 00:00:00,1109,87016,1,209.9475,GBP
2010-02-15 00:00:00,2010-02-18 00:00:00,1109,94523,1,209.9475,GBP
2010-02-15 00:00:00,2010-02-18 00:00:00,1109,94550,1,209.9475,GBP
2010-02-15 00:00:00,2010-02-18 00:00:00,1109,95023,1,209.9475,GBP
2010-02-15 00:00:00,2010-02-18 00:00:00,1110,40977,1,209.9475,GBP
2010-02-15 00:00:00,2010-02-18 00:00:00,1110,47371,1,209.9475,GBP
2010-02-15 00:00:00,2010-02-18 00:00:00,1110,50230,1,209.9475,USD
2010-02-15 00:00:00,2010-02-18 00:00:00,1110,75019,1,209.9475,USD
2010-02-15 00:00:00,2010-02-18 00:00:00,1110,79036,1,209.9475,USD
2010-02-15 00:00:00,2010-02-18 00:00:00,1110,97101,1,209.9475,GBP
2010-02-15 00:00:00,2010-02-18 00:00:00,1111,06082,1,116.4975,GBP
2010-02-15 00:00:00,2010-02-18 00:00:00,1111,06484,1,116.4975,USD
2010-02-15 00:00:00,2010-02-18 00:00:00,1111,20001,1,116.4975,GBP
2010-02-15 00:00:00,2010-02-18 00:00:00,1111,32747,1,116.4975,GBP
2010-02-15 00:00:00,2010-02-18 00:00:00,1111,33525,1,116.4975,GBP
2010-02-15 00:00:00,2010-02-18 00:00:00,1111,34117,1,116.4975,GBP
2010-02-15 00:00:00,2010-02-18 00:00:00,1111,34208,1,116.4975,GBP
2010-02-15 00:00:00,2010-02-18 00:00:00,1111,34683,1,116.4975,USD
2010-02-15 00:00:00,2010-02-18 00:00:00,1111,46540,1,116.4975,GBP
2010-02-15 00:00:00,2010-02-18 00:00:00,1111,77562,1,116.4975,GBP
2010-02-15 00:00:00,2010-02-18 00:00:00,1111,78223,1,116.4975,GBP
2010-02-15 00:00:00,2010-02-18 00:00:00,1111,85023,1,116.4975,GBP
2010-02-15 00:00:00,2010-02-18 00:00:00,1111,85024,1,116.4975,GBP
2010-02-15 00:00:00,2010-02-18 00:00:00,1111,92506,1,116.4975,GBP
2010-02-15 00:00:00,2010-02-18 00:00:00,1111,93436,1,116.4975,GBP
2010-02-15 00:00:00,2010-02-18 00:00:00,1111,93560,1,116.4975,GBP
2010-02-15 00:00:00,2010-02-18 00:00:00,1111,99515,1,116.4975,GBP
2010-02-15 00:00:00,2010-02-18 00:00:00,1112,20001,1,116.4975,GBP
2010-02-15 00:00:00,2010-02-18 00:00:00,1112,21052,1,116.4975,GBP
2010-02-15 00:00:00,2010-02-18 00:00:00,1112,32043,1,116.4975,USD
2010-02-15 00:00:00,2010-02-18 00:00:00,1112,32747,1,116.4975,USD
2010-02-15 00:00:00,2010-02-18 00:00:00,1112,33756,1,116.4975,GBP
2010-02-15 00:00:00,2010-02-18 00:00:00,1112,34116,1,116.4975,USD
2010-02-15 00:00:00,2010-02-18 00:00:00,1112,35214,1,116.4975,GBP
2010-02-15 00:00:00,2010-02-18 00:00:00,1112,39452,1,116.4975,GBP
2010-02-15 00:00:00,2010-02-18 00:00:00,1112,70726,1,116.4975,USD
2010-02-15 00:00:00,2010-02-18 00:00:00,1112,73077,1,116.4975,GBP
2010-02-15 00:00:00,2010-02-18 00:00:00,1112,73095,1,116.4975,USD
2010-02-15 00:00:00,2010-02-18 00:00:00,1112,78223,1,116.4975,USD
2010-02-15 00:00:00,2010-02-18 00:00:00,1112,79064,1,116.4975,USD
2010-02-15 00:00:00,2010-02-18 00:00:00,1112,83660,1,116.4975,GBP
2010-02-15 00:00:00,2010-02-18 00:00:00,1112,92555,1,116.4975,GBP
2010-02-15 00:00:00,2010-02-18 00:00:00,1112,93446,1,116.4975,GBP
2010-02-15 00:00:00,2010-02-18 00:00:00,1112,95747,1,116.4975,USD
2010-02-15 00:00:00,2010-02-18 00:00:00,1112,99515,1,116.4975,USD
2010-02-15 00:00:00,2010-02-18 00:00:00,1116,29483,1,251.9475,GBP
2010-02-15 00:00:00,2010-02-18 00:00:00,1116,32810,1,251.9475,GBP
2010-02-15 00:00:00,2010-02-18 00:00:00,1116,33325,1,251.9475,GBP
2010-02-15 00:00:00,2010-02-18 00:00:00,1116,33411,1,251.9475,GBP
2010-02-15 00:00:00,2010-02-18 00:00:00,1116,34442,1,251.9475,GBP
2010-02-15 00:00:00,2010-02-18 00:00:00,1116,35127,1,251.9475,GBP
2010-02-15 00:00:00,2010-02-18 00:00:00,1116,37604,1,251.9475,GBP
2010-02-15 00:00:00,2010-02-18 00:00:00,1116,46142,1,251.9475,GBP
2010-02-15 00:00:00,2010-02-18 00:00:00,1116,53593,1,251.9475,GBP
2010-02-15 00:00:00,2010-02-18 00:00:00,1116,56081,1,251.9475,USD
2010-02-15 00:00:00,2010-02-18 00:00:00,1116,58103,1,251.9475,GBP
2010-02-15 00:00:00,2010-02-18 00:00:00,1116,63020,1,251.9475,USD
2010-02-15 00:00:00,2010-02-18 00:00:00,1116,68128,1,251.9475,USD
2010-02-15 00:00:00,2010-02-18 00:00:00,1116,76513,2,503.895,GBP
2010-02-15 00:00:00,2010-02-18 00:00:00,1116,90040,1,251.9475,GBP
2010-02-15 00:00:00,2010-02-18 00:00:00,1116,92124,1,251.9475,GBP
2010-02-15 00:00:00,2010-02-18 00:00:00,1116,96067,1,251.9475,USD
2010-02-15 00:00:00,2010-02-18 00:00:00,1120,01450,2,346.395,GBP
2010-02-15 00:00:00,2010-02-18 00:00:00,1120,08502,1,173.1975,GBP
2010-02-15 00:00:00,2010-02-18 00:00:00,1120,38301,1,173.1975,GBP
2010-02-15 00:00:00,2010-02-18 00:00:00,1120,78539,1,173.1975,GBP
2010-02-15 00:00:00,2010-02-18 00:00:00,1120,86503,1,173.1975,GBP
2010-02-15 00:00:00,2010-02-18 00:00:00,1120,92210,1,173.1975,GBP
2010-02-15 00:00:00,2010-02-18 00:00:00,1122,36874,1,157.4475,GBP
2010-02-15 00:00:00,2010-02-18 00:00:00,1122,37663,1,157.4475,USD
2010-02-15 00:00:00,2010-02-18 00:00:00,1122,77375,1,157.4475,GBP
2010-02-15 00:00:00,2010-02-18 00:00:00,1122,77627,1,157.4475,GBP
2010-02-15 00:00:00,2010-02-18 00:00:00,1122,85331,1,157.4475,USD
2010-02-15 00:00:00,2010-02-18 00:00:00,1122,87124,1,157.4475,GBP
2010-02-15 00:00:00,2010-02-18 00:00:00,1131,06109,1,419.9475,GBP
2010-02-15 00:00:00,2010-02-18 00:00:00,1131,37725,1,419.9475,USD
2010-02-15 00:00:00,2010-02-18 00:00:00,1131,78749,1,419.9475,USD
2010-02-15 00:00:00,2010-02-18 00:00:00,1131,92337,1,419.9475,USD
2010-02-15 00:00:00,2010-02-18 00:00:00,1131,95603,1,419.9475,GBP
2010-02-15 00:00:00,2010-02-18 00:00:00,1132,32825,1,629.9475,USD
2010-02-15 00:00:00,2010-02-18 00:00:00,1132,40351,1,629.9475,USD
2010-02-15 00:00:00,2010-02-18 00:00:00,1132,76360,1,629.9475,USD
2010-02-15 00:00:00,2010-02-18 00:00:00,1132,84062,1,629.9475,GBP
2010-02-15 00:00:00,2010-02-18 00:00:00,1132,85306,1,629.9475,USD
2010-02-15 00:00:00,2010-02-18 00:00:00,1132,87042,1,629.9475,USD
2010-02-15 00:00:00,2010-02-18 00:00:00,1132,89147,1,629.9475,GBP
2010-02-15 00:00:00,2010-02-18 00:00:00,1133,47601,1,629.9475,GBP
2010-02-15 00:00:00,2010-02-18 00:00:00,1133,57319,1,629.9475,GBP
2010-02-15 00:00:00,2010-02-18 00:00:00,1150,75046,6,2356.2,GBP
2010-02-15 00:00:00,2010-02-18 00:00:00,1150,85219,1,392.7,GBP
2010-02-15 00:00:00,2010-02-18 00:00:00,1157,07481,1,377.9475,USD
2010-02-15 00:00:00,2010-02-18 00:00:00,1157,34698,1,377.9475,USD
2010-02-15 00:00:00,2010-02-18 00:00:00,1157,37110,1,377.9475,GBP
2010-02-15 00:00:00,2010-02-18 00:00:00,1157,53227,1,755.895,GBP
2010-02-15 00:00:00,2010-02-18 00:00:00,1157,53227,1,2267.685,USD
2010-02-15 00:00:00,2010-02-18 00:00:00,1157,53581,1,377.9475,GBP
2010-02-15 00:00:00,2010-02-18 00:00:00,1157,65065,1,377.9475,GBP
2010-02-15 00:00:00,2010-02-18 00:00:00,1157,78503,1,377.9475,GBP
2010-02-15 00:00:00,2010-02-18 00:00:00,1157,83706,1,377.9475,GBP
2010-02-15 00:00:00,2010-02-18 00:00:00,1166,29945,1,535.4475,USD
2010-02-15 00:00:00,2010-02-18 00:00:00,1166,46168,1,535.4475,USD
2010-02-15 00:00:00,2010-02-18 00:00:00,1166,91506,1,535.4475,USD
2010-02-15 00:00:00,2010-02-18 00:00:00,1166,94514,1,535.4475,GBP
2010-02-15 00:00:00,2010-02-18 00:00:00,1167,29624,1,309.6975,USD
2010-02-15 00:00:00,2010-02-18 00:00:00,1167,42141,1,312.3225,USD
2010-02-15 00:00:00,2010-02-18 00:00:00,1167,58554,1,278.1975,GBP
2010-02-15 00:00:00,2010-02-18 00:00:00,1168,06106,1,367.4475,GBP
2010-02-15 00:00:00,2010-02-18 00:00:00,1168,32097,1,393.6975,GBP
2010-02-15 00:00:00,2010-02-18 00:00:00,1168,54824,1,367.4475,USD
2010-02-15 00:00:00,2010-02-18 00:00:00,1168,72774,1,367.4475,USD
2010-02-15 00:00:00,2010-02-18 00:00:00,1168,95014,1,367.4475,GBP
2010-02-15 00:00:00,2010-02-18 00:00:00,1169,32669,1,435.6975,GBP
2010-02-15 00:00:00,2010-02-18 00:00:00,1169,75065,1,435.6975,GBP
2010-02-15 00:00:00,2010-02-18 00:00:00,1173,07461,1,524.9475,GBP
2010-02-15 00:00:00,2010-02-18 00:00:00,1173,21215,1,524.9475,GBP
2010-02-15 00:00:00,2010-02-18 00:00:00,1173,29154,1,524.9475,USD
2010-02-15 00:00:00,2010-02-18 00:00:00,1173,29655,1,524.9475,GBP
2010-02-15 00:00:00,2010-02-18 00:00:00,1173,29682,1,524.9475,GBP
2010-02-15 00:00:00,2010-02-18 00:00:00,1173,32043,1,524.9475,GBP
2010-02-15 00:00:00,2010-02-18 00:00:00,1173,37912,1,524.9475,GBP
2010-02-15 00:00:00,2010-02-18 00:00:00,1173,46184,1,524.9475,GBP
2010-02-15 00:00:00,2010-02-18 00:00:00,1173,70816,1,524.9475,GBP
2010-02-15 00:00:00,2010-02-18 00:00:00,1173,74840,1,524.9475,GBP
2010-02-15 00:00:00,2010-02-18 00:00:00,1173,75060,1,524.9475,GBP
2010-02-15 00:00:00,2010-02-18 00:00:00,1173,77521,1,524.9475,USD
2010-02-15 00:00:00,2010-02-18 00:00:00,1173,77802,1,524.9475,USD
2010-02-15 00:00:00,2010-02-18 00:00:00,1182,29732,1,157.4475,USD
2010-02-15 00:00:00,2010-02-18 00:00:00,1182,32835,1,157.4475,GBP
2010-02-15 00:00:00,2010-02-18 00:00:00,1182,33172,2,314.895,USD
2010-02-15 00:00:00,2010-02-18 00:00:00,1182,33179,1,157.4475,GBP
2010-02-15 00:00:00,2010-02-18 00:00:00,1182,36502,1,157.4475,USD
2010-02-15 00:00:00,2010-02-18 00:00:00,1182,41042,1,157.4475,GBP
2010-02-15 00:00:00,2010-02-18 00:00:00,1182,72802,1,157.4475,USD
2010-02-15 00:00:00,2010-02-18 00:00:00,1182,76502,1,157.4475,USD
2010-02-15 00:00:00,2010-02-18 00:00:00,1182,78109,1,157.4475,USD
2010-02-15 00:00:00,2010-02-18 00:00:00,1182,85029,1,157.4475,GBP
2010-02-15 00:00:00,2010-02-18 00:00:00,1182,94268,2,314.895,GBP
2010-02-15 00:00:00,2010-02-18 00:00:00,1185,07060,1,419.9475,USD
2010-02-15 00:00:00,2010-02-18 00:00:00,1185,08514,1,419.9475,GBP
2010-02-15 00:00:00,2010-02-18 00:00:00,1185,29406,2,839.895,USD
2010-02-15 00:00:00,2010-02-18 00:00:00,1185,29445,1,419.9475,USD
2010-02-15 00:00:00,2010-02-18 00:00:00,1185,29485,1,419.9475,GBP
2010-02-15 00:00:00,2010-02-18 00:00:00,1185,32608,1,419.9475,GBP
2010-02-15 00:00:00,2010-02-18 00:00:00,1185,34951,1,419.9475,USD
2010-02-15 00:00:00,2010-02-18 00:00:00,1185,47553,1,419.9475,USD
2010-02-15 00:00:00,2010-02-18 00:00:00,1185,53115,1,419.9475,USD
2010-02-15 00:00:00,2010-02-18 00:00:00,1185,53225,1,2519.6850000000004,GBP
2010-02-15 00:00:00,2010-02-18 00:00:00,1185,53225,1,2519.6850000000004,USD
2010-02-15 00:00:00,2010-02-18 00:00:00,1185,70072,2,839.895,GBP
2010-02-15 00:00:00,2010-02-18 00:00:00,1185,70820,1,419.9475,USD
2010-02-15 00:00:00,2010-02-18 00:00:00,1185,73045,1,419.9475,USD
2010-02-15 00:00:00,2010-02-18 00:00:00,1185,73401,1,419.9475,GBP
2010-02-15 00:00:00,2010-02-18 00:00:00,1185,87020,1,419.9475,GBP
2010-02-15 00:00:00,2010-02-18 00:00:00,1185,87540,1,419.9475,GBP
2010-02-15 00:00:00,2010-02-18 00:00:00,1185,94928,1,419.9475,GBP
2010-02-15 00:00:00,2010-02-18 00:00:00,1185,95403,1,419.9475,USD
2010-02-15 00:00:00,2010-02-18 00:00:00,1188,29834,1,472.4475,USD
2010-02-15 00:00:00,2010-02-18 00:00:00,1188,32405,1,467.1975,USD
2010-02-15 00:00:00,2010-02-18 00:00:00,1188,77035,1,472.4475,USD
2010-02-15 00:00:00,2010-02-18 00:00:00,1188,95136,1,472.4475,USD
2010-02-15 00:00:00,2010-02-18 00:00:00,1191,07054,1,262.4475,USD
2010-02-15 00:00:00,2010-02-18 00:00:00,1191,29072,1,262.4475,GBP
2010-02-15 00:00:00,2010-02-18 00:00:00,1191,29720,1,262.4475,GBP
2010-02-15 00:00:00,2010-02-18 00:00:00,1191,36609,1,262.4475,GBP
2010-02-15 00:00:00,2010-02-18 00:00:00,1191,73601,1,262.4475,USD
2010-02-15 00:00:00,2010-02-18 00:00:00,1191,75061,1,262.4475,GBP
2010-02-15 00:00:00,2010-02-18 00:00:00,1191,77093,1,262.4475,GBP
2010-02-15 00:00:00,2010-02-18 00:00:00,1191,85548,1,262.4475,USD
2010-02-15 00:00:00,2010-02-18 00:00:00,1191,87048,1,262.4475,GBP
2010-02-15 00:00:00,2010-02-18 00:00:00,1203,07087,1,314.9475,GBP
2010-02-15 00:00:00,2010-02-18 00:00:00,1203,32266,1,314.9475,USD
2010-02-15 00:00:00,2010-02-18 00:00:00,1203,33810,1,314.9475,GBP
2010-02-15 00:00:00,2010-02-18 00:00:00,1203,34287,1,314.9475,USD
2010-02-15 00:00:00,2010-02-18 00:00:00,1203,41042,1,314.9475,USD
2010-02-15 00:00:00,2010-02-18 00:00:00,1203,59752,1,314.9475,USD
2010-02-15 00:00:00,2010-02-18 00:00:00,1203,63111,1,314.9475,GBP
2010-02-15 00:00:00,2010-02-18 00:00:00,1204,46239,1,419.9475,GBP
2010-02-15 00:00:00,2010-02-18 00:00:00,1204,50131,1,419.9475,GBP
2010-02-15 00:00:00,2010-02-18 00:00:00,1204,76667,1,419.9475,GBP
2010-02-15 00:00:00,2010-02-18 00:00:00,1204,78411,1,419.9475,GBP
2010-02-15 00:00:00,2010-02-18 00:00:00,1204,85610,1,419.9475,USD
2010-02-15 00:00:00,2010-02-18 00:00:00,1205,08084,1,367.4475,USD
2010-02-15 00:00:00,2010-02-18 00:00:00,1205,58601,1,367.4475,USD
2010-02-15 00:00:00,2010-02-18 00:00:00,1206,93905,1,509.1975,USD
2010-02-15 00:00:00,2010-02-18 00:00:00,1208,85032,1,330.6975,USD
2010-02-15 00:00:00,2010-02-18 00:00:00,1215,33176,1,356.9475,USD
2010-02-15 00:00:00,2010-02-18 00:00:00,1215,35116,1,356.9475,USD
2010-02-15 00:00:00,2010-02-18 00:00:00,1215,41183,1,356.9475,GBP
2010-02-15 00:00:00,2010-02-18 00:00:00,1215,52722,1,356.9475,GBP
2010-02-15 00:00:00,2010-02-18 00:00:00,1215,65261,1,362.1975,GBP
2010-02-15 00:00:00,2010-02-18 00:00:00,1215,72210,1,356.9475,USD
2010-02-15 00:00:00,2010-02-18 00:00:00,1215,73801,1,356.9475,USD
2010-02-15 00:00:00,2010-02-18 00:00:00,1215,75050,1,356.9475,USD
2010-02-15 00:00:00,2010-02-18 00:00:00,1215,76016,1,356.9475,USD
2010-02-15 00:00:00,2010-02-18 00:00:00,1215,76544,1,356.9475,USD
2010-02-15 00:00:00,2010-02-18 00:00:00,1215,77590,1,356.9475,GBP
2010-02-15 00:00:00,2010-02-18 00:00:00,1215,78148,1,356.9475,USD
2010-02-15 00:00:00,2010-02-18 00:00:00,1215,78216,1,356.9475,GBP
2010-02-15 00:00:00,2010-02-18 00:00:00,1215,87110,1,356.9475,USD
2010-02-15 00:00:00,2010-02-18 00:00:00,1225,38555,1,236.1975,USD
2010-02-15 00:00:00,2010-02-18 00:00:00,1227,21009,1,314.9475,GBP
2010-02-15 00:00:00,2010-02-18 00:00:00,1227,32413,1,314.9475,GBP
2010-02-15 00:00:00,2010-02-18 00:00:00,1227,70435,1,314.9475,USD
2010-02-15 00:00:00,2010-02-18 00:00:00,1227,77351,1,314.9475,USD
2010-02-15 00:00:00,2010-02-18 00:00:00,1227,82001,1,314.9475,GBP
2010-02-15 00:00:00,2010-02-18 00:00:00,1227,85306,1,314.9475,USD
2010-02-15 00:00:00,2010-02-18 00:00:00,1229,54952,1,251.9475,USD
2010-02-15 00:00:00,2010-02-18 00:00:00,1229,90304,1,236.1975,GBP
2010-02-15 00:00:00,2010-02-18 00:00:00,1230,06334,1,519.6975,USD
2010-02-15 00:00:00,2010-02-18 00:00:00,1230,07463,1,519.6975,GBP
2010-02-15 00:00:00,2010-02-18 00:00:00,1230,08865,1,519.6975,GBP
2010-02-15 00:00:00,2010-02-18 00:00:00,1230,32811,1,519.6975,GBP
2010-02-15 00:00:00,2010-02-18 00:00:00,1230,33175,2,1049.895,GBP
2010-02-15 00:00:00,2010-02-18 00:00:00,1230,33803,1,524.9475,GBP
2010-02-15 00:00:00,2010-02-18 00:00:00,1230,46227,1,519.6975,GBP
2010-02-15 00:00:00,2010-02-18 00:00:00,1230,47805,1,4199.580000000001,GBP
2010-02-15 00:00:00,2010-02-18 00:00:00,1230,47805,1,3674.6325000000006,USD
2010-02-15 00:00:00,2010-02-18 00:00:00,1230,50321,1,524.9475,GBP
2010-02-15 00:00:00,2010-02-18 00:00:00,1230,63109,1,519.6975,GBP
2010-02-15 00:00:00,2010-02-18 00:00:00,1230,70062,1,524.9475,GBP
2010-02-15 00:00:00,2010-02-18 00:00:00,1230,95492,1,519.6975,GBP
2010-02-15 00:00:00,2010-02-18 00:00:00,1230,97470,1,519.6975,USD
2010-02-15 00:00:00,2010-02-18 00:00:00,1230,99559,1,524.9475,USD
2010-02-15 00:00:00,2010-02-18 00:00:00,1298,32111,1,346.395,GBP
2010-02-15 00:00:00,2010-02-18 00:00:00,1298,94117,1,346.395,GBP
2010-02-15 00:00:00,2010-02-18 00:00:00,1317,07470,1,307.02,USD
2010-02-15 00:00:00,2010-02-18 00:00:00,1317,32539,1,307.02,GBP
2010-02-15 00:00:00,2010-02-18 00:00:00,1318,36203,1,307.02,USD
2010-02-15 00:00:00,2010-02-18 00:00:00,1318,92679,1,307.02,GBP
2010-02-15 00:00:00,2010-02-18 00:00:00,1329,59912,2,183.54,GBP
2010-02-15 00:00:00,2010-02-18 00:00:00,1329,91321,1,91.77,GBP
2010-02-15 00:00:00,2010-02-18 00:00:00,1330,08053,1,92.82,USD
2010-02-15 00:00:00,2010-02-18 00:00:00,1330,33147,1,91.77,USD
2010-02-15 00:00:00,2010-02-18 00:00:00,1330,36117,1,92.82,GBP
2010-02-15 00:00:00,2010-02-18 00:00:00,1330,39601,1,92.82,USD
2010-02-15 00:00:00,2010-02-18 00:00:00,1330,55433,1,92.82,USD
2010-02-15 00:00:00,2010-02-18 00:00:00,1330,64055,1,92.82,GBP
2010-02-15 00:00:00,2010-02-18 00:00:00,1346,65714,1,304.395,USD
2010-02-15 00:00:00,2010-02-18 00:00:00,1346,76302,1,304.395,USD
2010-02-15 00:00:00,2010-02-18 00:00:00,1347,47918,1,598.29,USD
2010-02-15 00:00:00,2010-02-18 00:00:00,1347,76111,1,299.145,GBP
2010-02-15 00:00:00,2010-02-18 00:00:00,1348,47918,1,299.145,GBP
2010-02-15 00:00:00,2010-02-18 00:00:00,1348,84765,1,299.145,GBP
2010-02-15 00:00:00,2010-02-18 00:00:00,1351,21224,1,309.645,GBP
2010-02-15 00:00:00,2010-02-18 00:00:00,1351,63126,1,309.645,USD
2010-02-15 00:00:00,2010-02-18 00:00:00,1352,63126,1,309.645,GBP
2010-02-15 00:00:00,2010-02-18 00:00:00,1352,72837,1,309.645,GBP
2010-02-15 00:00:00,2010-02-18 00:00:00,1352,75089,1,309.645,GBP
2010-02-15 00:00:00,2010-02-18 00:00:00,1379,63628,1,314.895,USD
2010-02-15 00:00:00,2010-02-18 00:00:00,1379,84047,1,314.895,GBP
2010-02-15 00:00:00,2010-02-18 00:00:00,1379,84783,1,314.895,GBP
2010-02-15 00:00:00,2010-02-18 00:00:00,1379,93012,1,314.895,GBP
2010-02-15 00:00:00,2010-02-18 00:00:00,1380,83402,1,314.895,GBP
2010-02-15 00:00:00,2010-02-18 00:00:00,1380,84783,1,314.895,GBP
2010-02-15 00:00:00,2010-02-18 00:00:00,1380,85203,1,314.895,GBP
2010-02-15 00:00:00,2010-02-18 00:00:00,1425,29153,1,286.02,USD
2010-02-15 00:00:00,2010-02-18 00:00:00,1425,51503,1,286.02,GBP
2010-02-15 00:00:00,2010-02-18 00:00:00,1425,72735,1,286.02,USD
2010-02-15 00:00:00,2010-02-18 00:00:00,1426,02664,1,286.02,GBP
2010-02-15 00:00:00,2010-02-18 00:00:00,1429,76708,1,283.395,GBP
2010-02-15 00:00:00,2010-02-18 00:00:00,1430,73064,1,283.395,USD
2010-02-15 00:00:00,2010-02-18 00:00:00,1430,78641,1,283.395,USD
2010-02-15 00:00:00,2010-02-18 00:00:00,1430,85253,1,283.395,GBP
2010-02-15 00:00:00,2010-02-18 00:00:00,1435,06281,1,312.27,USD
2010-02-15 00:00:00,2010-02-18 00:00:00,1435,65037,2,624.54,GBP
2010-02-15 00:00:00,2010-02-18 00:00:00,1435,68404,1,312.27,USD
2010-02-15 00:00:00,2010-02-18 00:00:00,1435,76006,1,312.27,USD
2010-02-15 00:00:00,2010-02-18 00:00:00,1435,85262,1,312.27,USD
2010-02-15 00:00:00,2010-02-18 00:00:00,1435,85308,1,312.27,GBP
2010-02-15 00:00:00,2010-02-18 00:00:00,1436,73013,1,312.27,GBP
2010-02-15 00:00:00,2010-02-18 00:00:00,1449,29577,1,118.02,GBP
2010-02-15 00:00:00,2010-02-18 00:00:00,1449,93063,2,236.04,GBP
2010-02-15 00:00:00,2010-02-18 00:00:00,1450,85621,1,118.02,USD
2010-02-15 00:00:00,2010-02-18 00:00:00,1450,93063,2,236.04,GBP
2010-02-15 00:00:00,2010-02-18 00:00:00,1477,39452,1,317.52,USD
2010-02-15 00:00:00,2010-02-18 00:00:00,1477,53227,1,317.52,GBP
2010-02-15 00:00:00,2010-02-18 00:00:00,1477,53227,1,635.04,USD
2010-02-15 00:00:00,2010-02-18 00:00:00,1477,83328,1,317.52,USD
2010-02-15 00:00:00,2010-02-18 00:00:00,1477,84655,1,317.52,GBP
2010-02-15 00:00:00,2010-02-18 00:00:00,1478,53227,1,1270.08,GBP
2010-02-15 00:00:00,2010-02-18 00:00:00,1478,53227,1,1270.08,USD
2010-02-15 00:00:00,2010-02-18 00:00:00,1478,63366,1,317.52,GBP
2010-02-15 00:00:00,2010-02-18 00:00:00,1478,74137,1,317.52,GBP
2010-02-15 00:00:00,2010-02-18 00:00:00,1478,84321,1,317.52,GBP
2010-02-15 00:00:00,2010-02-18 00:00:00,1478,94062,1,317.52,GBP
2010-02-15 00:00:00,2010-02-18 00:00:00,1489,82718,1,262.395,USD
2010-02-15 00:00:00,2010-02-18 00:00:00,1489,84332,1,262.395,USD
2010-02-15 00:00:00,2010-02-18 00:00:00,1515,37921,1,333.27,GBP
2010-02-15 00:00:00,2010-02-18 00:00:00,1517,37857,1,141.645,USD
2010-02-15 00:00:00,2010-02-18 00:00:00,1517,37922,1,141.645,GBP
2010-02-15 00:00:00,2010-02-18 00:00:00,1517,38363,1,141.645,GBP
2010-02-15 00:00:00,2010-02-18 00:00:00,1517,56143,1,141.645,USD
2010-02-15 00:00:00,2010-02-18 00:00:00,1517,77547,1,141.645,USD
2010-02-15 00:00:00,2010-02-18 00:00:00,1517,90265,1,141.645,GBP
2010-02-15 00:00:00,2010-02-18 00:00:00,1517,91351,1,141.645,GBP
2010-02-15 00:00:00,2010-02-18 00:00:00,1517,92057,1,141.645,USD
2010-02-15 00:00:00,2010-02-18 00:00:00,1517,96001,1,141.645,USD
2010-02-15 00:00:00,2010-02-18 00:00:00,1518,08005,1,141.645,GBP
2010-02-15 00:00:00,2010-02-18 00:00:00,1518,19711,1,141.645,GBP
2010-02-15 00:00:00,2010-02-18 00:00:00,1518,35094,1,141.645,GBP
2010-02-15 00:00:00,2010-02-18 00:00:00,1518,74131,1,141.645,USD
2010-02-15 00:00:00,2010-02-18 00:00:00,1518,75701,1,141.645,USD
2010-02-15 00:00:00,2010-02-18 00:00:00,1518,92126,1,141.645,USD
2010-02-15 00:00:00,2010-02-18 00:00:00,1518,92345,1,141.645,GBP
2010-02-15 00:00:00,2010-02-18 00:00:00,1536,68342,1,309.645,GBP
2010-02-15 00:00:00,2010-02-18 00:00:00,1536,91320,1,309.645,USD
2010-02-15 00:00:00,2010-02-18 00:00:00,1641,29532,1,70.77,GBP
2010-02-15 00:00:00,2010-02-18 00:00:00,1894,46236,1,682.2375,GBP
2010-02-15 00:00:00,2010-02-18 00:00:00,1894,50111,1,682.2375,GBP
2010-02-15 00:00:00,2010-02-18 00:00:00,1894,55443,1,682.2375,GBP
2010-02-15 00:00:00,2010-02-18 00:00:00,1894,65203,1,682.2375,USD
2010-02-15 00:00:00,2010-02-18 00:00:00,1894,91351,1,682.2375,GBP
2010-02-15 00:00:00,2010-02-18 00:00:00,1909,78418,1,199.4475,USD
2010-02-15 00:00:00,2010-02-18 00:00:00,1909,85259,1,199.4475,GBP
2010-02-15 00:00:00,2010-02-18 00:00:00,1911,08859,1,244.0725,USD
2010-02-15 00:00:00,2010-02-18 00:00:00,1911,33418,1,244.0725,USD
2010-02-15 00:00:00,2010-02-18 00:00:00,1911,38261,1,244.0725,GBP
2010-02-15 00:00:00,2010-02-18 00:00:00,1911,39211,1,244.0725,USD
2010-02-15 00:00:00,2010-02-18 00:00:00,1911,52637,1,244.0725,USD
2010-02-15 00:00:00,2010-02-18 00:00:00,1911,89129,1,244.0725,USD
2010-02-15 00:00:00,2010-02-18 00:00:00,1911,91344,2,488.145,GBP
2010-02-15 00:00:00,2010-02-18 00:00:00,1911,91401,1,241.4475,USD
2010-02-15 00:00:00,2010-02-18 00:00:00,1920,20017,1,280.8225,USD
2010-02-15 00:00:00,2010-02-18 00:00:00,1920,32210,1,280.8225,USD
2010-02-15 00:00:00,2010-02-18 00:00:00,1920,37620,1,280.8225,USD
2010-02-15 00:00:00,2010-02-18 00:00:00,1920,91737,1,280.8225,USD
2010-02-15 00:00:00,2010-02-18 00:00:00,1920,93625,1,278.1975,USD
2010-02-15 00:00:00,2010-02-18 00:00:00,1930,40383,1,283.4475,USD
2010-02-15 00:00:00,2010-02-18 00:00:00,1930,92377,1,286.0725,GBP
2010-02-15 00:00:00,2010-02-18 00:00:00,1931,64075,1,283.4475,USD
2010-02-15 00:00:00,2010-02-18 00:00:00,1931,92083,1,283.4475,USD
2010-02-15 00:00:00,2010-02-18 00:00:00,1948,24981,1,296.5725,USD
2010-02-15 00:00:00,2010-02-18 00:00:00,1948,32084,1,296.5725,GBP
2010-02-15 00:00:00,2010-02-18 00:00:00,1948,32207,1,296.5725,GBP
2010-02-15 00:00:00,2010-02-18 00:00:00,1948,32796,1,293.9475,GBP
2010-02-15 00:00:00,2010-02-18 00:00:00,1948,33917,1,296.5725,USD
2010-02-15 00:00:00,2010-02-18 00:00:00,1948,34470,1,296.5725,USD
2010-02-15 00:00:00,2010-02-18 00:00:00,1948,54022,1,296.5725,USD
2010-02-15 00:00:00,2010-02-18 00:00:00,1948,70785,1,296.5725,USD
2010-02-15 00:00:00,2010-02-18 00:00:00,1948,75050,1,296.5725,USD
2010-02-15 00:00:00,2010-02-18 00:00:00,1948,92587,1,296.5725,USD
2010-02-15 00:00:00,2010-02-18 00:00:00,1948,92647,1,296.5725,USD
2010-02-15 00:00:00,2010-02-18 00:00:00,1949,06751,1,296.5725,GBP
2010-02-15 00:00:00,2010-02-18 00:00:00,1949,08210,1,296.5725,USD
2010-02-15 00:00:00,2010-02-18 00:00:00,1949,08755,1,296.5725,USD
2010-02-15 00:00:00,2010-02-18 00:00:00,1949,42023,1,296.5725,USD
2010-02-15 00:00:00,2010-02-18 00:00:00,1949,47515,1,296.5725,GBP
2010-02-15 00:00:00,2010-02-18 00:00:00,1949,52342,1,296.5725,USD
2010-02-15 00:00:00,2010-02-18 00:00:00,1949,59715,1,296.5725,GBP
2010-02-15 00:00:00,2010-02-18 00:00:00,1949,64030,1,296.5725,USD
2010-02-15 00:00:00,2010-02-18 00:00:00,1949,65714,1,296.5725,GBP
2010-02-15 00:00:00,2010-02-18 00:00:00,1949,75050,1,296.5725,USD
2010-02-15 00:00:00,2010-02-18 00:00:00,1949,76008,1,296.5725,USD
2010-02-15 00:00:00,2010-02-18 00:00:00,1949,77657,1,296.5725,GBP
2010-02-15 00:00:00,2010-02-18 00:00:00,1949,79423,1,296.5725,GBP
2010-02-15 00:00:00,2010-02-18 00:00:00,1949,82001,1,296.5725,GBP
2010-02-15 00:00:00,2010-02-18 00:00:00,1949,85212,1,296.5725,USD
2010-02-15 00:00:00,2010-02-18 00:00:00,1949,91701,1,296.5725,USD
2010-02-15 00:00:00,2010-02-18 00:00:00,1949,93422,1,296.5725,USD
2010-02-15 00:00:00,2010-02-18 00:00:00,1956,46514,1,153.7725,GBP
2010-02-15 00:00:00,2010-02-18 00:00:00,1956,46514,1,461.3175,USD
2010-02-15 00:00:00,2010-02-18 00:00:00,1956,54235,1,153.7725,GBP
2010-02-15 00:00:00,2010-02-18 00:00:00,1956,71901,1,153.7725,GBP
2010-02-15 00:00:00,2010-02-18 00:00:00,1956,85027,2,307.545,GBP
2010-02-15 00:00:00,2010-02-18 00:00:00,1956,92377,1,153.7725,GBP
2010-02-15 00:00:00,2010-02-18 00:00:00,1956,92503,1,153.7725,GBP
2010-02-15 00:00:00,2010-02-18 00:00:00,1957,03451,2,307.545,USD
2010-02-15 00:00:00,2010-02-18 00:00:00,1957,37129,1,153.7725,USD
2010-02-15 00:00:00,2010-02-18 00:00:00,1957,46514,1,768.8625000000001,GBP
2010-02-15 00:00:00,2010-02-18 00:00:00,1957,46514,1,153.7725,USD
2010-02-15 00:00:00,2010-02-18 00:00:00,1957,53158,1,153.7725,GBP
2010-02-15 00:00:00,2010-02-18 00:00:00,1957,77396,2,307.545,GBP
2010-02-15 00:00:00,2010-02-18 00:00:00,1957,92377,1,153.7725,GBP
2010-02-15 00:00:00,2010-02-18 00:00:00,1960,74044,1,97.0725,USD
2010-02-15 00:00:00,2010-02-18 00:00:00,1960,76537,1,94.4475,GBP
2010-02-15 00:00:00,2010-02-18 00:00:00,1960,77336,1,97.0725,GBP
2010-02-15 00:00:00,2010-02-18 00:00:00,1961,32968,1,97.0725,GBP
2010-02-15 00:00:00,2010-02-18 00:00:00,1961,70737,1,97.0725,GBP
2010-02-15 00:00:00,2010-02-18 00:00:00,1961,76537,1,94.4475,USD
2010-02-15 00:00:00,2010-02-18 00:00:00,1961,90275,1,97.0725,USD
2010-02-15 00:00:00,2010-02-18 00:00:00,1968,38654,1,238.8225,GBP
2010-02-15 00:00:00,2010-02-18 00:00:00,1969,29592,1,236.1975,GBP
2010-02-15 00:00:00,2010-02-18 00:00:00,1969,92084,1,230.9475,GBP
2010-02-15 00:00:00,2010-02-18 00:00:00,1969,95691,1,238.8225,GBP
2010-02-15 00:00:00,2010-02-18 00:00:00,1974,01504,1,52.4475,USD
2010-02-15 00:00:00,2010-02-18 00:00:00,1974,33175,1,52.4475,GBP
2010-02-15 00:00:00,2010-02-18 00:00:00,1974,35572,1,52.4475,USD
2010-02-15 00:00:00,2010-02-18 00:00:00,1974,37079,1,52.4475,USD
2010-02-15 00:00:00,2010-02-18 00:00:00,1974,50248,1,52.4475,GBP
2010-02-15 00:00:00,2010-02-18 00:00:00,1974,53121,1,52.4475,GBP
2010-02-15 00:00:00,2010-02-18 00:00:00,1974,57785,1,52.4475,GBP
2010-02-15 00:00:00,2010-02-18 00:00:00,1974,73107,1,52.4475,USD
2010-02-15 00:00:00,2010-02-18 00:00:00,1974,77346,1,52.4475,GBP
2010-02-15 00:00:00,2010-02-18 00:00:00,1974,85027,1,52.4475,USD
2010-02-15 00:00:00,2010-02-18 00:00:00,1974,85032,1,52.4475,USD
2010-02-15 00:00:00,2010-02-18 00:00:00,1974,95135,1,52.4475,GBP
2010-02-15 00:00:00,2010-02-18 00:00:00,1974,95827,1,52.4475,USD
2010-02-15 00:00:00,2010-02-18 00:00:00,1975,01504,1,52.4475,GBP
2010-02-15 00:00:00,2010-02-18 00:00:00,1975,41701,1,52.4475,GBP
2010-02-15 00:00:00,2010-02-18 00:00:00,1975,53121,1,104.895,USD
2010-02-15 00:00:00,2010-02-18 00:00:00,1975,77346,1,52.4475,USD
2010-02-15 00:00:00,2010-02-18 00:00:00,1975,77705,1,52.4475,USD
2010-02-15 00:00:00,2010-02-18 00:00:00,1975,77706,1,52.4475,USD
2010-02-15 00:00:00,2010-02-18 00:00:00,1975,89108,1,52.4475,USD
2010-02-15 00:00:00,2010-02-18 00:00:00,1975,93308,1,52.4475,USD
2010-02-15 00:00:00,2010-02-18 00:00:00,1975,95827,1,52.4475,USD
2010-02-15 00:00:00,2010-02-18 00:00:00,1978,79110,1,254.5725,GBP
2010-02-15 00:00:00,2010-02-18 00:00:00,1990,07719,1,257.1975,USD
2010-02-15 00:00:00,2010-02-18 00:00:00,1990,20659,1,257.1975,GBP
2010-02-15 00:00:00,2010-02-18 00:00:00,1990,21128,1,257.1975,USD
2010-02-15 00:00:00,2010-02-18 00:00:00,1990,25510,1,257.1975,GBP
2010-02-15 00:00:00,2010-02-18 00:00:00,1990,39702,1,257.1975,USD
2010-02-15 00:00:00,2010-02-18 00:00:00,1990,46142,1,257.1975,USD
2010-02-15 00:00:00,2010-02-18 00:00:00,1990,46514,1,257.1975,GBP
2010-02-15 00:00:00,2010-02-18 00:00:00,1990,46514,1,1285.9875,USD
2010-02-15 00:00:00,2010-02-18 00:00:00,1990,54935,1,257.1975,GBP
2010-02-15 00:00:00,2010-02-18 00:00:00,1990,71107,1,257.1975,GBP
2010-02-15 00:00:00,2010-02-18 00:00:00,1990,76502,1,257.1975,USD
2010-02-15 00:00:00,2010-02-18 00:00:00,1990,93313,1,257.1975,USD
2010-02-15 00:00:00,2010-02-18 00:00:00,2005,33433,1,299.1975,USD
2010-02-15 00:00:00,2010-02-18 00:00:00,2005,73111,1,299.1975,USD
2010-02-15 00:00:00,2010-02-18 00:00:00,2005,77479,1,299.1975,GBP
2010-02-15 00:00:00,2010-02-18 00:00:00,2012,02368,1,377.9475,GBP
2010-02-15 00:00:00,2010-02-18 00:00:00,2012,32807,1,377.9475,GBP
2010-02-15 00:00:00,2010-02-18 00:00:00,2012,39530,1,377.9475,GBP
2010-02-15 00:00:00,2010-02-18 00:00:00,2012,40505,1,377.9475,GBP
2010-02-15 00:00:00,2010-02-18 00:00:00,2012,72135,1,377.9475,GBP
2010-02-15 00:00:00,2010-02-18 00:00:00,2012,90503,1,377.9475,USD
2010-02-15 00:00:00,2010-02-18 00:00:00,2012,92064,1,377.9475,GBP
2010-02-15 00:00:00,2010-02-18 00:00:00,2016,07001,1,299.1975,USD
2010-02-15 00:00:00,2010-02-18 00:00:00,2016,29681,1,299.1975,USD
2010-02-15 00:00:00,2010-02-18 00:00:00,2016,33463,1,299.1975,USD
2010-02-15 00:00:00,2010-02-18 00:00:00,2016,73140,1,299.1975,USD
2010-02-15 00:00:00,2010-02-18 00:00:00,2016,76541,1,299.1975,USD
2010-02-15 00:00:00,2010-02-18 00:00:00,2016,77014,1,299.1975,USD
2010-02-15 00:00:00,2010-02-18 00:00:00,2016,78217,1,299.1975,USD
2010-02-15 00:00:00,2010-02-18 00:00:00,2016,85008,1,299.1975,GBP
2010-02-15 00:00:00,2010-02-18 00:00:00,2016,85037,1,299.1975,USD
2010-02-15 00:00:00,2010-02-18 00:00:00,2016,94706,1,299.1975,USD
2010-02-15 00:00:00,2010-02-18 00:00:00,2019,35126,1,136.4475,GBP
2010-02-15 00:00:00,2010-02-18 00:00:00,2032,01450,1,223.0725,USD
2010-02-15 00:00:00,2010-02-18 00:00:00,2032,02718,1,220.4475,USD
2010-02-15 00:00:00,2010-02-18 00:00:00,2032,33405,1,220.4475,GBP
2010-02-15 00:00:00,2010-02-18 00:00:00,2032,53916,1,220.4475,GBP
2010-02-15 00:00:00,2010-02-18 00:00:00,2032,78233,1,223.0725,USD
2010-02-15 00:00:00,2010-02-18 00:00:00,2045,07083,1,409.4475,GBP
2010-02-15 00:00:00,2010-02-18 00:00:00,2045,07088,1,409.4475,USD
2010-02-15 00:00:00,2010-02-18 00:00:00,2045,32837,1,409.4475,GBP
2010-02-15 00:00:00,2010-02-18 00:00:00,2045,33025,1,409.4475,USD
2010-02-15 00:00:00,2010-02-18 00:00:00,2045,33069,1,409.4475,GBP
2010-02-15 00:00:00,2010-02-18 00:00:00,2045,36613,1,409.4475,GBP
2010-02-15 00:00:00,2010-02-18 00:00:00,2045,37757,1,409.4475,USD
2010-02-15 00:00:00,2010-02-18 00:00:00,2045,46051,1,409.4475,GBP
2010-02-15 00:00:00,2010-02-18 00:00:00,2045,46143,1,409.4475,GBP
2010-02-15 00:00:00,2010-02-18 00:00:00,2045,47122,1,409.4475,GBP
2010-02-15 00:00:00,2010-02-18 00:00:00,2045,57107,1,409.4475,USD
2010-02-15 00:00:00,2010-02-18 00:00:00,2045,71933,1,409.4475,GBP
2010-02-15 00:00:00,2010-02-18 00:00:00,2045,90250,1,409.4475,GBP
2010-02-15 00:00:00,2010-02-18 00:00:00,2045,92833,1,409.4475,USD
2010-02-15 00:00:00,2010-02-18 00:00:00,2047,46016,1,377.9475,GBP
2010-02-15 00:00:00,2010-02-18 00:00:00,2047,46268,1,377.9475,GBP
2010-02-15 00:00:00,2010-02-18 00:00:00,2047,87501,1,377.9475,GBP
2010-02-15 00:00:00,2010-02-18 00:00:00,2047,92126,1,377.9475,USD
2010-02-15 00:00:00,2010-02-18 00:00:00,2047,93550,1,377.9475,USD
2010-02-15 00:00:00,2010-02-18 00:00:00,2047,95616,1,377.9475,USD
2010-02-15 00:00:00,2010-02-18 00:00:00,2048,92867,1,477.6975,GBP
2010-02-15 00:00:00,2010-02-18 00:00:00,2050,29697,1,498.6975,USD
2010-02-15 00:00:00,2010-02-18 00:00:00,2050,32244,1,498.6975,USD
2010-02-15 00:00:00,2010-02-18 00:00:00,2050,91344,1,498.6975,USD
2010-02-15 00:00:00,2010-02-18 00:00:00,2050,91406,1,498.6975,USD
2010-02-15 00:00:00,2010-02-18 00:00:00,2050,91932,1,498.6975,USD
2010-02-15 00:00:00,2010-02-18 00:00:00,2050,92019,1,498.6975,GBP
2010-02-15 00:00:00,2010-02-18 00:00:00,2050,94541,1,498.6975,USD
2010-02-15 00:00:00,2010-02-18 00:00:00,2056,02718,1,325.4475,USD
2010-02-15 00:00:00,2010-02-18 00:00:00,2056,02911,1,325.4475,GBP
2010-02-15 00:00:00,2010-02-18 00:00:00,2056,07876,1,325.4475,GBP
2010-02-15 00:00:00,2010-02-18 00:00:00,2056,29150,1,325.4475,GBP
2010-02-15 00:00:00,2010-02-18 00:00:00,2056,32817,1,325.4475,GBP
2010-02-15 00:00:00,2010-02-18 00:00:00,2056,33055,1,325.4475,USD
2010-02-15 00:00:00,2010-02-18 00:00:00,2056,35124,1,325.4475,USD
2010-02-15 00:00:00,2010-02-18 00:00:00,2056,39401,2,650.895,USD
2010-02-15 00:00:00,2010-02-18 00:00:00,2056,46034,1,325.4475,GBP
2010-02-15 00:00:00,2010-02-18 00:00:00,2056,54915,1,325.4475,USD
2010-02-15 00:00:00,2010-02-18 00:00:00,2056,70816,2,650.895,USD
2010-02-15 00:00:00,2010-02-18 00:00:00,2056,72004,1,325.4475,USD
2010-02-15 00:00:00,2010-02-18 00:00:00,2056,72204,1,325.4475,USD
2010-02-15 00:00:00,2010-02-18 00:00:00,2056,77590,1,325.4475,GBP
2010-02-15 00:00:00,2010-02-18 00:00:00,2064,02760,1,488.1975,USD
2010-02-15 00:00:00,2010-02-18 00:00:00,2064,07501,1,488.1975,GBP
2010-02-15 00:00:00,2010-02-18 00:00:00,2064,07724,1,488.1975,GBP
2010-02-15 00:00:00,2010-02-18 00:00:00,2064,33173,1,488.1975,USD
2010-02-15 00:00:00,2010-02-18 00:00:00,2064,33324,1,488.1975,GBP
2010-02-15 00:00:00,2010-02-18 00:00:00,2064,38305,1,472.4475,GBP
2010-02-15 00:00:00,2010-02-18 00:00:00,2064,38654,1,488.1975,USD
2010-02-15 00:00:00,2010-02-18 00:00:00,2064,46237,1,488.1975,GBP
2010-02-15 00:00:00,2010-02-18 00:00:00,2064,66061,1,488.1975,USD
2010-02-15 00:00:00,2010-02-18 00:00:00,2064,71111,1,488.1975,USD
2010-02-15 00:00:00,2010-02-18 00:00:00,2064,85348,1,488.1975,GBP
2010-02-15 00:00:00,2010-02-18 00:00:00,2064,93003,1,482.9475,GBP
2010-02-15 00:00:00,2010-02-18 00:00:00,2070,07438,1,519.6975,USD
2010-02-15 00:00:00,2010-02-18 00:00:00,2070,32773,1,519.6975,USD
2010-02-15 00:00:00,2010-02-18 00:00:00,2070,33948,1,519.6975,GBP
2010-02-15 00:00:00,2010-02-18 00:00:00,2070,34233,1,519.6975,USD
2010-02-15 00:00:00,2010-02-18 00:00:00,2070,39564,1,519.6975,USD
2010-02-15 00:00:00,2010-02-18 00:00:00,2070,47918,2,1039.395,GBP
2010-02-15 00:00:00,2010-02-18 00:00:00,2070,51241,1,519.6975,GBP
2010-02-15 00:00:00,2010-02-18 00:00:00,2070,55303,1,519.6975,GBP
2010-02-15 00:00:00,2010-02-18 00:00:00,2070,57110,1,519.6975,USD
2010-02-15 00:00:00,2010-02-18 00:00:00,2070,65043,1,519.6975,USD
2010-02-15 00:00:00,2010-02-18 00:00:00,2070,65633,1,519.6975,GBP
2010-02-15 00:00:00,2010-02-18 00:00:00,2070,66030,1,519.6975,USD
2010-02-15 00:00:00,2010-02-18 00:00:00,2070,72120,1,519.6975,USD
2010-02-15 00:00:00,2010-02-18 00:00:00,2070,72601,1,519.6975,GBP
2010-02-15 00:00:00,2010-02-18 00:00:00,2070,74014,1,519.6975,GBP
2010-02-15 00:00:00,2010-02-18 00:00:00,2070,75063,1,519.6975,USD
2010-02-15 00:00:00,2010-02-18 00:00:00,2070,77372,1,519.6975,GBP
2010-02-15 00:00:00,2010-02-18 00:00:00,2070,78550,1,519.6975,USD
2010-02-15 00:00:00,2010-02-18 00:00:00,2070,79110,1,519.6975,GBP
2010-02-15 00:00:00,2010-02-18 00:00:00,2070,79924,1,519.6975,GBP
2010-02-15 00:00:00,2010-02-18 00:00:00,2070,87505,1,519.6975,USD
2010-02-15 00:00:00,2010-02-18 00:00:00,2070,91335,1,519.6975,GBP
2010-02-15 00:00:00,2010-02-18 00:00:00,2070,92310,1,519.6975,GBP
2010-02-15 00:00:00,2010-02-18 00:00:00,2070,95334,1,519.6975,USD
2010-02-15 00:00:00,2010-02-18 00:00:00,2074,25320,1,328.0725,GBP
2010-02-15 00:00:00,2010-02-18 00:00:00,2074,32818,1,328.0725,GBP
2010-02-15 00:00:00,2010-02-18 00:00:00,2074,33156,1,328.0725,GBP
2010-02-15 00:00:00,2010-02-18 00:00:00,2074,34974,1,328.0725,GBP
2010-02-15 00:00:00,2010-02-18 00:00:00,2074,72633,1,328.0725,GBP
2010-02-15 00:00:00,2010-02-18 00:00:00,2074,72704,1,328.0725,USD
2010-02-15 00:00:00,2010-02-18 00:00:00,2081,07446,1,220.4475,GBP
2010-02-15 00:00:00,2010-02-18 00:00:00,2081,08012,1,220.4475,USD
2010-02-15 00:00:00,2010-02-18 00:00:00,2081,36340,1,220.4475,GBP
2010-02-15 00:00:00,2010-02-18 00:00:00,2081,39402,1,220.4475,USD
2010-02-15 00:00:00,2010-02-18 00:00:00,2081,41040,1,220.4475,GBP
2010-02-15 00:00:00,2010-02-18 00:00:00,2081,79556,1,220.4475,GBP
2010-02-15 00:00:00,2010-02-18 00:00:00,2081,79745,1,220.4475,USD
2010-02-15 00:00:00,2010-02-18 00:00:00,2081,85338,1,220.4475,USD
2010-02-15 00:00:00,2010-02-18 00:00:00,2081,95608,1,220.4475,GBP
2010-02-15 00:00:00,2010-02-18 00:00:00,2083,08701,1,309.6975,GBP
2010-02-15 00:00:00,2010-02-18 00:00:00,2083,20744,1,309.6975,GBP
2010-02-15 00:00:00,2010-02-18 00:00:00,2083,32216,1,309.6975,GBP
2010-02-15 00:00:00,2010-02-18 00:00:00,2083,32707,1,309.6975,GBP
2010-02-15 00:00:00,2010-02-18 00:00:00,2083,32792,2,619.395,USD
2010-02-15 00:00:00,2010-02-18 00:00:00,2083,33756,1,309.6975,GBP
2010-02-15 00:00:00,2010-02-18 00:00:00,2083,34479,1,309.6975,USD
2010-02-15 00:00:00,2010-02-18 00:00:00,2083,35772,1,309.6975,GBP
2010-02-15 00:00:00,2010-02-18 00:00:00,2083,37040,1,309.6975,GBP
2010-02-15 00:00:00,2010-02-18 00:00:00,2083,39759,1,309.6975,GBP
2010-02-15 00:00:00,2010-02-18 00:00:00,2083,72956,1,309.6975,GBP
2010-02-15 00:00:00,2010-02-18 00:00:00,2083,75098,1,309.6975,USD
2010-02-15 00:00:00,2010-02-18 00:00:00,2083,75849,1,309.6975,USD
2010-02-15 00:00:00,2010-02-18 00:00:00,2083,90717,1,309.6975,USD
2010-02-15 00:00:00,2010-02-18 00:00:00,2083,91750,1,309.6975,GBP
2010-02-15 00:00:00,2010-02-18 00:00:00,2091,21620,1,152.1975,USD
2010-02-15 00:00:00,2010-02-18 00:00:00,2091,33801,1,152.1975,GBP
2010-02-15 00:00:00,2010-02-18 00:00:00,2091,71032,1,152.1975,GBP
2010-02-15 00:00:00,2010-02-18 00:00:00,2091,78251,1,152.1975,GBP
2010-02-15 00:00:00,2010-02-18 00:00:00,2091,87107,1,152.1975,USD
2010-02-15 00:00:00,2010-02-18 00:00:00,2094,33543,1,433.0725,USD
2010-02-15 00:00:00,2010-02-18 00:00:00,2094,46122,1,433.0725,USD
2010-02-15 00:00:00,2010-02-18 00:00:00,2094,65775,1,433.0725,USD
2010-02-15 00:00:00,2010-02-18 00:00:00,2094,70607,1,433.0725,USD
2010-02-15 00:00:00,2010-02-18 00:00:00,2094,72156,1,433.0725,GBP
2010-02-15 00:00:00,2010-02-18 00:00:00,2094,72644,1,433.0725,GBP
2010-02-15 00:00:00,2010-02-18 00:00:00,2094,77471,1,433.0725,USD
2010-02-15 00:00:00,2010-02-18 00:00:00,2094,89427,1,433.0725,GBP
2010-02-15 00:00:00,2010-02-18 00:00:00,2094,91911,1,433.0725,USD
2010-02-15 00:00:00,2010-02-18 00:00:00,2094,92110,1,433.0725,GBP
2010-02-15 00:00:00,2010-02-18 00:00:00,2094,92111,1,433.0725,GBP
2010-02-15 00:00:00,2010-02-18 00:00:00,2121,01752,1,619.2375,GBP
2010-02-15 00:00:00,2010-02-18 00:00:00,2121,75228,1,629.7375,USD
2010-02-15 00:00:00,2010-02-18 00:00:00,2126,42066,1,472.2375,GBP
2010-02-15 00:00:00,2010-02-18 00:00:00,2128,64050,1,398.7375,USD
2010-02-15 00:00:00,2010-02-18 00:00:00,2128,92126,1,398.7375,GBP
2010-02-15 00:00:00,2010-02-18 00:00:00,2130,32311,1,472.2375,USD
2010-02-15 00:00:00,2010-02-18 00:00:00,2135,95476,1,524.7375,USD
2010-02-15 00:00:00,2010-02-18 00:00:00,2140,32653,1,550.9875,GBP
2010-02-15 00:00:00,2010-02-18 00:00:00,2140,92672,1,550.9875,GBP
2010-02-15 00:00:00,2010-02-18 00:00:00,2152,68137,1,608.7375,GBP
2010-02-15 00:00:00,2010-02-18 00:00:00,2161,97487,1,571.9875,GBP
2010-02-15 00:00:00,2010-02-18 00:00:00,2169,07065,1,535.2375,USD
2010-02-15 00:00:00,2010-02-18 00:00:00,2169,33706,1,535.2375,GBP
2010-02-15 00:00:00,2010-02-18 00:00:00,2169,92692,1,535.2375,USD
2010-02-15 00:00:00,2010-02-18 00:00:00,2175,32818,1,472.2375,GBP
2010-02-15 00:00:00,2010-02-18 00:00:00,2192,32407,1,202.0725,USD
2010-02-15 00:00:00,2010-02-18 00:00:00,2192,35055,1,202.0725,USD
2010-02-15 00:00:00,2010-02-18 00:00:00,2192,47408,1,202.0725,USD
2010-02-15 00:00:00,2010-02-18 00:00:00,2199,29073,1,178.4475,USD
2010-02-15 00:00:00,2010-02-18 00:00:00,2199,33480,2,356.895,USD
2010-02-15 00:00:00,2010-02-18 00:00:00,2199,92376,1,178.4475,USD
2010-02-15 00:00:00,2010-02-18 00:00:00,2204,08081,1,173.1975,GBP
2010-02-15 00:00:00,2010-02-18 00:00:00,2204,40403,1,173.1975,USD
2010-02-15 00:00:00,2010-02-18 00:00:00,2204,41015,1,173.1975,USD
2010-02-15 00:00:00,2010-02-18 00:00:00,2204,76205,1,173.1975,GBP
2010-02-15 00:00:00,2010-02-18 00:00:00,2204,85750,1,173.1975,USD
2010-02-15 00:00:00,2010-02-18 00:00:00,2204,92106,1,173.1975,GBP
2010-02-15 00:00:00,2010-02-18 00:00:00,2205,93013,1,173.1975,GBP
2010-02-15 00:00:00,2010-02-18 00:00:00,2205,95075,2,346.395,GBP
2010-02-15 00:00:00,2010-02-18 00:00:00,2205,95662,1,173.1975,GBP
2010-02-15 00:00:00,2010-02-18 00:00:00,2210,29044,1,107.5725,GBP
2010-02-15 00:00:00,2010-02-18 00:00:00,2210,32177,2,215.145,USD
2010-02-15 00:00:00,2010-02-18 00:00:00,2210,32310,1,107.5725,USD
2010-02-15 00:00:00,2010-02-18 00:00:00,2210,37716,1,107.5725,GBP
2010-02-15 00:00:00,2010-02-18 00:00:00,2210,63628,1,107.5725,USD
2010-02-15 00:00:00,2010-02-18 00:00:00,2210,63670,1,107.5725,USD
2010-02-15 00:00:00,2010-02-18 00:00:00,2210,76538,1,107.5725,USD
2010-02-15 00:00:00,2010-02-18 00:00:00,2210,77064,1,107.5725,GBP
2010-02-15 00:00:00,2010-02-18 00:00:00,2211,01748,1,107.5725,USD
2010-02-15 00:00:00,2010-02-18 00:00:00,2211,02818,1,107.5725,USD
2010-02-15 00:00:00,2010-02-18 00:00:00,2211,07436,1,107.5725,USD
2010-02-15 00:00:00,2010-02-18 00:00:00,2211,29169,1,107.5725,GBP
2010-02-15 00:00:00,2010-02-18 00:00:00,2211,29906,1,107.5725,USD
2010-02-15 00:00:00,2010-02-18 00:00:00,2211,32038,1,107.5725,GBP
2010-02-15 00:00:00,2010-02-18 00:00:00,2211,34243,1,107.5725,USD
2010-02-15 00:00:00,2010-02-18 00:00:00,2211,37738,1,107.5725,USD
2010-02-15 00:00:00,2010-02-18 00:00:00,2211,39553,1,107.5725,USD
2010-02-15 00:00:00,2010-02-18 00:00:00,2211,52172,1,107.5725,GBP
2010-02-15 00:00:00,2010-02-18 00:00:00,2211,56011,1,107.5725,GBP
2010-02-15 00:00:00,2010-02-18 00:00:00,2211,63670,1,107.5725,GBP
2010-02-15 00:00:00,2010-02-18 00:00:00,2211,67484,1,107.5725,GBP
2010-02-15 00:00:00,2010-02-18 00:00:00,2211,75114,1,107.5725,GBP
2010-02-15 00:00:00,2010-02-18 00:00:00,2211,76034,1,107.5725,USD
2010-02-15 00:00:00,2010-02-18 00:00:00,2211,76205,1,107.5725,USD
2010-02-15 00:00:00,2010-02-18 00:00:00,2211,92509,1,107.5725,USD
2010-02-15 00:00:00,2010-02-18 00:00:00,2222,71075,1,246.6975,GBP
2010-02-15 00:00:00,2010-02-18 00:00:00,2234,26426,2,131.145,USD
2010-02-15 00:00:00,2010-02-18 00:00:00,2234,29180,2,131.145,USD
2010-02-15 00:00:00,2010-02-18 00:00:00,2234,32310,1,65.5725,USD
2010-02-15 00:00:00,2010-02-18 00:00:00,2234,32773,1,65.5725,USD
2010-02-15 00:00:00,2010-02-18 00:00:00,2234,32927,1,65.5725,USD
2010-02-15 00:00:00,2010-02-18 00:00:00,2234,35593,1,65.5725,USD
2010-02-15 00:00:00,2010-02-18 00:00:00,2234,37876,1,65.5725,USD
2010-02-15 00:00:00,2010-02-18 00:00:00,2234,40229,1,262.29,GBP
2010-02-15 00:00:00,2010-02-18 00:00:00,2234,40229,1,196.71750000000003,USD
2010-02-15 00:00:00,2010-02-18 00:00:00,2234,46011,1,65.5725,USD
2010-02-15 00:00:00,2010-02-18 00:00:00,2234,46385,1,65.5725,USD
2010-02-15 00:00:00,2010-02-18 00:00:00,2234,47918,1,196.71750000000003,GBP
2010-02-15 00:00:00,2010-02-18 00:00:00,2234,70353,1,65.5725,USD
2010-02-15 00:00:00,2010-02-18 00:00:00,2234,72111,1,65.5725,USD
2010-02-15 00:00:00,2010-02-18 00:00:00,2234,72512,1,65.5725,GBP
2010-02-15 00:00:00,2010-02-18 00:00:00,2234,73529,1,65.5725,USD
2010-02-15 00:00:00,2010-02-18 00:00:00,2234,75013,1,65.5725,GBP
2010-02-15 00:00:00,2010-02-18 00:00:00,2234,75114,1,65.5725,USD
2010-02-15 00:00:00,2010-02-18 00:00:00,2234,76008,1,65.5725,USD
2010-02-15 00:00:00,2010-02-18 00:00:00,2234,76040,1,65.5725,USD
2010-02-15 00:00:00,2010-02-18 00:00:00,2234,76063,1,65.5725,USD
2010-02-15 00:00:00,2010-02-18 00:00:00,2234,76073,1,65.5725,GBP
2010-02-15 00:00:00,2010-02-18 00:00:00,2234,77461,1,65.5725,USD
2010-02-15 00:00:00,2010-02-18 00:00:00,2234,77539,1,65.5725,USD
2010-02-15 00:00:00,2010-02-18 00:00:00,2234,78628,1,65.5725,USD
2010-02-15 00:00:00,2010-02-18 00:00:00,2234,85213,1,65.5725,USD
2010-02-15 00:00:00,2010-02-18 00:00:00,2234,85220,1,65.5725,USD
2010-02-15 00:00:00,2010-02-18 00:00:00,2234,90630,2,131.145,GBP
2010-02-15 00:00:00,2010-02-18 00:00:00,2234,90638,1,65.5725,USD
2010-02-15 00:00:00,2010-02-18 00:00:00,2234,91911,1,65.5725,USD
2010-02-15 00:00:00,2010-02-18 00:00:00,2234,92071,1,65.5725,GBP
2010-02-15 00:00:00,2010-02-18 00:00:00,2234,92583,1,65.5725,USD
2010-02-15 00:00:00,2010-02-18 00:00:00,2234,92626,1,65.5725,GBP
2010-02-15 00:00:00,2010-02-18 00:00:00,2234,93560,1,65.5725,USD
2010-02-15 00:00:00,2010-02-18 00:00:00,2234,94005,1,65.5725,USD
2010-02-15 00:00:00,2010-02-18 00:00:00,2234,95023,2,131.145,USD
2010-02-15 00:00:00,2010-02-18 00:00:00,2234,95136,1,65.5725,USD
2010-02-15 00:00:00,2010-02-18 00:00:00,2234,95407,1,65.5725,USD
2010-02-15 00:00:00,2010-02-18 00:00:00,2235,06801,1,65.5725,GBP
2010-02-15 00:00:00,2010-02-18 00:00:00,2235,07960,1,65.5725,USD
2010-02-15 00:00:00,2010-02-18 00:00:00,2235,20882,1,65.5725,GBP
2010-02-15 00:00:00,2010-02-18 00:00:00,2235,26426,2,131.145,GBP
2010-02-15 00:00:00,2010-02-18 00:00:00,2235,29053,1,65.5725,GBP
2010-02-15 00:00:00,2010-02-18 00:00:00,2235,29407,1,65.5725,GBP
2010-02-15 00:00:00,2010-02-18 00:00:00,2235,32507,1,65.5725,USD
2010-02-15 00:00:00,2010-02-18 00:00:00,2235,32533,1,65.5725,GBP
2010-02-15 00:00:00,2010-02-18 00:00:00,2235,32765,1,65.5725,USD
2010-02-15 00:00:00,2010-02-18 00:00:00,2235,33785,1,65.5725,USD
2010-02-15 00:00:00,2010-02-18 00:00:00,2235,33914,1,65.5725,GBP
2010-02-15 00:00:00,2010-02-18 00:00:00,2235,33950,2,131.145,USD
2010-02-15 00:00:00,2010-02-18 00:00:00,2235,37146,1,65.5725,USD
2010-02-15 00:00:00,2010-02-18 00:00:00,2235,39204,1,65.5725,GBP
2010-02-15 00:00:00,2010-02-18 00:00:00,2235,39576,1,65.5725,GBP
2010-02-15 00:00:00,2010-02-18 00:00:00,2235,40229,1,196.71750000000003,GBP
2010-02-15 00:00:00,2010-02-18 00:00:00,2235,40229,1,327.8625,USD
2010-02-15 00:00:00,2010-02-18 00:00:00,2235,42261,1,65.5725,USD
2010-02-15 00:00:00,2010-02-18 00:00:00,2235,46788,1,65.5725,GBP
2010-02-15 00:00:00,2010-02-18 00:00:00,2235,46914,1,65.5725,GBP
2010-02-15 00:00:00,2010-02-18 00:00:00,2235,47918,1,131.145,GBP
2010-02-15 00:00:00,2010-02-18 00:00:00,2235,47918,1,65.5725,USD
2010-02-15 00:00:00,2010-02-18 00:00:00,2235,52802,1,65.5725,USD
2010-02-15 00:00:00,2010-02-18 00:00:00,2235,63010,2,131.145,GBP
2010-02-15 00:00:00,2010-02-18 00:00:00,2235,64040,1,65.5725,USD
2010-02-15 00:00:00,2010-02-18 00:00:00,2235,70123,1,65.5725,USD
2010-02-15 00:00:00,2010-02-18 00:00:00,2235,70592,1,65.5725,USD
2010-02-15 00:00:00,2010-02-18 00:00:00,2235,76040,1,65.5725,USD
2010-02-15 00:00:00,2010-02-18 00:00:00,2235,77480,1,65.5725,USD
2010-02-15 00:00:00,2010-02-18 00:00:00,2235,78660,1,65.5725,USD
2010-02-15 00:00:00,2010-02-18 00:00:00,2235,79159,1,65.5725,GBP
2010-02-15 00:00:00,2010-02-18 00:00:00,2235,79907,1,65.5725,GBP
2010-02-15 00:00:00,2010-02-18 00:00:00,2235,86404,1,65.5725,USD
2010-02-15 00:00:00,2010-02-18 00:00:00,2235,92394,1,65.5725,USD
2010-02-15 00:00:00,2010-02-18 00:00:00,2235,92626,1,65.5725,GBP
2010-02-15 00:00:00,2010-02-18 00:00:00,2235,93638,1,65.5725,USD
2010-02-15 00:00:00,2010-02-18 00:00:00,2235,95023,2,131.145,USD
2010-02-15 00:00:00,2010-02-18 00:00:00,2246,32810,1,131.1975,GBP
2010-02-15 00:00:00,2010-02-18 00:00:00,2246,75042,1,131.1975,GBP
2010-02-15 00:00:00,2010-02-18 00:00:00,2254,07045,1,57.6975,GBP
2010-02-15 00:00:00,2010-02-18 00:00:00,2254,07430,2,115.395,GBP
2010-02-15 00:00:00,2010-02-18 00:00:00,2254,07621,1,57.6975,USD
2010-02-15 00:00:00,2010-02-18 00:00:00,2254,20708,1,57.6975,USD
2010-02-15 00:00:00,2010-02-18 00:00:00,2254,21061,1,57.6975,GBP
2010-02-15 00:00:00,2010-02-18 00:00:00,2254,29052,1,57.6975,GBP
2010-02-15 00:00:00,2010-02-18 00:00:00,2254,32113,1,57.6975,GBP
2010-02-15 00:00:00,2010-02-18 00:00:00,2254,32219,1,57.6975,USD
2010-02-15 00:00:00,2010-02-18 00:00:00,2254,32504,1,57.6975,USD
2010-02-15 00:00:00,2010-02-18 00:00:00,2254,32606,1,57.6975,USD
2010-02-15 00:00:00,2010-02-18 00:00:00,2254,33076,1,57.6975,GBP
2010-02-15 00:00:00,2010-02-18 00:00:00,2254,33604,1,57.6975,USD
2010-02-15 00:00:00,2010-02-18 00:00:00,2254,34235,1,57.6975,USD
2010-02-15 00:00:00,2010-02-18 00:00:00,2254,35476,1,57.6975,USD
2010-02-15 00:00:00,2010-02-18 00:00:00,2254,38017,1,57.6975,GBP
2010-02-15 00:00:00,2010-02-18 00:00:00,2254,39154,1,57.6975,GBP
2010-02-15 00:00:00,2010-02-18 00:00:00,2254,40513,1,57.6975,GBP
2010-02-15 00:00:00,2010-02-18 00:00:00,2254,42223,1,57.6975,GBP
2010-02-15 00:00:00,2010-02-18 00:00:00,2254,46227,1,57.6975,USD
2010-02-15 00:00:00,2010-02-18 00:00:00,2254,46514,1,403.8825,GBP
2010-02-15 00:00:00,2010-02-18 00:00:00,2254,46514,1,115.395,USD
2010-02-15 00:00:00,2010-02-18 00:00:00,2254,46725,1,57.6975,GBP
2010-02-15 00:00:00,2010-02-18 00:00:00,2254,46923,2,115.395,USD
2010-02-15 00:00:00,2010-02-18 00:00:00,2254,47905,1,57.6975,GBP
2010-02-15 00:00:00,2010-02-18 00:00:00,2254,47929,1,57.6975,GBP
2010-02-15 00:00:00,2010-02-18 00:00:00,2254,47929,1,57.6975,USD
2010-02-15 00:00:00,2010-02-18 00:00:00,2254,53705,1,57.6975,GBP
2010-02-15 00:00:00,2010-02-18 00:00:00,2254,55045,1,57.6975,GBP
2010-02-15 00:00:00,2010-02-18 00:00:00,2254,55070,1,57.6975,GBP
2010-02-15 00:00:00,2010-02-18 00:00:00,2254,55362,1,57.6975,GBP
2010-02-15 00:00:00,2010-02-18 00:00:00,2254,57719,1,57.6975,GBP
2010-02-15 00:00:00,2010-02-18 00:00:00,2254,63601,2,115.395,GBP
2010-02-15 00:00:00,2010-02-18 00:00:00,2254,63670,1,57.6975,GBP
2010-02-15 00:00:00,2010-02-18 00:00:00,2254,68048,1,57.6975,USD
2010-02-15 00:00:00,2010-02-18 00:00:00,2254,70401,1,57.6975,USD
2010-02-15 00:00:00,2010-02-18 00:00:00,2254,75604,1,57.6975,GBP
2010-02-15 00:00:00,2010-02-18 00:00:00,2254,77086,1,57.6975,USD
2010-02-15 00:00:00,2010-02-18 00:00:00,2254,78596,1,57.6975,GBP
2010-02-15 00:00:00,2010-02-18 00:00:00,2254,82644,1,57.6975,GBP
2010-02-15 00:00:00,2010-02-18 00:00:00,2254,87031,1,57.6975,USD
2010-02-15 00:00:00,2010-02-18 00:00:00,2254,91765,1,57.6975,USD
2010-02-15 00:00:00,2010-02-18 00:00:00,2254,92563,1,57.6975,GBP
2010-02-15 00:00:00,2010-02-18 00:00:00,2254,94558,1,57.6975,GBP
2010-02-15 00:00:00,2010-02-18 00:00:00,2254,95677,1,57.6975,USD
2010-02-15 00:00:00,2010-02-18 00:00:00,2254,97222,1,57.6975,GBP
2010-02-15 00:00:00,2010-02-18 00:00:00,2255,21158,1,57.6975,USD
2010-02-15 00:00:00,2010-02-18 00:00:00,2255,21229,1,57.6975,USD
2010-02-15 00:00:00,2010-02-18 00:00:00,2255,26456,1,57.6975,USD
2010-02-15 00:00:00,2010-02-18 00:00:00,2255,29180,2,115.395,GBP
2010-02-15 00:00:00,2010-02-18 00:00:00,2255,32113,1,57.6975,USD
2010-02-15 00:00:00,2010-02-18 00:00:00,2255,33175,1,57.6975,GBP
2010-02-15 00:00:00,2010-02-18 00:00:00,2255,33525,1,57.6975,USD
2010-02-15 00:00:00,2010-02-18 00:00:00,2255,35476,1,57.6975,GBP
2010-02-15 00:00:00,2010-02-18 00:00:00,2255,37013,1,57.6975,USD
2010-02-15 00:00:00,2010-02-18 00:00:00,2255,42223,1,57.6975,GBP
2010-02-15 00:00:00,2010-02-18 00:00:00,2255,42765,1,57.6975,GBP
2010-02-15 00:00:00,2010-02-18 00:00:00,2255,46151,2,115.395,USD
2010-02-15 00:00:00,2010-02-18 00:00:00,2255,46514,1,173.0925,GBP
2010-02-15 00:00:00,2010-02-18 00:00:00,2255,46514,1,115.395,USD
2010-02-15 00:00:00,2010-02-18 00:00:00,2255,47265,1,57.6975,USD
2010-02-15 00:00:00,2010-02-18 00:00:00,2255,47929,1,115.395,USD
2010-02-15 00:00:00,2010-02-18 00:00:00,2255,50645,1,57.6975,USD
2010-02-15 00:00:00,2010-02-18 00:00:00,2255,51334,1,57.6975,GBP
2010-02-15 00:00:00,2010-02-18 00:00:00,2255,53140,1,57.6975,USD
2010-02-15 00:00:00,2010-02-18 00:00:00,2255,55038,1,57.6975,USD
2010-02-15 00:00:00,2010-02-18 00:00:00,2255,55923,1,57.6975,GBP
2010-02-15 00:00:00,2010-02-18 00:00:00,2255,70050,1,57.6975,USD
2010-02-15 00:00:00,2010-02-18 00:00:00,2255,70817,1,57.6975,GBP
2010-02-15 00:00:00,2010-02-18 00:00:00,2255,73020,1,57.6975,USD
2010-02-15 00:00:00,2010-02-18 00:00:00,2255,74070,1,57.6975,GBP
2010-02-15 00:00:00,2010-02-18 00:00:00,2255,75604,1,57.6975,USD
2010-02-15 00:00:00,2010-02-18 00:00:00,2255,76020,1,57.6975,GBP
2010-02-15 00:00:00,2010-02-18 00:00:00,2255,77086,1,57.6975,USD
2010-02-15 00:00:00,2010-02-18 00:00:00,2255,89502,1,57.6975,GBP
2010-02-15 00:00:00,2010-02-18 00:00:00,2255,91737,1,57.6975,GBP
2010-02-15 00:00:00,2010-02-18 00:00:00,2255,92223,1,57.6975,USD
2010-02-15 00:00:00,2010-02-18 00:00:00,2255,92570,1,57.6975,GBP
2010-02-15 00:00:00,2010-02-18 00:00:00,2255,92868,1,57.6975,GBP
2010-02-15 00:00:00,2010-02-18 00:00:00,2255,94510,1,57.6975,USD
2010-02-15 00:00:00,2010-02-18 00:00:00,2255,97004,1,57.6975,USD
2010-02-15 00:00:00,2010-02-18 00:00:00,2268,36801,1,309.6975,GBP
2010-02-15 00:00:00,2010-02-18 00:00:00,2268,92840,1,309.6975,USD
2010-02-15 00:00:00,2010-02-18 00:00:00,2268,95823,1,309.6975,GBP
2010-02-15 00:00:00,2010-02-18 00:00:00,2277,01507,1,251.9475,USD
2010-02-15 00:00:00,2010-02-18 00:00:00,2277,06370,1,251.9475,GBP
2010-02-15 00:00:00,2010-02-18 00:00:00,2277,06401,1,251.9475,GBP
2010-02-15 00:00:00,2010-02-18 00:00:00,2277,21658,1,251.9475,USD
2010-02-15 00:00:00,2010-02-18 00:00:00,2277,29376,1,251.9475,USD
2010-02-15 00:00:00,2010-02-18 00:00:00,2277,29680,1,251.9475,GBP
2010-02-15 00:00:00,2010-02-18 00:00:00,2277,29926,1,251.9475,GBP
2010-02-15 00:00:00,2010-02-18 00:00:00,2277,32547,1,251.9475,GBP
2010-02-15 00:00:00,2010-02-18 00:00:00,2277,32907,1,251.9475,GBP
2010-02-15 00:00:00,2010-02-18 00:00:00,2277,33759,1,251.9475,GBP
2010-02-15 00:00:00,2010-02-18 00:00:00,2277,34145,2,503.895,GBP
2010-02-15 00:00:00,2010-02-18 00:00:00,2277,36758,1,251.9475,GBP
2010-02-15 00:00:00,2010-02-18 00:00:00,2277,37401,1,251.9475,USD
2010-02-15 00:00:00,2010-02-18 00:00:00,2277,37821,1,251.9475,GBP
2010-02-15 00:00:00,2010-02-18 00:00:00,2277,38487,1,251.9475,USD
2010-02-15 00:00:00,2010-02-18 00:00:00,2277,40165,1,251.9475,GBP
2010-02-15 00:00:00,2010-02-18 00:00:00,2277,42122,1,251.9475,GBP
2010-02-15 00:00:00,2010-02-18 00:00:00,2277,47273,1,251.9475,GBP
2010-02-15 00:00:00,2010-02-18 00:00:00,2277,50674,1,251.9475,GBP
2010-02-15 00:00:00,2010-02-18 00:00:00,2277,51012,1,251.9475,GBP
2010-02-15 00:00:00,2010-02-18 00:00:00,2277,53704,1,251.9475,GBP
2010-02-15 00:00:00,2010-02-18 00:00:00,2277,59454,1,251.9475,GBP
2010-02-15 00:00:00,2010-02-18 00:00:00,2277,70401,1,251.9475,USD
2010-02-15 00:00:00,2010-02-18 00:00:00,2277,70607,1,251.9475,USD
2010-02-15 00:00:00,2010-02-18 00:00:00,2277,70726,1,251.9475,GBP
2010-02-15 00:00:00,2010-02-18 00:00:00,2277,71055,1,251.9475,GBP
2010-02-15 00:00:00,2010-02-18 00:00:00,2277,71479,1,251.9475,GBP
2010-02-15 00:00:00,2010-02-18 00:00:00,2277,72150,2,503.895,GBP
2010-02-15 00:00:00,2010-02-18 00:00:00,2277,72601,1,251.9475,USD
2010-02-15 00:00:00,2010-02-18 00:00:00,2277,74107,1,251.9475,GBP
2010-02-15 00:00:00,2010-02-18 00:00:00,2277,74451,1,251.9475,GBP
2010-02-15 00:00:00,2010-02-18 00:00:00,2277,90731,1,251.9475,GBP
2010-02-15 00:00:00,2010-02-18 00:00:00,2277,91350,2,503.895,USD
2010-02-15 00:00:00,2010-02-18 00:00:00,2277,91773,1,251.9475,USD
2010-02-15 00:00:00,2010-02-18 00:00:00,2277,91935,1,251.9475,USD
2010-02-15 00:00:00,2010-02-18 00:00:00,2277,92503,1,251.9475,USD
2010-02-15 00:00:00,2010-02-18 00:00:00,2277,92555,1,251.9475,GBP
2010-02-15 00:00:00,2010-02-18 00:00:00,2277,92807,1,251.9475,GBP
2010-02-15 00:00:00,2010-02-18 00:00:00,2277,93612,1,251.9475,GBP
2010-02-15 00:00:00,2010-02-18 00:00:00,2277,94507,2,503.895,USD
2010-02-15 00:00:00,2010-02-18 00:00:00,2277,95237,1,251.9475,GBP
2010-02-15 00:00:00,2010-02-18 00:00:00,2277,95562,1,251.9475,USD
2010-02-15 00:00:00,2010-02-18 00:00:00,2279,06082,1,165.3225,USD
2010-02-15 00:00:00,2010-02-18 00:00:00,2279,34680,1,165.3225,GBP
2010-02-15 00:00:00,2010-02-18 00:00:00,2279,39439,1,165.3225,GBP
2010-02-15 00:00:00,2010-02-18 00:00:00,2279,70529,1,165.3225,GBP
2010-02-15 00:00:00,2010-02-18 00:00:00,2279,83336,1,165.3225,GBP
2010-02-15 00:00:00,2010-02-18 00:00:00,2279,85257,1,165.3225,USD
2010-02-15 00:00:00,2010-02-18 00:00:00,2279,89523,1,165.3225,USD
2010-02-15 00:00:00,2010-02-18 00:00:00,2279,91354,1,165.3225,GBP
2010-02-15 00:00:00,2010-02-18 00:00:00,2279,91355,1,165.3225,GBP
2010-02-15 00:00:00,2010-02-18 00:00:00,2279,96021,1,165.3225,USD
2010-02-15 00:00:00,2010-02-18 00:00:00,2282,06095,1,304.4475,GBP
2010-02-15 00:00:00,2010-02-18 00:00:00,2282,08028,1,304.4475,USD
2010-02-15 00:00:00,2010-02-18 00:00:00,2282,08527,1,304.4475,GBP
2010-02-15 00:00:00,2010-02-18 00:00:00,2282,20711,1,304.4475,GBP
2010-02-15 00:00:00,2010-02-18 00:00:00,2282,20872,1,304.4475,GBP
2010-02-15 00:00:00,2010-02-18 00:00:00,2282,21047,1,304.4475,GBP
2010-02-15 00:00:00,2010-02-18 00:00:00,2282,24822,1,304.4475,USD
2010-02-15 00:00:00,2010-02-18 00:00:00,2282,42240,1,304.4475,USD
2010-02-15 00:00:00,2010-02-18 00:00:00,2282,46580,1,304.4475,GBP
2010-02-15 00:00:00,2010-02-18 00:00:00,2282,47130,1,304.4475,GBP
2010-02-15 00:00:00,2010-02-18 00:00:00,2282,47635,1,304.4475,USD
2010-02-15 00:00:00,2010-02-18 00:00:00,2282,55079,1,304.4475,USD
2010-02-15 00:00:00,2010-02-18 00:00:00,2282,55362,1,304.4475,GBP
2010-02-15 00:00:00,2010-02-18 00:00:00,2282,55736,1,304.4475,USD
2010-02-15 00:00:00,2010-02-18 00:00:00,2282,56751,1,304.4475,GBP
2010-02-15 00:00:00,2010-02-18 00:00:00,2282,67337,1,304.4475,GBP
2010-02-15 00:00:00,2010-02-18 00:00:00,2282,71921,1,304.4475,USD
2010-02-15 00:00:00,2010-02-18 00:00:00,2282,72908,1,304.4475,USD
2010-02-15 00:00:00,2010-02-18 00:00:00,2282,75238,1,304.4475,GBP
2010-02-15 00:00:00,2010-02-18 00:00:00,2282,76031,1,304.4475,GBP
2010-02-15 00:00:00,2010-02-18 00:00:00,2282,76065,1,304.4475,USD
2010-02-15 00:00:00,2010-02-18 00:00:00,2282,85021,1,304.4475,GBP
2010-02-15 00:00:00,2010-02-18 00:00:00,2282,85308,1,304.4475,GBP
2010-02-15 00:00:00,2010-02-18 00:00:00,2282,85641,1,304.4475,USD
2010-02-15 00:00:00,2010-02-18 00:00:00,2282,89119,1,304.4475,GBP
2010-02-15 00:00:00,2010-02-18 00:00:00,2282,91355,2,608.895,USD
2010-02-15 00:00:00,2010-02-18 00:00:00,2282,91384,1,304.4475,USD
2010-02-15 00:00:00,2010-02-18 00:00:00,2282,92008,1,304.4475,GBP
2010-02-15 00:00:00,2010-02-18 00:00:00,2282,92055,1,304.4475,USD
2010-02-15 00:00:00,2010-02-18 00:00:00,2282,92109,2,608.895,USD
2010-02-15 00:00:00,2010-02-18 00:00:00,2282,92308,2,608.895,GBP
2010-02-15 00:00:00,2010-02-18 00:00:00,2282,92509,2,608.895,USD
2010-02-15 00:00:00,2010-02-18 00:00:00,2282,92551,1,304.4475,GBP
2010-02-15 00:00:00,2010-02-18 00:00:00,2282,92571,1,304.4475,GBP
2010-02-15 00:00:00,2010-02-18 00:00:00,2282,92705,1,304.4475,GBP
2010-02-15 00:00:00,2010-02-18 00:00:00,2282,93012,1,304.4475,GBP
2010-02-15 00:00:00,2010-02-18 00:00:00,2282,93536,1,304.4475,USD
2010-02-15 00:00:00,2010-02-18 00:00:00,2282,96151,1,304.4475,GBP
2010-02-15 00:00:00,2010-02-18 00:00:00,2282,97013,1,304.4475,USD
2010-02-15 00:00:00,2010-02-18 00:00:00,2282,97023,1,304.4475,GBP
2010-02-15 00:00:00,2010-02-18 00:00:00,2282,97113,1,304.4475,USD
2010-02-15 00:00:00,2010-02-18 00:00:00,2282,97838,1,304.4475,USD
2010-02-15 00:00:00,2010-02-18 00:00:00,2284,02053,1,293.9475,USD
2010-02-15 00:00:00,2010-02-18 00:00:00,2284,07731,1,293.9475,GBP
2010-02-15 00:00:00,2010-02-18 00:00:00,2284,32934,1,293.9475,USD
2010-02-15 00:00:00,2010-02-18 00:00:00,2284,33410,1,293.9475,USD
2010-02-15 00:00:00,2010-02-18 00:00:00,2284,33461,1,293.9475,USD
2010-02-15 00:00:00,2010-02-18 00:00:00,2284,34208,1,293.9475,USD
2010-02-15 00:00:00,2010-02-18 00:00:00,2284,34224,1,293.9475,USD
2010-02-15 00:00:00,2010-02-18 00:00:00,2284,36117,1,293.9475,USD
2010-02-15 00:00:00,2010-02-18 00:00:00,2284,37857,1,293.9475,GBP
2010-02-15 00:00:00,2010-02-18 00:00:00,2284,66062,1,293.9475,USD
2010-02-15 00:00:00,2010-02-18 00:00:00,2284,70754,1,293.9475,GBP
2010-02-15 00:00:00,2010-02-18 00:00:00,2284,72002,1,293.9475,GBP
2010-02-15 00:00:00,2010-02-18 00:00:00,2284,73533,1,293.9475,USD
2010-02-15 00:00:00,2010-02-18 00:00:00,2284,75038,1,293.9475,USD
2010-02-15 00:00:00,2010-02-18 00:00:00,2284,77532,1,293.9475,USD
2010-02-15 00:00:00,2010-02-18 00:00:00,2284,83686,1,293.9475,USD
2010-02-15 00:00:00,2010-02-18 00:00:00,2284,85282,1,293.9475,USD
2010-02-15 00:00:00,2010-02-18 00:00:00,2284,89015,3,881.8425,USD
2010-02-15 00:00:00,2010-02-18 00:00:00,2284,89030,1,293.9475,GBP
2010-02-15 00:00:00,2010-02-18 00:00:00,2284,89040,1,293.9475,GBP
2010-02-15 00:00:00,2010-02-18 00:00:00,2284,91361,1,293.9475,USD
2010-02-15 00:00:00,2010-02-18 00:00:00,2284,91377,1,293.9475,GBP
2010-02-15 00:00:00,2010-02-18 00:00:00,2284,91501,1,293.9475,USD
2010-02-15 00:00:00,2010-02-18 00:00:00,2284,92027,2,587.895,USD
2010-02-15 00:00:00,2010-02-18 00:00:00,2284,92581,1,293.9475,USD
2010-02-15 00:00:00,2010-02-18 00:00:00,2284,92618,1,293.9475,USD
2010-02-15 00:00:00,2010-02-18 00:00:00,2284,93063,1,293.9475,USD
2010-02-15 00:00:00,2010-02-18 00:00:00,2284,93550,1,293.9475,USD
2010-02-15 00:00:00,2010-02-18 00:00:00,2284,94536,1,293.9475,GBP
2010-02-15 00:00:00,2010-02-18 00:00:00,2284,94583,1,293.9475,GBP
2010-02-15 00:00:00,2010-02-18 00:00:00,2284,95336,1,293.9475,USD
2010-02-15 00:00:00,2010-02-18 00:00:00,2284,95519,1,293.9475,GBP
2010-02-15 00:00:00,2010-02-18 00:00:00,2284,97055,1,293.9475,USD
2010-02-15 00:00:00,2010-02-18 00:00:00,2284,97067,1,293.9475,USD
2010-02-15 00:00:00,2010-02-18 00:00:00,2284,99615,1,293.9475,USD
2010-02-15 00:00:00,2010-02-18 00:00:00,2287,21742,1,839.9475,GBP
2010-02-15 00:00:00,2010-02-18 00:00:00,2287,32505,1,839.9475,GBP
2010-02-15 00:00:00,2010-02-18 00:00:00,2287,34470,1,839.9475,GBP
2010-02-15 00:00:00,2010-02-18 00:00:00,2287,40515,1,839.9475,GBP
2010-02-15 00:00:00,2010-02-18 00:00:00,2287,54205,1,839.9475,GBP
2010-02-15 00:00:00,2010-02-18 00:00:00,2287,57106,1,839.9475,GBP
2010-02-15 00:00:00,2010-02-18 00:00:00,2287,84058,1,839.9475,GBP
2010-02-15 00:00:00,2010-02-18 00:00:00,2287,89117,1,839.9475,GBP
2010-02-15 00:00:00,2010-02-18 00:00:00,2287,90650,1,839.9475,GBP
2010-02-15 00:00:00,2010-02-18 00:00:00,2287,95076,1,839.9475,GBP
2010-02-15 00:00:00,2010-02-18 00:00:00,2287,97470,1,839.9475,GBP
2010-02-15 00:00:00,2010-02-18 00:00:00,2290,88008,1,795.3225,USD
2010-02-15 00:00:00,2010-02-18 00:00:00,2328,70605,1,393.6975,GBP
2010-02-15 00:00:00,2010-02-18 00:00:00,2331,02865,1,535.4475,USD
2010-02-15 00:00:00,2010-02-18 00:00:00,2331,07020,1,535.4475,USD
2010-02-15 00:00:00,2010-02-18 00:00:00,2331,29827,1,535.4475,USD
2010-02-15 00:00:00,2010-02-18 00:00:00,2331,32707,1,535.4475,USD
2010-02-15 00:00:00,2010-02-18 00:00:00,2331,32720,1,535.4475,USD
2010-02-15 00:00:00,2010-02-18 00:00:00,2331,33010,1,535.4475,GBP
2010-02-15 00:00:00,2010-02-18 00:00:00,2331,33407,1,535.4475,USD
2010-02-15 00:00:00,2010-02-18 00:00:00,2331,37040,1,535.4475,GBP
2010-02-15 00:00:00,2010-02-18 00:00:00,2331,39047,1,535.4475,GBP
2010-02-15 00:00:00,2010-02-18 00:00:00,2331,39401,1,535.4475,USD
2010-02-15 00:00:00,2010-02-18 00:00:00,2331,42372,1,535.4475,USD
2010-02-15 00:00:00,2010-02-18 00:00:00,2331,46733,1,535.4475,USD
2010-02-15 00:00:00,2010-02-18 00:00:00,2331,52722,1,535.4475,USD
2010-02-15 00:00:00,2010-02-18 00:00:00,2331,55308,1,535.4475,GBP
2010-02-15 00:00:00,2010-02-18 00:00:00,2331,57501,1,535.4475,GBP
2010-02-15 00:00:00,2010-02-18 00:00:00,2331,63129,1,535.4475,GBP
2010-02-15 00:00:00,2010-02-18 00:00:00,2331,66061,1,535.4475,GBP
2010-02-15 00:00:00,2010-02-18 00:00:00,2331,66208,1,535.4475,USD
2010-02-15 00:00:00,2010-02-18 00:00:00,2331,71202,1,535.4475,USD
2010-02-15 00:00:00,2010-02-18 00:00:00,2331,71459,1,535.4475,GBP
2010-02-15 00:00:00,2010-02-18 00:00:00,2331,72212,1,535.4475,USD
2010-02-15 00:00:00,2010-02-18 00:00:00,2331,74354,1,535.4475,USD
2010-02-15 00:00:00,2010-02-18 00:00:00,2331,74403,1,535.4475,GBP
2010-02-15 00:00:00,2010-02-18 00:00:00,2331,75662,2,1070.895,USD
2010-02-15 00:00:00,2010-02-18 00:00:00,2331,85254,1,535.4475,GBP
2010-02-15 00:00:00,2010-02-18 00:00:00,2331,85302,2,1070.895,USD
2010-02-15 00:00:00,2010-02-18 00:00:00,2331,91505,2,1070.895,USD
2010-02-15 00:00:00,2010-02-18 00:00:00,2331,91770,1,535.4475,USD
2010-02-15 00:00:00,2010-02-18 00:00:00,2331,92660,1,535.4475,USD
2010-02-15 00:00:00,2010-02-18 00:00:00,2331,94086,2,1070.895,USD
2010-02-15 00:00:00,2010-02-18 00:00:00,2331,94546,1,535.4475,USD
2010-02-15 00:00:00,2010-02-18 00:00:00,2331,97219,1,535.4475,GBP
2010-02-15 00:00:00,2010-02-18 00:00:00,2335,02863,1,514.4475,GBP
2010-02-15 00:00:00,2010-02-18 00:00:00,2351,36618,1,314.9475,USD
2010-02-15 00:00:00,2010-02-18 00:00:00,2352,32311,1,367.4475,GBP
2010-02-15 00:00:00,2010-02-18 00:00:00,2352,33437,1,367.4475,USD
2010-02-15 00:00:00,2010-02-18 00:00:00,2352,36264,1,388.4475,GBP
2010-02-15 00:00:00,2010-02-18 00:00:00,2352,38118,1,367.4475,GBP
2010-02-15 00:00:00,2010-02-18 00:00:00,2352,70791,1,367.4475,GBP
2010-02-15 00:00:00,2010-02-18 00:00:00,2352,74801,1,367.4475,GBP
2010-02-15 00:00:00,2010-02-18 00:00:00,2352,92104,1,367.4475,GBP
2010-02-15 00:00:00,2010-02-18 00:00:00,2352,94404,1,388.4475,USD
2010-02-15 00:00:00,2010-02-18 00:00:00,2352,95926,1,367.4475,GBP
2010-02-15 00:00:00,2010-02-18 00:00:00,2357,07869,1,272.9475,GBP
2010-02-15 00:00:00,2010-02-18 00:00:00,2357,36786,1,272.9475,GBP
2010-02-15 00:00:00,2010-02-18 00:00:00,2357,55106,1,278.1975,GBP
2010-02-15 00:00:00,2010-02-18 00:00:00,2362,57342,1,776.9475,GBP
2010-02-15 00:00:00,2010-02-18 00:00:00,2370,77521,1,719.1975,GBP
2010-02-15 00:00:00,2010-02-18 00:00:00,2371,37650,1,551.1975,USD
2010-02-15 00:00:00,2010-02-18 00:00:00,2371,38801,1,551.1975,GBP
2010-02-15 00:00:00,2010-02-18 00:00:00,2371,46808,1,551.1975,GBP
2010-02-15 00:00:00,2010-02-18 00:00:00,2371,70422,1,551.1975,GBP
2010-02-15 00:00:00,2010-02-18 00:00:00,2371,73071,1,551.1975,GBP
2010-02-15 00:00:00,2010-02-18 00:00:00,2371,94114,2,1102.395,GBP
2010-02-15 00:00:00,2010-02-18 00:00:00,2372,08088,1,419.9475,USD
2010-02-15 00:00:00,2010-02-18 00:00:00,2372,63111,1,419.9475,GBP
2010-02-15 00:00:00,2010-02-18 00:00:00,2372,72561,1,398.9475,GBP
2010-02-15 00:00:00,2010-02-18 00:00:00,2372,76135,1,398.9475,GBP
2010-02-15 00:00:00,2010-02-18 00:00:00,2372,87031,1,398.9475,USD
2010-02-15 00:00:00,2010-02-18 00:00:00,2372,91932,1,398.9475,USD
2010-02-15 00:00:00,2010-02-18 00:00:00,2373,01301,1,551.1975,GBP
2010-02-15 00:00:00,2010-02-18 00:00:00,2373,32034,1,551.1975,USD
2010-02-15 00:00:00,2010-02-18 00:00:00,2373,33837,1,551.1975,GBP
2010-02-15 00:00:00,2010-02-18 00:00:00,2373,34601,1,551.1975,USD
2010-02-15 00:00:00,2010-02-18 00:00:00,2373,38017,1,551.1975,GBP
2010-02-15 00:00:00,2010-02-18 00:00:00,2373,51503,1,551.1975,GBP
2010-02-15 00:00:00,2010-02-18 00:00:00,2373,55416,1,551.1975,GBP
2010-02-15 00:00:00,2010-02-18 00:00:00,2373,63128,1,551.1975,GBP
2010-02-15 00:00:00,2010-02-18 00:00:00,2373,68112,1,551.1975,USD
2010-02-15 00:00:00,2010-02-18 00:00:00,2373,71457,1,551.1975,USD
2010-02-15 00:00:00,2010-02-18 00:00:00,2373,75783,1,551.1975,USD
2010-02-15 00:00:00,2010-02-18 00:00:00,2373,77252,1,551.1975,USD
2010-02-15 00:00:00,2010-02-18 00:00:00,2373,79603,1,551.1975,GBP
2010-02-15 00:00:00,2010-02-18 00:00:00,2373,84041,2,1102.395,USD
2010-02-15 00:00:00,2010-02-18 00:00:00,2373,85606,1,551.1975,GBP
2010-02-15 00:00:00,2010-02-18 00:00:00,2373,88031,1,551.1975,GBP
2010-02-15 00:00:00,2010-02-18 00:00:00,2373,89123,1,551.1975,USD
2010-02-15 00:00:00,2010-02-18 00:00:00,2373,91321,1,551.1975,GBP
2010-02-15 00:00:00,2010-02-18 00:00:00,2373,92392,1,551.1975,USD
2010-02-15 00:00:00,2010-02-18 00:00:00,2373,92870,1,551.1975,GBP
2010-02-15 00:00:00,2010-02-18 00:00:00,2373,93555,1,551.1975,USD
2010-02-15 00:00:00,2010-02-18 00:00:00,2373,94558,1,551.1975,USD
2010-02-15 00:00:00,2010-02-18 00:00:00,2373,95023,1,551.1975,USD
2010-02-15 00:00:00,2010-02-18 00:00:00,2373,95357,1,551.1975,GBP
2010-02-15 00:00:00,2010-02-18 00:00:00,2373,97202,1,551.1975,USD
2010-02-15 00:00:00,2010-02-18 00:00:00,2373,97459,1,551.1975,GBP
2010-02-15 00:00:00,2010-02-18 00:00:00,2374,33972,1,629.9475,USD
2010-02-15 00:00:00,2010-02-18 00:00:00,2374,34434,1,629.9475,USD
2010-02-15 00:00:00,2010-02-18 00:00:00,2374,41075,1,629.9475,USD
2010-02-15 00:00:00,2010-02-18 00:00:00,2374,63139,1,629.9475,GBP
2010-02-15 00:00:00,2010-02-18 00:00:00,2374,75013,1,629.9475,USD
2010-02-15 00:00:00,2010-02-18 00:00:00,2374,84115,1,629.9475,GBP
2010-02-15 00:00:00,2010-02-18 00:00:00,2374,89133,1,629.9475,GBP
2010-02-15 00:00:00,2010-02-18 00:00:00,2379,40217,1,1039.185,GBP
2010-02-15 00:00:00,2010-02-18 00:00:00,2379,40217,1,1385.58,USD
2010-02-15 00:00:00,2010-02-18 00:00:00,2379,70072,1,209.9475,GBP
2010-02-15 00:00:00,2010-02-18 00:00:00,2379,75561,1,173.1975,USD
2010-02-15 00:00:00,2010-02-18 00:00:00,2380,06226,1,309.6975,USD
2010-02-15 00:00:00,2010-02-18 00:00:00,2380,08641,1,309.6975,GBP
2010-02-15 00:00:00,2010-02-18 00:00:00,2380,85037,1,309.6975,USD
2010-02-15 00:00:00,2010-02-18 00:00:00,2380,91205,1,293.9475,USD
2010-02-15 00:00:00,2010-02-18 00:00:00,2388,02720,1,309.6975,USD
2010-02-15 00:00:00,2010-02-18 00:00:00,2388,07003,1,309.6975,USD
2010-02-15 00:00:00,2010-02-18 00:00:00,2388,21221,1,309.6975,GBP
2010-02-15 00:00:00,2010-02-18 00:00:00,2388,29045,1,309.6975,USD
2010-02-15 00:00:00,2010-02-18 00:00:00,2388,29212,1,309.6975,USD
2010-02-15 00:00:00,2010-02-18 00:00:00,2388,29945,1,309.6975,USD
2010-02-15 00:00:00,2010-02-18 00:00:00,2388,32708,1,309.6975,USD
2010-02-15 00:00:00,2010-02-18 00:00:00,2388,33026,3,929.0925,USD
2010-02-15 00:00:00,2010-02-18 00:00:00,2388,33328,2,619.395,USD
2010-02-15 00:00:00,2010-02-18 00:00:00,2388,33523,1,309.6975,USD
2010-02-15 00:00:00,2010-02-18 00:00:00,2388,33594,1,309.6975,USD
2010-02-15 00:00:00,2010-02-18 00:00:00,2388,33713,1,309.6975,GBP
2010-02-15 00:00:00,2010-02-18 00:00:00,2388,36340,1,309.6975,USD
2010-02-15 00:00:00,2010-02-18 00:00:00,2388,37642,1,309.6975,USD
2010-02-15 00:00:00,2010-02-18 00:00:00,2388,37764,1,309.6975,USD
2010-02-15 00:00:00,2010-02-18 00:00:00,2388,37914,1,309.6975,USD
2010-02-15 00:00:00,2010-02-18 00:00:00,2388,38801,1,309.6975,USD
2010-02-15 00:00:00,2010-02-18 00:00:00,2388,39520,1,309.6975,USD
2010-02-15 00:00:00,2010-02-18 00:00:00,2388,40212,1,1238.79,GBP
2010-02-15 00:00:00,2010-02-18 00:00:00,2388,40212,1,929.0925,USD
2010-02-15 00:00:00,2010-02-18 00:00:00,2388,41169,1,1238.79,GBP
2010-02-15 00:00:00,2010-02-18 00:00:00,2388,41169,1,1858.185,USD
2010-02-15 00:00:00,2010-02-18 00:00:00,2388,42544,1,309.6975,USD
2010-02-15 00:00:00,2010-02-18 00:00:00,2388,47805,1,2787.2775,GBP
2010-02-15 00:00:00,2010-02-18 00:00:00,2388,47805,1,2477.58,USD
2010-02-15 00:00:00,2010-02-18 00:00:00,2388,47905,1,309.6975,USD
2010-02-15 00:00:00,2010-02-18 00:00:00,2388,53051,1,309.6975,USD
2010-02-15 00:00:00,2010-02-18 00:00:00,2388,55433,1,309.6975,USD
2010-02-15 00:00:00,2010-02-18 00:00:00,2388,67502,2,619.395,USD
2010-02-15 00:00:00,2010-02-18 00:00:00,2388,72315,1,309.6975,USD
2010-02-15 00:00:00,2010-02-18 00:00:00,2388,73030,1,309.6975,GBP
2010-02-15 00:00:00,2010-02-18 00:00:00,2388,73401,1,309.6975,USD
2010-02-15 00:00:00,2010-02-18 00:00:00,2388,75007,1,309.6975,USD
2010-02-15 00:00:00,2010-02-18 00:00:00,2388,75023,1,309.6975,USD
2010-02-15 00:00:00,2010-02-18 00:00:00,2388,76109,2,619.395,USD
2010-02-15 00:00:00,2010-02-18 00:00:00,2388,77845,2,619.395,USD
2010-02-15 00:00:00,2010-02-18 00:00:00,2388,89110,1,309.6975,USD
2010-02-15 00:00:00,2010-02-18 00:00:00,2388,93726,1,309.6975,USD
2010-02-15 00:00:00,2010-02-18 00:00:00,2401,34994,2,325.395,USD
2010-02-15 00:00:00,2010-02-18 00:00:00,2401,46036,1,162.6975,USD
2010-02-15 00:00:00,2010-02-18 00:00:00,2401,70116,1,162.6975,GBP
2010-02-15 00:00:00,2010-02-18 00:00:00,2401,84115,1,162.6975,GBP
2010-02-15 00:00:00,2010-02-18 00:00:00,2401,94131,1,162.6975,USD
2010-02-15 00:00:00,2010-02-18 00:00:00,2406,34104,1,89.1975,USD
2010-02-15 00:00:00,2010-02-18 00:00:00,2406,72957,1,89.1975,USD
2010-02-15 00:00:00,2010-02-18 00:00:00,2407,29831,1,73.4475,GBP
2010-02-15 00:00:00,2010-02-18 00:00:00,2407,33040,6,440.685,USD
2010-02-15 00:00:00,2010-02-18 00:00:00,2407,54901,1,73.4475,GBP
2010-02-15 00:00:00,2010-02-18 00:00:00,2407,55379,2,146.895,USD
2010-02-15 00:00:00,2010-02-18 00:00:00,2407,72956,1,73.4475,GBP
2010-02-15 00:00:00,2010-02-18 00:00:00,2407,77044,1,73.4475,GBP
2010-02-15 00:00:00,2010-02-18 00:00:00,2410,33414,3,299.0925,GBP
2010-02-15 00:00:00,2010-02-18 00:00:00,2410,33810,1,99.6975,USD
2010-02-15 00:00:00,2010-02-18 00:00:00,2410,34746,1,99.6975,USD
2010-02-15 00:00:00,2010-02-18 00:00:00,2410,39216,1,99.6975,GBP
2010-02-15 00:00:00,2010-02-18 00:00:00,2410,51027,1,99.6975,USD
2010-02-15 00:00:00,2010-02-18 00:00:00,2410,72921,1,99.6975,GBP
2010-02-15 00:00:00,2010-02-18 00:00:00,2410,92067,1,99.6975,USD
2010-02-15 00:00:00,2010-02-18 00:00:00,2410,94578,1,99.6975,GBP
2010-02-15 00:00:00,2010-02-18 00:00:00,2410,95247,1,99.6975,USD
2010-02-15 00:00:00,2010-02-19 00:00:00,25,57434,1,792.75,GBP
2010-02-15 00:00:00,2010-02-19 00:00:00,36,95030,1,414.75,GBP
2010-02-15 00:00:00,2010-02-19 00:00:00,36,95066,2,829.5,GBP
2010-02-15 00:00:00,2010-02-19 00:00:00,36,95401,1,414.75,GBP
2010-02-15 00:00:00,2010-02-19 00:00:00,36,95616,1,414.75,GBP
2010-02-15 00:00:00,2010-02-19 00:00:00,36,95630,1,414.75,USD
2010-02-15 00:00:00,2010-02-19 00:00:00,94,29073,1,866.25,GBP
2010-02-15 00:00:00,2010-02-19 00:00:00,94,29687,1,866.25,GBP
2010-02-15 00:00:00,2010-02-19 00:00:00,94,92867,2,1732.5,GBP
2010-02-15 00:00:00,2010-02-19 00:00:00,94,94552,1,866.25,GBP
2010-02-15 00:00:00,2010-02-19 00:00:00,94,94901,1,866.25,GBP
2010-02-15 00:00:00,2010-02-19 00:00:00,94,97216,1,866.25,USD
2010-02-15 00:00:00,2010-02-19 00:00:00,120,01527,1,805.875,GBP
2010-02-15 00:00:00,2010-02-19 00:00:00,120,33809,1,829.5,USD
2010-02-15 00:00:00,2010-02-19 00:00:00,120,34769,1,829.5,GBP
2010-02-15 00:00:00,2010-02-19 00:00:00,120,55124,1,829.5,USD
2010-02-15 00:00:00,2010-02-19 00:00:00,120,89128,1,829.5,GBP
2010-02-15 00:00:00,2010-02-19 00:00:00,120,92592,1,829.5,GBP
2010-02-15 00:00:00,2010-02-19 00:00:00,139,21037,1,1638,USD
2010-02-15 00:00:00,2010-02-19 00:00:00,139,78629,1,546,USD
2010-02-15 00:00:00,2010-02-19 00:00:00,139,84047,1,546,USD
2010-02-15 00:00:00,2010-02-19 00:00:00,139,92107,1,546,USD
2010-02-15 00:00:00,2010-02-19 00:00:00,157,06524,1,619.5,GBP
2010-02-15 00:00:00,2010-02-19 00:00:00,158,36013,1,656.25,GBP
2010-02-15 00:00:00,2010-02-19 00:00:00,158,64055,1,656.25,GBP
2010-02-15 00:00:00,2010-02-19 00:00:00,158,65201,1,656.25,GBP
2010-02-15 00:00:00,2010-02-19 00:00:00,158,85234,1,656.25,USD
2010-02-15 00:00:00,2010-02-19 00:00:00,184,39110,1,729.75,USD
2010-02-15 00:00:00,2010-02-19 00:00:00,187,90292,1,819,GBP
2010-02-15 00:00:00,2010-02-19 00:00:00,195,33073,1,750.225,GBP
2010-02-15 00:00:00,2010-02-19 00:00:00,195,46240,1,750.225,USD
2010-02-15 00:00:00,2010-02-19 00:00:00,195,50322,1,750.225,GBP
2010-02-15 00:00:00,2010-02-19 00:00:00,195,54143,1,750.225,USD
2010-02-15 00:00:00,2010-02-19 00:00:00,195,73072,1,750.225,USD
2010-02-15 00:00:00,2010-02-19 00:00:00,195,75022,1,750.225,GBP
2010-02-15 00:00:00,2010-02-19 00:00:00,195,78015,1,750.225,USD
2010-02-15 00:00:00,2010-02-19 00:00:00,195,85029,1,750.225,USD
2010-02-15 00:00:00,2010-02-19 00:00:00,195,90032,1,750.225,USD
2010-02-15 00:00:00,2010-02-19 00:00:00,195,92105,1,750.225,USD
2010-02-15 00:00:00,2010-02-19 00:00:00,195,95404,1,750.225,USD
2010-02-15 00:00:00,2010-02-19 00:00:00,226,76051,1,760.9875,USD
2010-02-15 00:00:00,2010-02-19 00:00:00,247,07860,1,367.2375,USD
2010-02-15 00:00:00,2010-02-19 00:00:00,247,76116,1,367.2375,GBP
2010-02-15 00:00:00,2010-02-19 00:00:00,247,83702,1,367.2375,GBP
2010-02-15 00:00:00,2010-02-19 00:00:00,247,85224,1,367.2375,GBP
2010-02-15 00:00:00,2010-02-19 00:00:00,248,02020,1,561.4875,USD
2010-02-15 00:00:00,2010-02-19 00:00:00,297,92029,1,708.4875,USD
2010-02-15 00:00:00,2010-02-19 00:00:00,318,06437,1,865.9875,GBP
2010-02-15 00:00:00,2010-02-19 00:00:00,318,95035,1,865.9875,USD
2010-02-15 00:00:00,2010-02-19 00:00:00,320,93721,1,1364.7375,GBP
2010-02-15 00:00:00,2010-02-19 00:00:00,330,72113,1,577.2375,GBP
2010-02-15 00:00:00,2010-02-19 00:00:00,330,83686,1,577.2375,USD
2010-02-15 00:00:00,2010-02-19 00:00:00,330,85712,1,577.2375,GBP
2010-02-15 00:00:00,2010-02-19 00:00:00,330,89030,1,577.2375,USD
2010-02-15 00:00:00,2010-02-19 00:00:00,330,95822,1,577.2375,USD
2010-02-15 00:00:00,2010-02-19 00:00:00,370,93950,1,540.4875,USD
2010-02-15 00:00:00,2010-02-19 00:00:00,392,33838,1,510.5625,USD
2010-02-15 00:00:00,2010-02-19 00:00:00,393,33838,1,510.5625,GBP
2010-02-15 00:00:00,2010-02-19 00:00:00,396,01235,1,857.0625,USD
2010-02-15 00:00:00,2010-02-19 00:00:00,396,03431,1,857.0625,USD
2010-02-15 00:00:00,2010-02-19 00:00:00,396,06062,1,857.0625,GBP
2010-02-15 00:00:00,2010-02-19 00:00:00,396,06410,1,857.0625,GBP
2010-02-15 00:00:00,2010-02-19 00:00:00,396,06451,1,857.0625,USD
2010-02-15 00:00:00,2010-02-19 00:00:00,396,07860,1,857.0625,GBP
2010-02-15 00:00:00,2010-02-19 00:00:00,396,08056,1,857.0625,GBP
2010-02-15 00:00:00,2010-02-19 00:00:00,396,25309,1,857.0625,USD
2010-02-15 00:00:00,2010-02-19 00:00:00,396,29407,1,857.0625,USD
2010-02-15 00:00:00,2010-02-19 00:00:00,396,29860,1,857.0625,GBP
2010-02-15 00:00:00,2010-02-19 00:00:00,396,33325,1,857.0625,USD
2010-02-15 00:00:00,2010-02-19 00:00:00,396,33711,1,857.0625,USD
2010-02-15 00:00:00,2010-02-19 00:00:00,396,34731,1,857.0625,USD
2010-02-15 00:00:00,2010-02-19 00:00:00,396,35620,1,857.0625,GBP
2010-02-15 00:00:00,2010-02-19 00:00:00,396,35674,1,857.0625,GBP
2010-02-15 00:00:00,2010-02-19 00:00:00,396,46167,1,857.0625,USD
2010-02-15 00:00:00,2010-02-19 00:00:00,396,46613,1,857.0625,USD
2010-02-15 00:00:00,2010-02-19 00:00:00,396,47362,1,857.0625,USD
2010-02-15 00:00:00,2010-02-19 00:00:00,396,47630,1,857.0625,USD
2010-02-15 00:00:00,2010-02-19 00:00:00,396,50051,1,857.0625,USD
2010-02-15 00:00:00,2010-02-19 00:00:00,396,50511,1,857.0625,GBP
2010-02-15 00:00:00,2010-02-19 00:00:00,396,50701,1,857.0625,USD
2010-02-15 00:00:00,2010-02-19 00:00:00,396,52246,1,857.0625,USD
2010-02-15 00:00:00,2010-02-19 00:00:00,396,53040,1,857.0625,USD
2010-02-15 00:00:00,2010-02-19 00:00:00,396,53121,1,857.0625,USD
2010-02-15 00:00:00,2010-02-19 00:00:00,396,53225,2,6856.5,GBP
2010-02-15 00:00:00,2010-02-19 00:00:00,396,53225,2,5142.375,USD
2010-02-15 00:00:00,2010-02-19 00:00:00,396,55051,1,857.0625,USD
2010-02-15 00:00:00,2010-02-19 00:00:00,396,55379,1,857.0625,GBP
2010-02-15 00:00:00,2010-02-19 00:00:00,396,55410,1,857.0625,USD
2010-02-15 00:00:00,2010-02-19 00:00:00,396,55953,1,857.0625,USD
2010-02-15 00:00:00,2010-02-19 00:00:00,396,63026,1,857.0625,USD
2010-02-15 00:00:00,2010-02-19 00:00:00,396,64485,1,857.0625,GBP
2010-02-15 00:00:00,2010-02-19 00:00:00,396,66617,1,857.0625,GBP
2010-02-15 00:00:00,2010-02-19 00:00:00,396,68801,1,857.0625,USD
2010-02-15 00:00:00,2010-02-19 00:00:00,396,70131,1,857.0625,USD
2010-02-15 00:00:00,2010-02-19 00:00:00,396,72703,1,857.0625,USD
2010-02-15 00:00:00,2010-02-19 00:00:00,396,73034,1,857.0625,GBP
2010-02-15 00:00:00,2010-02-19 00:00:00,396,77018,1,857.0625,GBP
2010-02-15 00:00:00,2010-02-19 00:00:00,396,77357,1,857.0625,USD
2010-02-15 00:00:00,2010-02-19 00:00:00,396,77429,1,857.0625,GBP
2010-02-15 00:00:00,2010-02-19 00:00:00,396,77845,1,857.0625,USD
2010-02-15 00:00:00,2010-02-19 00:00:00,396,78233,2,1714.125,USD
2010-02-15 00:00:00,2010-02-19 00:00:00,396,84004,1,857.0625,USD
2010-02-15 00:00:00,2010-02-19 00:00:00,396,85224,1,857.0625,GBP
2010-02-15 00:00:00,2010-02-19 00:00:00,396,85716,1,857.0625,GBP
2010-02-15 00:00:00,2010-02-19 00:00:00,396,89103,4,3428.25,GBP
2010-02-15 00:00:00,2010-02-19 00:00:00,396,89108,1,857.0625,USD
2010-02-15 00:00:00,2010-02-19 00:00:00,396,90034,1,857.0625,GBP
2010-02-15 00:00:00,2010-02-19 00:00:00,396,90710,1,857.0625,USD
2010-02-15 00:00:00,2010-02-19 00:00:00,396,91011,1,857.0625,USD
2010-02-15 00:00:00,2010-02-19 00:00:00,396,91320,2,1714.125,GBP
2010-02-15 00:00:00,2010-02-19 00:00:00,396,91362,1,857.0625,USD
2010-02-15 00:00:00,2010-02-19 00:00:00,396,92028,1,857.0625,USD
2010-02-15 00:00:00,2010-02-19 00:00:00,396,92374,1,857.0625,USD
2010-02-15 00:00:00,2010-02-19 00:00:00,396,92675,1,857.0625,GBP
2010-02-15 00:00:00,2010-02-19 00:00:00,396,92886,1,857.0625,USD
2010-02-15 00:00:00,2010-02-19 00:00:00,396,94066,1,857.0625,USD
2010-02-15 00:00:00,2010-02-19 00:00:00,396,94558,1,857.0625,GBP
2010-02-15 00:00:00,2010-02-19 00:00:00,396,95118,1,857.0625,USD
2010-02-15 00:00:00,2010-02-19 00:00:00,396,95666,1,857.0625,USD
2010-02-15 00:00:00,2010-02-19 00:00:00,396,97035,1,857.0625,GBP
2010-02-15 00:00:00,2010-02-19 00:00:00,400,29303,1,683.8125,GBP
2010-02-15 00:00:00,2010-02-19 00:00:00,400,32130,1,683.8125,GBP
2010-02-15 00:00:00,2010-02-19 00:00:00,400,32130,1,4786.6875,USD
2010-02-15 00:00:00,2010-02-19 00:00:00,400,33761,1,683.8125,GBP
2010-02-15 00:00:00,2010-02-19 00:00:00,400,37179,1,683.8125,USD
2010-02-15 00:00:00,2010-02-19 00:00:00,400,51501,1,683.8125,GBP
2010-02-15 00:00:00,2010-02-19 00:00:00,400,52601,1,683.8125,USD
2010-02-15 00:00:00,2010-02-19 00:00:00,400,53121,1,2735.25,GBP
2010-02-15 00:00:00,2010-02-19 00:00:00,400,53121,1,683.8125,USD
2010-02-15 00:00:00,2010-02-19 00:00:00,400,71407,1,683.8125,GBP
2010-02-15 00:00:00,2010-02-19 00:00:00,400,73401,2,1367.625,GBP
2010-02-15 00:00:00,2010-02-19 00:00:00,400,85705,1,683.8125,USD
2010-02-15 00:00:00,2010-02-19 00:00:00,400,92405,1,697.725,USD
2010-02-15 00:00:00,2010-02-19 00:00:00,400,92708,1,697.725,GBP
2010-02-15 00:00:00,2010-02-19 00:00:00,400,93610,1,697.725,USD
2010-02-15 00:00:00,2010-02-19 00:00:00,400,95204,1,697.725,GBP
2010-02-15 00:00:00,2010-02-19 00:00:00,400,95215,1,697.725,GBP
2010-02-15 00:00:00,2010-02-19 00:00:00,400,95928,1,697.725,GBP
2010-02-15 00:00:00,2010-02-19 00:00:00,415,50049,1,495.8625,USD
2010-02-15 00:00:00,2010-02-19 00:00:00,415,77873,1,495.8625,GBP
2010-02-15 00:00:00,2010-02-19 00:00:00,426,32952,1,795.1125,GBP
2010-02-15 00:00:00,2010-02-19 00:00:00,433,01081,1,804.3,USD
2010-02-15 00:00:00,2010-02-19 00:00:00,433,02056,1,804.3,USD
2010-02-15 00:00:00,2010-02-19 00:00:00,433,21037,1,1608.6,GBP
2010-02-15 00:00:00,2010-02-19 00:00:00,433,21037,1,804.3,USD
2010-02-15 00:00:00,2010-02-19 00:00:00,433,35453,1,804.3,USD
2010-02-15 00:00:00,2010-02-19 00:00:00,433,36117,1,804.3,GBP
2010-02-15 00:00:00,2010-02-19 00:00:00,433,38343,1,804.3,GBP
2010-02-15 00:00:00,2010-02-19 00:00:00,433,52001,1,804.3,GBP
2010-02-15 00:00:00,2010-02-19 00:00:00,433,53029,1,804.3,USD
2010-02-15 00:00:00,2010-02-19 00:00:00,433,53089,1,804.3,USD
2010-02-15 00:00:00,2010-02-19 00:00:00,433,53225,1,2412.8999999999996,GBP
2010-02-15 00:00:00,2010-02-19 00:00:00,433,53225,1,3217.2,USD
2010-02-15 00:00:00,2010-02-19 00:00:00,433,58103,1,804.3,GBP
2010-02-15 00:00:00,2010-02-19 00:00:00,433,87104,1,804.3,USD
2010-02-15 00:00:00,2010-02-19 00:00:00,443,02828,1,790.9125,GBP
2010-02-15 00:00:00,2010-02-19 00:00:00,443,29455,1,790.9125,GBP
2010-02-15 00:00:00,2010-02-19 00:00:00,443,32082,1,790.9125,GBP
2010-02-15 00:00:00,2010-02-19 00:00:00,443,32257,1,790.9125,USD
2010-02-15 00:00:00,2010-02-19 00:00:00,443,32927,1,790.9125,GBP
2010-02-15 00:00:00,2010-02-19 00:00:00,443,33781,1,790.9125,USD
2010-02-15 00:00:00,2010-02-19 00:00:00,443,37072,1,790.9125,GBP
2010-02-15 00:00:00,2010-02-19 00:00:00,443,37075,1,790.9125,USD
2010-02-15 00:00:00,2010-02-19 00:00:00,443,39218,1,790.9125,GBP
2010-02-15 00:00:00,2010-02-19 00:00:00,443,41501,1,790.9125,USD
2010-02-15 00:00:00,2010-02-19 00:00:00,443,46614,1,790.9125,GBP
2010-02-15 00:00:00,2010-02-19 00:00:00,443,47394,1,790.9125,GBP
2010-02-15 00:00:00,2010-02-19 00:00:00,443,47834,1,790.9125,GBP
2010-02-15 00:00:00,2010-02-19 00:00:00,443,53188,1,790.9125,USD
2010-02-15 00:00:00,2010-02-19 00:00:00,443,55330,1,790.9125,GBP
2010-02-15 00:00:00,2010-02-19 00:00:00,443,56301,1,790.9125,GBP
2010-02-15 00:00:00,2010-02-19 00:00:00,443,58701,1,790.9125,GBP
2010-02-15 00:00:00,2010-02-19 00:00:00,443,65803,1,790.9125,GBP
2010-02-15 00:00:00,2010-02-19 00:00:00,443,67544,1,790.9125,GBP
2010-02-15 00:00:00,2010-02-19 00:00:00,443,78620,1,790.9125,GBP
2010-02-15 00:00:00,2010-02-19 00:00:00,443,82240,1,790.9125,GBP
2010-02-15 00:00:00,2010-02-19 00:00:00,443,85364,1,790.9125,GBP
2010-02-15 00:00:00,2010-02-19 00:00:00,443,89102,1,790.9125,USD
2010-02-15 00:00:00,2010-02-19 00:00:00,443,92025,1,804.825,GBP
2010-02-15 00:00:00,2010-02-19 00:00:00,443,92040,1,804.825,GBP
2010-02-15 00:00:00,2010-02-19 00:00:00,443,92106,1,804.825,GBP
2010-02-15 00:00:00,2010-02-19 00:00:00,443,93534,1,804.825,GBP
2010-02-15 00:00:00,2010-02-19 00:00:00,443,93704,1,804.825,GBP
2010-02-15 00:00:00,2010-02-19 00:00:00,443,95376,1,804.825,GBP
2010-02-15 00:00:00,2010-02-19 00:00:00,443,95624,1,804.825,GBP
2010-02-15 00:00:00,2010-02-19 00:00:00,443,95991,1,804.825,GBP
2010-02-15 00:00:00,2010-02-19 00:00:00,443,97015,1,790.9125,GBP
2010-02-15 00:00:00,2010-02-19 00:00:00,443,97352,1,790.9125,GBP
2010-02-15 00:00:00,2010-02-19 00:00:00,475,01564,1,970.2,USD
2010-02-15 00:00:00,2010-02-19 00:00:00,475,20714,1,970.2,USD
2010-02-15 00:00:00,2010-02-19 00:00:00,475,32907,1,970.2,USD
2010-02-15 00:00:00,2010-02-19 00:00:00,475,33325,1,970.2,USD
2010-02-15 00:00:00,2010-02-19 00:00:00,475,35244,1,970.2,USD
2010-02-15 00:00:00,2010-02-19 00:00:00,475,37814,1,970.2,USD
2010-02-15 00:00:00,2010-02-19 00:00:00,475,38063,1,970.2,USD
2010-02-15 00:00:00,2010-02-19 00:00:00,475,38401,1,970.2,GBP
2010-02-15 00:00:00,2010-02-19 00:00:00,475,38671,1,970.2,GBP
2010-02-15 00:00:00,2010-02-19 00:00:00,475,38801,1,970.2,GBP
2010-02-15 00:00:00,2010-02-19 00:00:00,475,46107,1,970.2,USD
2010-02-15 00:00:00,2010-02-19 00:00:00,475,46236,1,970.2,GBP
2010-02-15 00:00:00,2010-02-19 00:00:00,475,46236,1,970.2,USD
2010-02-15 00:00:00,2010-02-19 00:00:00,475,46256,1,970.2,USD
2010-02-15 00:00:00,2010-02-19 00:00:00,475,50201,1,970.2,GBP
2010-02-15 00:00:00,2010-02-19 00:00:00,475,53024,1,970.2,GBP
2010-02-15 00:00:00,2010-02-19 00:00:00,475,53142,1,970.2,USD
2010-02-15 00:00:00,2010-02-19 00:00:00,475,53223,1,970.2,GBP
2010-02-15 00:00:00,2010-02-19 00:00:00,475,53225,1,970.2,GBP
2010-02-15 00:00:00,2010-02-19 00:00:00,475,53225,1,970.2,USD
2010-02-15 00:00:00,2010-02-19 00:00:00,475,54487,1,970.2,GBP
2010-02-15 00:00:00,2010-02-19 00:00:00,475,54915,1,970.2,GBP
2010-02-15 00:00:00,2010-02-19 00:00:00,475,55016,1,970.2,USD
2010-02-15 00:00:00,2010-02-19 00:00:00,475,55379,1,970.2,USD
2010-02-15 00:00:00,2010-02-19 00:00:00,475,55447,1,970.2,GBP
2010-02-15 00:00:00,2010-02-19 00:00:00,475,68731,1,970.2,GBP
2010-02-15 00:00:00,2010-02-19 00:00:00,475,70535,1,970.2,USD
2010-02-15 00:00:00,2010-02-19 00:00:00,475,75709,1,970.2,GBP
2010-02-15 00:00:00,2010-02-19 00:00:00,475,77627,1,970.2,USD
2010-02-15 00:00:00,2010-02-19 00:00:00,475,78611,2,1940.4,USD
2010-02-15 00:00:00,2010-02-19 00:00:00,475,79381,1,970.2,GBP
2010-02-15 00:00:00,2010-02-19 00:00:00,475,84041,1,970.2,GBP
2010-02-15 00:00:00,2010-02-19 00:00:00,475,88004,1,970.2,USD
2010-02-15 00:00:00,2010-02-19 00:00:00,475,89121,1,970.2,USD
2010-02-15 00:00:00,2010-02-19 00:00:00,475,89406,1,970.2,GBP
2010-02-15 00:00:00,2010-02-19 00:00:00,485,50428,1,807.1875,GBP
2010-02-15 00:00:00,2010-02-19 00:00:00,485,75604,1,807.1875,GBP
2010-02-15 00:00:00,2010-02-19 00:00:00,488,46902,1,970.2,USD
2010-02-15 00:00:00,2010-02-19 00:00:00,488,47960,1,970.2,USD
2010-02-15 00:00:00,2010-02-19 00:00:00,488,53119,1,6791.4,GBP
2010-02-15 00:00:00,2010-02-19 00:00:00,488,53119,1,11642.400000000001,USD
2010-02-15 00:00:00,2010-02-19 00:00:00,488,89131,1,970.2,USD
2010-02-15 00:00:00,2010-02-19 00:00:00,491,02920,1,815.325,USD
2010-02-15 00:00:00,2010-02-19 00:00:00,491,06023,1,815.325,USD
2010-02-15 00:00:00,2010-02-19 00:00:00,491,06716,1,815.325,GBP
2010-02-15 00:00:00,2010-02-19 00:00:00,491,32907,1,815.325,USD
2010-02-15 00:00:00,2010-02-19 00:00:00,491,36863,1,815.325,GBP
2010-02-15 00:00:00,2010-02-19 00:00:00,491,38343,1,815.325,USD
2010-02-15 00:00:00,2010-02-19 00:00:00,491,42001,1,815.325,USD
2010-02-15 00:00:00,2010-02-19 00:00:00,491,46013,2,1630.65,GBP
2010-02-15 00:00:00,2010-02-19 00:00:00,491,46056,1,815.325,USD
2010-02-15 00:00:00,2010-02-19 00:00:00,491,47805,1,9783.9,GBP
2010-02-15 00:00:00,2010-02-19 00:00:00,491,47805,1,5707.275,USD
2010-02-15 00:00:00,2010-02-19 00:00:00,491,50438,1,815.325,USD
2010-02-15 00:00:00,2010-02-19 00:00:00,491,52632,1,815.325,GBP
2010-02-15 00:00:00,2010-02-19 00:00:00,491,53092,1,815.325,USD
2010-02-15 00:00:00,2010-02-19 00:00:00,491,54457,1,815.325,USD
2010-02-15 00:00:00,2010-02-19 00:00:00,491,54487,1,815.325,USD
2010-02-15 00:00:00,2010-02-19 00:00:00,491,54901,1,815.325,GBP
2010-02-15 00:00:00,2010-02-19 00:00:00,491,55352,1,815.325,USD
2010-02-15 00:00:00,2010-02-19 00:00:00,491,63060,1,815.325,GBP
2010-02-15 00:00:00,2010-02-19 00:00:00,491,67022,1,815.325,GBP
2010-02-15 00:00:00,2010-02-19 00:00:00,491,68507,1,815.325,GBP
2010-02-15 00:00:00,2010-02-19 00:00:00,491,72758,1,815.325,USD
2010-02-15 00:00:00,2010-02-19 00:00:00,491,74014,1,815.325,GBP
2010-02-15 00:00:00,2010-02-19 00:00:00,491,75460,1,815.325,USD
2010-02-15 00:00:00,2010-02-19 00:00:00,491,77040,1,815.325,USD
2010-02-15 00:00:00,2010-02-19 00:00:00,491,84041,2,1630.65,GBP
2010-02-15 00:00:00,2010-02-19 00:00:00,491,85331,1,815.325,GBP
2010-02-15 00:00:00,2010-02-19 00:00:00,491,89041,1,815.325,USD
2010-02-15 00:00:00,2010-02-19 00:00:00,495,08016,1,560.9625,GBP
2010-02-15 00:00:00,2010-02-19 00:00:00,495,32223,1,560.9625,USD
2010-02-15 00:00:00,2010-02-19 00:00:00,495,71301,2,1121.925,GBP
2010-02-15 00:00:00,2010-02-19 00:00:00,495,73529,1,560.9625,GBP
2010-02-15 00:00:00,2010-02-19 00:00:00,495,95206,5,2804.8125,GBP
2010-02-15 00:00:00,2010-02-19 00:00:00,499,08037,1,846.3,GBP
2010-02-15 00:00:00,2010-02-19 00:00:00,499,25130,1,846.3,GBP
2010-02-15 00:00:00,2010-02-19 00:00:00,499,32308,1,846.3,GBP
2010-02-15 00:00:00,2010-02-19 00:00:00,499,38117,1,846.3,GBP
2010-02-15 00:00:00,2010-02-19 00:00:00,499,46517,1,846.3,GBP
2010-02-15 00:00:00,2010-02-19 00:00:00,499,52627,1,846.3,GBP
2010-02-15 00:00:00,2010-02-19 00:00:00,499,53530,1,846.3,GBP
2010-02-15 00:00:00,2010-02-19 00:00:00,499,54901,1,846.3,USD
2010-02-15 00:00:00,2010-02-19 00:00:00,499,55723,1,846.3,GBP
2010-02-15 00:00:00,2010-02-19 00:00:00,499,55944,1,846.3,GBP
2010-02-15 00:00:00,2010-02-19 00:00:00,499,57201,1,846.3,GBP
2010-02-15 00:00:00,2010-02-19 00:00:00,499,65072,1,846.3,GBP
2010-02-15 00:00:00,2010-02-19 00:00:00,499,79912,1,846.3,GBP
2010-02-15 00:00:00,2010-02-19 00:00:00,499,97321,1,846.3,GBP
2010-02-15 00:00:00,2010-02-19 00:00:00,510,36092,1,837.1125,USD
2010-02-15 00:00:00,2010-02-19 00:00:00,510,53095,1,837.1125,GBP
2010-02-15 00:00:00,2010-02-19 00:00:00,510,92544,1,842.3625,USD
2010-02-15 00:00:00,2010-02-19 00:00:00,510,92683,1,842.3625,USD
2010-02-15 00:00:00,2010-02-19 00:00:00,510,94519,1,842.3625,USD
2010-02-15 00:00:00,2010-02-19 00:00:00,510,95123,1,842.3625,USD
2010-02-15 00:00:00,2010-02-19 00:00:00,513,33407,1,493.2375,USD
2010-02-15 00:00:00,2010-02-19 00:00:00,513,37379,1,451.4475,GBP
2010-02-15 00:00:00,2010-02-19 00:00:00,513,46544,1,451.4475,GBP
2010-02-15 00:00:00,2010-02-19 00:00:00,513,53520,1,451.4475,GBP
2010-02-15 00:00:00,2010-02-19 00:00:00,513,89031,1,451.4475,USD
2010-02-15 00:00:00,2010-02-19 00:00:00,513,92127,1,456.6975,GBP
2010-02-15 00:00:00,2010-02-19 00:00:00,513,95008,1,456.6975,GBP
2010-02-15 00:00:00,2010-02-19 00:00:00,513,95616,1,456.6975,GBP
2010-02-15 00:00:00,2010-02-19 00:00:00,530,21037,1,1259.895,GBP
2010-02-15 00:00:00,2010-02-19 00:00:00,530,21037,1,3149.7375,USD
2010-02-15 00:00:00,2010-02-19 00:00:00,530,47374,1,635.1975,GBP
2010-02-15 00:00:00,2010-02-19 00:00:00,530,76053,1,635.1975,GBP
2010-02-15 00:00:00,2010-02-19 00:00:00,532,21144,1,556.4475,USD
2010-02-15 00:00:00,2010-02-19 00:00:00,532,37095,1,556.4475,GBP
2010-02-15 00:00:00,2010-02-19 00:00:00,532,46236,1,556.4475,GBP
2010-02-15 00:00:00,2010-02-19 00:00:00,532,87110,1,556.4475,GBP
2010-02-15 00:00:00,2010-02-19 00:00:00,550,21813,1,403.9875,GBP
2010-02-15 00:00:00,2010-02-19 00:00:00,550,29681,1,403.9875,GBP
2010-02-15 00:00:00,2010-02-19 00:00:00,550,34110,1,403.9875,USD
2010-02-15 00:00:00,2010-02-19 00:00:00,550,34695,1,403.9875,GBP
2010-02-15 00:00:00,2010-02-19 00:00:00,550,46992,1,403.9875,GBP
2010-02-15 00:00:00,2010-02-19 00:00:00,550,52646,1,403.9875,GBP
2010-02-15 00:00:00,2010-02-19 00:00:00,550,58225,1,403.9875,USD
2010-02-15 00:00:00,2010-02-19 00:00:00,550,87505,1,403.9875,GBP
2010-02-15 00:00:00,2010-02-19 00:00:00,550,95127,1,410.2875,GBP
2010-02-15 00:00:00,2010-02-19 00:00:00,550,97080,1,403.9875,USD
2010-02-15 00:00:00,2010-02-19 00:00:00,559,06705,1,585.6375,USD
2010-02-15 00:00:00,2010-02-19 00:00:00,559,07078,1,585.6375,USD
2010-02-15 00:00:00,2010-02-19 00:00:00,559,21842,1,585.6375,GBP
2010-02-15 00:00:00,2010-02-19 00:00:00,559,25501,1,585.6375,USD
2010-02-15 00:00:00,2010-02-19 00:00:00,559,32225,1,585.6375,GBP
2010-02-15 00:00:00,2010-02-19 00:00:00,559,34103,1,585.6375,USD
2010-02-15 00:00:00,2010-02-19 00:00:00,559,34105,1,585.6375,GBP
2010-02-15 00:00:00,2010-02-19 00:00:00,559,37129,1,585.6375,USD
2010-02-15 00:00:00,2010-02-19 00:00:00,559,46835,1,585.6375,GBP
2010-02-15 00:00:00,2010-02-19 00:00:00,559,53118,1,585.6375,GBP
2010-02-15 00:00:00,2010-02-19 00:00:00,559,53219,1,585.6375,GBP
2010-02-15 00:00:00,2010-02-19 00:00:00,559,53589,1,585.6375,GBP
2010-02-15 00:00:00,2010-02-19 00:00:00,559,56267,1,585.6375,USD
2010-02-15 00:00:00,2010-02-19 00:00:00,559,63601,1,585.6375,GBP
2010-02-15 00:00:00,2010-02-19 00:00:00,559,73108,1,585.6375,USD
2010-02-15 00:00:00,2010-02-19 00:00:00,559,75019,2,1171.275,GBP
2010-02-15 00:00:00,2010-02-19 00:00:00,559,76640,1,585.6375,USD
2010-02-15 00:00:00,2010-02-19 00:00:00,559,90292,1,600.6,USD
2010-02-15 00:00:00,2010-02-19 00:00:00,559,91801,1,600.6,USD
2010-02-15 00:00:00,2010-02-19 00:00:00,559,92845,1,600.6,GBP
2010-02-15 00:00:00,2010-02-19 00:00:00,559,95623,1,600.6,GBP
2010-02-15 00:00:00,2010-02-19 00:00:00,559,95667,2,1201.2,GBP
2010-02-15 00:00:00,2010-02-19 00:00:00,559,95682,1,600.6,USD
2010-02-15 00:00:00,2010-02-19 00:00:00,573,02050,1,280.6125,USD
2010-02-15 00:00:00,2010-02-19 00:00:00,573,02861,1,280.6125,USD
2010-02-15 00:00:00,2010-02-19 00:00:00,573,06483,1,280.6125,GBP
2010-02-15 00:00:00,2010-02-19 00:00:00,573,19707,1,280.6125,GBP
2010-02-15 00:00:00,2010-02-19 00:00:00,573,33712,1,280.6125,USD
2010-02-15 00:00:00,2010-02-19 00:00:00,573,36036,1,280.6125,USD
2010-02-15 00:00:00,2010-02-19 00:00:00,573,37064,1,280.6125,USD
2010-02-15 00:00:00,2010-02-19 00:00:00,573,38108,2,561.225,GBP
2010-02-15 00:00:00,2010-02-19 00:00:00,573,51357,1,280.6125,GBP
2010-02-15 00:00:00,2010-02-19 00:00:00,573,52403,1,280.6125,GBP
2010-02-15 00:00:00,2010-02-19 00:00:00,573,54501,1,280.6125,GBP
2010-02-15 00:00:00,2010-02-19 00:00:00,573,57350,11,3086.7375,GBP
2010-02-15 00:00:00,2010-02-19 00:00:00,573,58554,1,280.6125,USD
2010-02-15 00:00:00,2010-02-19 00:00:00,573,63077,1,280.6125,GBP
2010-02-15 00:00:00,2010-02-19 00:00:00,573,68503,1,280.6125,USD
2010-02-15 00:00:00,2010-02-19 00:00:00,573,71075,1,280.6125,USD
2010-02-15 00:00:00,2010-02-19 00:00:00,573,74132,1,280.6125,USD
2010-02-15 00:00:00,2010-02-19 00:00:00,573,77627,1,280.6125,GBP
2010-02-15 00:00:00,2010-02-19 00:00:00,573,90670,1,286.9125,GBP
2010-02-15 00:00:00,2010-02-19 00:00:00,573,97223,1,280.6125,USD
2010-02-15 00:00:00,2010-02-19 00:00:00,573,97701,1,280.6125,GBP
2010-02-15 00:00:00,2010-02-19 00:00:00,574,59871,1,830.55,GBP
2010-02-15 00:00:00,2010-02-19 00:00:00,574,90630,2,1661.1,USD
2010-02-15 00:00:00,2010-02-19 00:00:00,574,91754,1,830.55,GBP
2010-02-15 00:00:00,2010-02-19 00:00:00,574,91789,1,830.55,GBP
2010-02-15 00:00:00,2010-02-19 00:00:00,574,92629,1,830.55,USD
2010-02-15 00:00:00,2010-02-19 00:00:00,574,93704,1,830.55,GBP
2010-02-15 00:00:00,2010-02-19 00:00:00,574,94044,1,830.55,GBP
2010-02-15 00:00:00,2010-02-19 00:00:00,574,94087,1,830.55,USD
2010-02-15 00:00:00,2010-02-19 00:00:00,574,95205,1,830.55,USD
2010-02-15 00:00:00,2010-02-19 00:00:00,580,08081,1,734.7375,GBP
2010-02-15 00:00:00,2010-02-19 00:00:00,580,08611,1,734.7375,GBP
2010-02-15 00:00:00,2010-02-19 00:00:00,580,08817,1,734.7375,GBP
2010-02-15 00:00:00,2010-02-19 00:00:00,580,33316,1,734.7375,GBP
2010-02-15 00:00:00,2010-02-19 00:00:00,580,33870,1,734.7375,USD
2010-02-15 00:00:00,2010-02-19 00:00:00,580,37343,1,734.7375,USD
2010-02-15 00:00:00,2010-02-19 00:00:00,580,46368,1,734.7375,USD
2010-02-15 00:00:00,2010-02-19 00:00:00,580,53142,1,734.7375,USD
2010-02-15 00:00:00,2010-02-19 00:00:00,580,55811,1,734.7375,USD
2010-02-15 00:00:00,2010-02-19 00:00:00,580,58104,1,734.7375,GBP
2010-02-15 00:00:00,2010-02-19 00:00:00,580,59714,1,734.7375,GBP
2010-02-15 00:00:00,2010-02-19 00:00:00,580,63123,1,734.7375,USD
2010-02-15 00:00:00,2010-02-19 00:00:00,580,72112,1,734.7375,GBP
2010-02-15 00:00:00,2010-02-19 00:00:00,580,75093,1,734.7375,USD
2010-02-15 00:00:00,2010-02-19 00:00:00,580,77022,1,734.7375,USD
2010-02-15 00:00:00,2010-02-19 00:00:00,580,82001,1,734.7375,GBP
2010-02-15 00:00:00,2010-02-19 00:00:00,580,82718,1,734.7375,GBP
2010-02-15 00:00:00,2010-02-19 00:00:00,580,91042,1,749.9625,GBP
2010-02-15 00:00:00,2010-02-19 00:00:00,580,93065,2,1499.925,USD
2010-02-15 00:00:00,2010-02-19 00:00:00,580,97128,1,734.7375,GBP
2010-02-15 00:00:00,2010-02-19 00:00:00,596,29036,1,746.55,GBP
2010-02-15 00:00:00,2010-02-19 00:00:00,596,34668,1,746.55,USD
2010-02-15 00:00:00,2010-02-19 00:00:00,596,46845,1,746.55,GBP
2010-02-15 00:00:00,2010-02-19 00:00:00,596,57747,1,746.55,GBP
2010-02-15 00:00:00,2010-02-19 00:00:00,596,72847,1,746.55,GBP
2010-02-15 00:00:00,2010-02-19 00:00:00,596,73082,1,746.55,GBP
2010-02-15 00:00:00,2010-02-19 00:00:00,596,74434,1,746.55,USD
2010-02-15 00:00:00,2010-02-19 00:00:00,596,75603,1,746.55,USD
2010-02-15 00:00:00,2010-02-19 00:00:00,596,76051,1,746.55,USD
2010-02-15 00:00:00,2010-02-19 00:00:00,596,77873,1,746.55,USD
2010-02-15 00:00:00,2010-02-19 00:00:00,596,84060,1,746.55,GBP
2010-02-15 00:00:00,2010-02-19 00:00:00,596,97405,1,746.55,USD
2010-02-15 00:00:00,2010-02-19 00:00:00,597,34471,1,892.2375,GBP
2010-02-15 00:00:00,2010-02-19 00:00:00,597,40241,1,892.2375,USD
2010-02-15 00:00:00,2010-02-19 00:00:00,597,46385,1,892.2375,GBP
2010-02-15 00:00:00,2010-02-19 00:00:00,597,46992,1,892.2375,GBP
2010-02-15 00:00:00,2010-02-19 00:00:00,597,53140,1,892.2375,USD
2010-02-15 00:00:00,2010-02-19 00:00:00,597,53402,1,892.2375,GBP
2010-02-15 00:00:00,2010-02-19 00:00:00,597,54501,1,892.2375,GBP
2010-02-15 00:00:00,2010-02-19 00:00:00,597,56560,1,892.2375,GBP
2010-02-15 00:00:00,2010-02-19 00:00:00,597,66967,1,892.2375,USD
2010-02-15 00:00:00,2010-02-19 00:00:00,597,70560,1,892.2375,GBP
2010-02-15 00:00:00,2010-02-19 00:00:00,597,95841,1,892.2375,GBP
2010-02-15 00:00:00,2010-02-19 00:00:00,597,95945,1,892.2375,USD
2010-02-15 00:00:00,2010-02-19 00:00:00,599,06033,2,1507.275,USD
2010-02-15 00:00:00,2010-02-19 00:00:00,599,20855,1,753.6375,GBP
2010-02-15 00:00:00,2010-02-19 00:00:00,599,26764,1,753.6375,GBP
2010-02-15 00:00:00,2010-02-19 00:00:00,599,29506,1,753.6375,USD
2010-02-15 00:00:00,2010-02-19 00:00:00,599,33410,1,753.6375,USD
2010-02-15 00:00:00,2010-02-19 00:00:00,599,37122,1,753.6375,GBP
2010-02-15 00:00:00,2010-02-19 00:00:00,599,37918,1,753.6375,GBP
2010-02-15 00:00:00,2010-02-19 00:00:00,599,38606,1,753.6375,GBP
2010-02-15 00:00:00,2010-02-19 00:00:00,599,40701,1,753.6375,GBP
2010-02-15 00:00:00,2010-02-19 00:00:00,599,46184,1,753.6375,GBP
2010-02-15 00:00:00,2010-02-19 00:00:00,599,46902,1,753.6375,USD
2010-02-15 00:00:00,2010-02-19 00:00:00,599,47630,1,753.6375,GBP
2010-02-15 00:00:00,2010-02-19 00:00:00,599,50129,1,1507.275,GBP
2010-02-15 00:00:00,2010-02-19 00:00:00,599,50129,1,1507.275,USD
2010-02-15 00:00:00,2010-02-19 00:00:00,599,53027,1,753.6375,USD
2010-02-15 00:00:00,2010-02-19 00:00:00,599,53218,1,753.6375,USD
2010-02-15 00:00:00,2010-02-19 00:00:00,599,54220,1,753.6375,GBP
2010-02-15 00:00:00,2010-02-19 00:00:00,599,54935,1,753.6375,GBP
2010-02-15 00:00:00,2010-02-19 00:00:00,599,55043,1,753.6375,USD
2010-02-15 00:00:00,2010-02-19 00:00:00,599,55959,1,753.6375,GBP
2010-02-15 00:00:00,2010-02-19 00:00:00,599,55981,1,753.6375,GBP
2010-02-15 00:00:00,2010-02-19 00:00:00,599,56334,1,753.6375,USD
2010-02-15 00:00:00,2010-02-19 00:00:00,599,63385,1,753.6375,GBP
2010-02-15 00:00:00,2010-02-19 00:00:00,599,64504,2,1507.275,GBP
2010-02-15 00:00:00,2010-02-19 00:00:00,599,67457,1,753.6375,GBP
2010-02-15 00:00:00,2010-02-19 00:00:00,599,74075,1,753.6375,USD
2010-02-15 00:00:00,2010-02-19 00:00:00,599,93277,1,753.6375,USD
2010-02-15 00:00:00,2010-02-19 00:00:00,604,01201,1,461.7375,GBP
2010-02-15 00:00:00,2010-02-19 00:00:00,604,02093,1,461.7375,USD
2010-02-15 00:00:00,2010-02-19 00:00:00,604,07011,1,461.7375,GBP
2010-02-15 00:00:00,2010-02-19 00:00:00,604,07662,1,461.7375,GBP
2010-02-15 00:00:00,2010-02-19 00:00:00,604,29673,1,461.7375,USD
2010-02-15 00:00:00,2010-02-19 00:00:00,604,29730,1,461.7375,USD
2010-02-15 00:00:00,2010-02-19 00:00:00,604,32962,1,461.7375,USD
2010-02-15 00:00:00,2010-02-19 00:00:00,604,33316,1,461.7375,USD
2010-02-15 00:00:00,2010-02-19 00:00:00,604,34446,1,461.7375,GBP
2010-02-15 00:00:00,2010-02-19 00:00:00,604,34668,1,461.7375,USD
2010-02-15 00:00:00,2010-02-19 00:00:00,604,37209,1,461.7375,GBP
2010-02-15 00:00:00,2010-02-19 00:00:00,604,41653,1,461.7375,GBP
2010-02-15 00:00:00,2010-02-19 00:00:00,604,46034,1,461.7375,GBP
2010-02-15 00:00:00,2010-02-19 00:00:00,604,46236,1,461.7375,GBP
2010-02-15 00:00:00,2010-02-19 00:00:00,604,46236,1,461.7375,USD
2010-02-15 00:00:00,2010-02-19 00:00:00,604,46514,1,923.475,USD
2010-02-15 00:00:00,2010-02-19 00:00:00,604,46825,1,461.7375,USD
2010-02-15 00:00:00,2010-02-19 00:00:00,604,47112,1,461.7375,GBP
2010-02-15 00:00:00,2010-02-19 00:00:00,604,47905,3,1385.2125,GBP
2010-02-15 00:00:00,2010-02-19 00:00:00,604,50049,1,461.7375,USD
2010-02-15 00:00:00,2010-02-19 00:00:00,604,50511,1,461.7375,USD
2010-02-15 00:00:00,2010-02-19 00:00:00,604,51503,1,461.7375,USD
2010-02-15 00:00:00,2010-02-19 00:00:00,604,54843,1,461.7375,GBP
2010-02-15 00:00:00,2010-02-19 00:00:00,604,55709,1,461.7375,USD
2010-02-15 00:00:00,2010-02-19 00:00:00,604,57501,1,461.7375,GBP
2010-02-15 00:00:00,2010-02-19 00:00:00,604,59401,1,461.7375,GBP
2010-02-15 00:00:00,2010-02-19 00:00:00,604,63109,1,461.7375,GBP
2010-02-15 00:00:00,2010-02-19 00:00:00,604,66608,1,461.7375,GBP
2010-02-15 00:00:00,2010-02-19 00:00:00,604,70809,1,461.7375,GBP
2010-02-15 00:00:00,2010-02-19 00:00:00,604,70816,1,461.7375,GBP
2010-02-15 00:00:00,2010-02-19 00:00:00,604,71301,1,461.7375,USD
2010-02-15 00:00:00,2010-02-19 00:00:00,604,75006,1,461.7375,GBP
2010-02-15 00:00:00,2010-02-19 00:00:00,604,75041,1,461.7375,GBP
2010-02-15 00:00:00,2010-02-19 00:00:00,604,75603,1,461.7375,GBP
2010-02-15 00:00:00,2010-02-19 00:00:00,604,76092,1,461.7375,GBP
2010-02-15 00:00:00,2010-02-19 00:00:00,604,76367,1,461.7375,GBP
2010-02-15 00:00:00,2010-02-19 00:00:00,604,76548,1,461.7375,GBP
2010-02-15 00:00:00,2010-02-19 00:00:00,604,76706,1,461.7375,USD
2010-02-15 00:00:00,2010-02-19 00:00:00,604,77076,1,461.7375,GBP
2010-02-15 00:00:00,2010-02-19 00:00:00,604,79765,1,461.7375,USD
2010-02-15 00:00:00,2010-02-19 00:00:00,604,82604,1,461.7375,GBP
2010-02-15 00:00:00,2010-02-19 00:00:00,604,85032,1,461.7375,GBP
2010-02-15 00:00:00,2010-02-19 00:00:00,604,85390,1,461.7375,USD
2010-02-15 00:00:00,2010-02-19 00:00:00,604,87109,1,461.7375,GBP
2010-02-15 00:00:00,2010-02-19 00:00:00,604,88101,1,461.7375,GBP
2010-02-15 00:00:00,2010-02-19 00:00:00,604,90045,1,468.0375,GBP
2010-02-15 00:00:00,2010-02-19 00:00:00,604,91020,1,468.0375,GBP
2010-02-15 00:00:00,2010-02-19 00:00:00,604,92056,1,468.0375,GBP
2010-02-15 00:00:00,2010-02-19 00:00:00,604,93722,1,468.0375,GBP
2010-02-15 00:00:00,2010-02-19 00:00:00,604,93727,1,468.0375,USD
2010-02-15 00:00:00,2010-02-19 00:00:00,604,95110,1,468.0375,USD
2010-02-15 00:00:00,2010-02-19 00:00:00,604,95401,1,468.0375,USD
2010-02-15 00:00:00,2010-02-19 00:00:00,604,95824,1,468.0375,GBP
2010-02-15 00:00:00,2010-02-19 00:00:00,604,99701,1,461.7375,USD
2010-02-15 00:00:00,2010-02-19 00:00:00,604,99708,1,461.7375,GBP
2010-02-15 00:00:00,2010-02-19 00:00:00,606,01540,1,314.7375,GBP
2010-02-15 00:00:00,2010-02-19 00:00:00,606,08070,1,314.7375,USD
2010-02-15 00:00:00,2010-02-19 00:00:00,606,08330,1,314.7375,USD
2010-02-15 00:00:00,2010-02-19 00:00:00,606,21045,1,314.7375,GBP
2010-02-15 00:00:00,2010-02-19 00:00:00,606,35023,1,314.7375,GBP
2010-02-15 00:00:00,2010-02-19 00:00:00,606,35242,1,314.7375,USD
2010-02-15 00:00:00,2010-02-19 00:00:00,606,46774,1,314.7375,USD
2010-02-15 00:00:00,2010-02-19 00:00:00,606,53227,1,314.7375,USD
2010-02-15 00:00:00,2010-02-19 00:00:00,606,53913,1,944.2125000000001,GBP
2010-02-15 00:00:00,2010-02-19 00:00:00,606,53913,1,629.475,USD
2010-02-15 00:00:00,2010-02-19 00:00:00,606,55708,1,314.7375,GBP
2010-02-15 00:00:00,2010-02-19 00:00:00,606,55940,1,314.7375,USD
2010-02-15 00:00:00,2010-02-19 00:00:00,606,73456,1,314.7375,USD
2010-02-15 00:00:00,2010-02-19 00:00:00,606,75006,1,314.7375,USD
2010-02-15 00:00:00,2010-02-19 00:00:00,606,85254,1,314.7375,GBP
2010-02-15 00:00:00,2010-02-19 00:00:00,606,89103,1,314.7375,GBP
2010-02-15 00:00:00,2010-02-19 00:00:00,606,94550,1,321.0375,GBP
2010-02-15 00:00:00,2010-02-19 00:00:00,606,95350,1,321.0375,GBP
2010-02-15 00:00:00,2010-02-19 00:00:00,609,01022,1,778.8375,USD
2010-02-15 00:00:00,2010-02-19 00:00:00,609,02921,1,778.8375,GBP
2010-02-15 00:00:00,2010-02-19 00:00:00,609,06351,1,778.8375,USD
2010-02-15 00:00:00,2010-02-19 00:00:00,609,06450,1,778.8375,USD
2010-02-15 00:00:00,2010-02-19 00:00:00,609,07662,1,778.8375,USD
2010-02-15 00:00:00,2010-02-19 00:00:00,609,08098,1,778.8375,GBP
2010-02-15 00:00:00,2010-02-19 00:00:00,609,08230,1,778.8375,USD
2010-02-15 00:00:00,2010-02-19 00:00:00,609,08318,1,778.8375,USD
2010-02-15 00:00:00,2010-02-19 00:00:00,609,08807,1,778.8375,GBP
2010-02-15 00:00:00,2010-02-19 00:00:00,609,20744,2,1557.675,USD
2010-02-15 00:00:00,2010-02-19 00:00:00,609,21237,1,778.8375,GBP
2010-02-15 00:00:00,2010-02-19 00:00:00,609,25526,1,778.8375,USD
2010-02-15 00:00:00,2010-02-19 00:00:00,609,29127,1,778.8375,USD
2010-02-15 00:00:00,2010-02-19 00:00:00,609,29384,1,778.8375,USD
2010-02-15 00:00:00,2010-02-19 00:00:00,609,29483,1,778.8375,USD
2010-02-15 00:00:00,2010-02-19 00:00:00,609,29576,1,778.8375,USD
2010-02-15 00:00:00,2010-02-19 00:00:00,609,29621,1,778.8375,GBP
2010-02-15 00:00:00,2010-02-19 00:00:00,609,29730,1,778.8375,GBP
2010-02-15 00:00:00,2010-02-19 00:00:00,609,29928,1,778.8375,USD
2010-02-15 00:00:00,2010-02-19 00:00:00,609,32606,1,778.8375,GBP
2010-02-15 00:00:00,2010-02-19 00:00:00,609,33024,1,778.8375,USD
2010-02-15 00:00:00,2010-02-19 00:00:00,609,33133,1,778.8375,USD
2010-02-15 00:00:00,2010-02-19 00:00:00,609,33414,2,1557.675,USD
2010-02-15 00:00:00,2010-02-19 00:00:00,609,34209,1,778.8375,GBP
2010-02-15 00:00:00,2010-02-19 00:00:00,609,34689,2,1557.675,GBP
2010-02-15 00:00:00,2010-02-19 00:00:00,609,34748,2,1557.675,USD
2010-02-15 00:00:00,2010-02-19 00:00:00,609,35453,1,778.8375,USD
2010-02-15 00:00:00,2010-02-19 00:00:00,609,36693,2,1557.675,USD
2010-02-15 00:00:00,2010-02-19 00:00:00,609,38352,1,778.8375,USD
2010-02-15 00:00:00,2010-02-19 00:00:00,609,38501,1,778.8375,GBP
2010-02-15 00:00:00,2010-02-19 00:00:00,609,41063,1,778.8375,GBP
2010-02-15 00:00:00,2010-02-19 00:00:00,609,46217,1,778.8375,GBP
2010-02-15 00:00:00,2010-02-19 00:00:00,609,46236,1,1557.675,GBP
2010-02-15 00:00:00,2010-02-19 00:00:00,609,46514,1,2336.5125,GBP
2010-02-15 00:00:00,2010-02-19 00:00:00,609,46514,1,1557.675,USD
2010-02-15 00:00:00,2010-02-19 00:00:00,609,46554,1,778.8375,USD
2010-02-15 00:00:00,2010-02-19 00:00:00,609,46628,1,778.8375,GBP
2010-02-15 00:00:00,2010-02-19 00:00:00,609,47374,2,1557.675,GBP
2010-02-15 00:00:00,2010-02-19 00:00:00,609,47807,1,1557.675,GBP
2010-02-15 00:00:00,2010-02-19 00:00:00,609,50501,1,778.8375,GBP
2010-02-15 00:00:00,2010-02-19 00:00:00,609,50701,1,778.8375,GBP
2010-02-15 00:00:00,2010-02-19 00:00:00,609,51401,1,778.8375,GBP
2010-02-15 00:00:00,2010-02-19 00:00:00,609,52807,1,778.8375,GBP
2010-02-15 00:00:00,2010-02-19 00:00:00,609,53045,2,1557.675,USD
2010-02-15 00:00:00,2010-02-19 00:00:00,609,53132,1,778.8375,USD
2010-02-15 00:00:00,2010-02-19 00:00:00,609,53225,1,1557.675,GBP
2010-02-15 00:00:00,2010-02-19 00:00:00,609,53225,1,3115.35,USD
2010-02-15 00:00:00,2010-02-19 00:00:00,609,53403,1,778.8375,USD
2010-02-15 00:00:00,2010-02-19 00:00:00,609,53406,1,778.8375,GBP
2010-02-15 00:00:00,2010-02-19 00:00:00,609,53545,1,778.8375,USD
2010-02-15 00:00:00,2010-02-19 00:00:00,609,53922,1,778.8375,GBP
2010-02-15 00:00:00,2010-02-19 00:00:00,609,54107,1,778.8375,USD
2010-02-15 00:00:00,2010-02-19 00:00:00,609,54487,1,778.8375,USD
2010-02-15 00:00:00,2010-02-19 00:00:00,609,54601,1,778.8375,USD
2010-02-15 00:00:00,2010-02-19 00:00:00,609,54636,1,778.8375,USD
2010-02-15 00:00:00,2010-02-19 00:00:00,609,54729,1,778.8375,USD
2010-02-15 00:00:00,2010-02-19 00:00:00,609,54914,1,778.8375,GBP
2010-02-15 00:00:00,2010-02-19 00:00:00,609,55337,1,778.8375,GBP
2010-02-15 00:00:00,2010-02-19 00:00:00,609,56443,2,1557.675,GBP
2010-02-15 00:00:00,2010-02-19 00:00:00,609,59714,1,778.8375,GBP
2010-02-15 00:00:00,2010-02-19 00:00:00,609,63132,1,778.8375,GBP
2010-02-15 00:00:00,2010-02-19 00:00:00,609,67601,1,778.8375,USD
2010-02-15 00:00:00,2010-02-19 00:00:00,609,68005,1,778.8375,GBP
2010-02-15 00:00:00,2010-02-19 00:00:00,609,68138,1,778.8375,GBP
2010-02-15 00:00:00,2010-02-19 00:00:00,609,74578,1,778.8375,USD
2010-02-15 00:00:00,2010-02-19 00:00:00,609,75006,1,778.8375,GBP
2010-02-15 00:00:00,2010-02-19 00:00:00,609,75670,1,778.8375,GBP
2010-02-15 00:00:00,2010-02-19 00:00:00,609,77065,1,766.2375,USD
2010-02-15 00:00:00,2010-02-19 00:00:00,609,77562,1,778.8375,USD
2010-02-15 00:00:00,2010-02-19 00:00:00,609,78223,1,778.8375,GBP
2010-02-15 00:00:00,2010-02-19 00:00:00,609,78753,1,778.8375,USD
2010-02-15 00:00:00,2010-02-19 00:00:00,609,79935,1,778.8375,GBP
2010-02-15 00:00:00,2010-02-19 00:00:00,609,83353,1,778.8375,USD
2010-02-15 00:00:00,2010-02-19 00:00:00,609,84115,1,778.8375,USD
2010-02-15 00:00:00,2010-02-19 00:00:00,609,84405,2,1557.675,USD
2010-02-15 00:00:00,2010-02-19 00:00:00,609,85018,2,1557.675,GBP
2010-02-15 00:00:00,2010-02-19 00:00:00,609,85210,1,778.8375,USD
2010-02-15 00:00:00,2010-02-19 00:00:00,609,85301,1,778.8375,USD
2010-02-15 00:00:00,2010-02-19 00:00:00,609,85306,2,1557.675,GBP
2010-02-15 00:00:00,2010-02-19 00:00:00,609,85310,1,794.0625,USD
2010-02-15 00:00:00,2010-02-19 00:00:00,609,85331,1,778.8375,USD
2010-02-15 00:00:00,2010-02-19 00:00:00,609,86401,1,778.8375,USD
2010-02-15 00:00:00,2010-02-19 00:00:00,609,89117,1,778.8375,USD
2010-02-15 00:00:00,2010-02-19 00:00:00,609,90292,2,1588.125,GBP
2010-02-15 00:00:00,2010-02-19 00:00:00,609,90631,1,794.0625,USD
2010-02-15 00:00:00,2010-02-19 00:00:00,609,90710,1,794.0625,GBP
2010-02-15 00:00:00,2010-02-19 00:00:00,609,91608,1,794.0625,GBP
2010-02-15 00:00:00,2010-02-19 00:00:00,609,92220,1,794.0625,USD
2010-02-15 00:00:00,2010-02-19 00:00:00,609,92392,1,794.0625,USD
2010-02-15 00:00:00,2010-02-19 00:00:00,609,92509,2,1588.125,GBP
2010-02-15 00:00:00,2010-02-19 00:00:00,609,92586,1,794.0625,GBP
2010-02-15 00:00:00,2010-02-19 00:00:00,609,92887,1,794.0625,GBP
2010-02-15 00:00:00,2010-02-19 00:00:00,609,93292,1,794.0625,USD
2010-02-15 00:00:00,2010-02-19 00:00:00,609,94546,2,1588.125,GBP
2010-02-15 00:00:00,2010-02-19 00:00:00,609,95124,1,794.0625,GBP
2010-02-15 00:00:00,2010-02-19 00:00:00,609,95482,1,794.0625,GBP
2010-02-15 00:00:00,2010-02-19 00:00:00,609,99516,1,778.8375,GBP
2010-02-15 00:00:00,2010-02-19 00:00:00,609,99703,1,778.8375,GBP
2010-02-15 00:00:00,2010-02-19 00:00:00,609,99707,1,778.8375,GBP
2010-02-15 00:00:00,2010-02-19 00:00:00,631,01757,1,346.2375,GBP
2010-02-15 00:00:00,2010-02-19 00:00:00,631,06109,1,346.2375,USD
2010-02-15 00:00:00,2010-02-19 00:00:00,631,07083,1,346.2375,USD
2010-02-15 00:00:00,2010-02-19 00:00:00,631,19930,1,346.2375,GBP
2010-02-15 00:00:00,2010-02-19 00:00:00,631,21212,1,346.2375,USD
2010-02-15 00:00:00,2010-02-19 00:00:00,631,21784,1,346.2375,GBP
2010-02-15 00:00:00,2010-02-19 00:00:00,631,37938,1,346.2375,GBP
2010-02-15 00:00:00,2010-02-19 00:00:00,631,39553,1,346.2375,GBP
2010-02-15 00:00:00,2010-02-19 00:00:00,631,39701,1,346.2375,GBP
2010-02-15 00:00:00,2010-02-19 00:00:00,631,46372,1,346.2375,USD
2010-02-15 00:00:00,2010-02-19 00:00:00,631,47150,1,346.2375,USD
2010-02-15 00:00:00,2010-02-19 00:00:00,631,52302,1,346.2375,USD
2010-02-15 00:00:00,2010-02-19 00:00:00,631,52632,1,346.2375,GBP
2010-02-15 00:00:00,2010-02-19 00:00:00,631,53108,1,346.2375,GBP
2010-02-15 00:00:00,2010-02-19 00:00:00,631,53403,1,346.2375,GBP
2010-02-15 00:00:00,2010-02-19 00:00:00,631,54208,2,692.475,USD
2010-02-15 00:00:00,2010-02-19 00:00:00,631,55906,1,346.2375,GBP
2010-02-15 00:00:00,2010-02-19 00:00:00,631,74339,1,346.2375,GBP
2010-02-15 00:00:00,2010-02-19 00:00:00,631,78669,1,346.2375,GBP
2010-02-15 00:00:00,2010-02-19 00:00:00,631,79924,1,346.2375,GBP
2010-02-15 00:00:00,2010-02-19 00:00:00,631,83332,1,352.5375,USD
2010-02-15 00:00:00,2010-02-19 00:00:00,631,83634,1,346.2375,USD
2010-02-15 00:00:00,2010-02-19 00:00:00,631,89434,1,346.2375,GBP
2010-02-15 00:00:00,2010-02-19 00:00:00,631,91201,1,352.5375,GBP
2010-02-15 00:00:00,2010-02-19 00:00:00,631,97203,1,346.2375,GBP
2010-02-15 00:00:00,2010-02-19 00:00:00,631,97405,1,346.2375,GBP
2010-02-15 00:00:00,2010-02-19 00:00:00,631,97702,1,346.2375,USD
2010-02-15 00:00:00,2010-02-19 00:00:00,645,01013,1,746.55,GBP
2010-02-15 00:00:00,2010-02-19 00:00:00,645,01056,1,746.55,GBP
2010-02-15 00:00:00,2010-02-19 00:00:00,645,01757,1,746.55,GBP
2010-02-15 00:00:00,2010-02-19 00:00:00,645,32114,1,746.55,USD
2010-02-15 00:00:00,2010-02-19 00:00:00,645,33173,1,746.55,USD
2010-02-15 00:00:00,2010-02-19 00:00:00,645,36116,1,746.55,GBP
2010-02-15 00:00:00,2010-02-19 00:00:00,645,37066,1,746.55,USD
2010-02-15 00:00:00,2010-02-19 00:00:00,645,47136,1,746.55,USD
2010-02-15 00:00:00,2010-02-19 00:00:00,645,51007,1,746.55,GBP
2010-02-15 00:00:00,2010-02-19 00:00:00,645,54401,2,1493.1,USD
2010-02-15 00:00:00,2010-02-19 00:00:00,645,59804,1,746.55,USD
2010-02-15 00:00:00,2010-02-19 00:00:00,645,70461,1,746.55,USD
2010-02-15 00:00:00,2010-02-19 00:00:00,645,75644,1,746.55,GBP
2010-02-15 00:00:00,2010-02-19 00:00:00,645,76311,1,746.55,USD
2010-02-15 00:00:00,2010-02-19 00:00:00,645,77379,1,746.55,GBP
2010-02-15 00:00:00,2010-02-19 00:00:00,645,89108,1,746.55,USD
2010-02-15 00:00:00,2010-02-19 00:00:00,645,90805,1,761.5125,GBP
2010-02-15 00:00:00,2010-02-19 00:00:00,645,92135,1,761.5125,GBP
2010-02-15 00:00:00,2010-02-19 00:00:00,645,93063,1,761.5125,USD
2010-02-15 00:00:00,2010-02-19 00:00:00,645,95124,1,761.5125,GBP
2010-02-15 00:00:00,2010-02-19 00:00:00,645,95126,1,761.5125,USD
2010-02-15 00:00:00,2010-02-19 00:00:00,658,01503,1,902.7375,USD
2010-02-15 00:00:00,2010-02-19 00:00:00,658,06795,1,902.7375,USD
2010-02-15 00:00:00,2010-02-19 00:00:00,658,07424,1,902.7375,GBP
2010-02-15 00:00:00,2010-02-19 00:00:00,658,19904,1,902.7375,GBP
2010-02-15 00:00:00,2010-02-19 00:00:00,658,55426,1,902.7375,USD
2010-02-15 00:00:00,2010-02-19 00:00:00,658,66052,1,902.7375,USD
2010-02-15 00:00:00,2010-02-19 00:00:00,658,68516,1,902.7375,USD
2010-02-15 00:00:00,2010-02-19 00:00:00,658,73127,1,902.7375,USD
2010-02-15 00:00:00,2010-02-19 00:00:00,658,75402,1,902.7375,USD
2010-02-15 00:00:00,2010-02-19 00:00:00,658,84501,1,902.7375,GBP
2010-02-15 00:00:00,2010-02-19 00:00:00,658,92057,1,917.9625,GBP
2010-02-15 00:00:00,2010-02-19 00:00:00,663,33629,1,765.45,GBP
2010-02-15 00:00:00,2010-02-19 00:00:00,663,47136,1,765.45,GBP
2010-02-15 00:00:00,2010-02-19 00:00:00,663,55987,1,765.45,USD
2010-02-15 00:00:00,2010-02-19 00:00:00,663,77379,1,765.45,USD
2010-02-15 00:00:00,2010-02-19 00:00:00,663,82609,1,765.45,GBP
2010-02-15 00:00:00,2010-02-19 00:00:00,663,83702,1,765.45,GBP
2010-02-15 00:00:00,2010-02-19 00:00:00,663,84403,1,765.45,USD
2010-02-15 00:00:00,2010-02-19 00:00:00,663,85040,1,780.4125,GBP
2010-02-15 00:00:00,2010-02-19 00:00:00,663,87114,1,765.45,GBP
2010-02-15 00:00:00,2010-02-19 00:00:00,663,92124,1,780.4125,GBP
2010-02-15 00:00:00,2010-02-19 00:00:00,663,95361,1,780.4125,USD
2010-02-15 00:00:00,2010-02-19 00:00:00,676,06033,1,801.9375,USD
2010-02-15 00:00:00,2010-02-19 00:00:00,676,06457,2,1603.875,USD
2010-02-15 00:00:00,2010-02-19 00:00:00,676,06810,1,801.9375,GBP
2010-02-15 00:00:00,2010-02-19 00:00:00,676,07006,1,801.9375,USD
2010-02-15 00:00:00,2010-02-19 00:00:00,676,21225,1,801.9375,USD
2010-02-15 00:00:00,2010-02-19 00:00:00,676,21530,1,801.9375,USD
2010-02-15 00:00:00,2010-02-19 00:00:00,676,21704,1,801.9375,GBP
2010-02-15 00:00:00,2010-02-19 00:00:00,676,29033,1,801.9375,USD
2010-02-15 00:00:00,2010-02-19 00:00:00,676,33324,1,801.9375,USD
2010-02-15 00:00:00,2010-02-19 00:00:00,676,33325,1,801.9375,USD
2010-02-15 00:00:00,2010-02-19 00:00:00,676,33624,1,801.9375,GBP
2010-02-15 00:00:00,2010-02-19 00:00:00,676,33755,1,801.9375,USD
2010-02-15 00:00:00,2010-02-19 00:00:00,676,34145,1,801.9375,GBP
2010-02-15 00:00:00,2010-02-19 00:00:00,676,34228,1,801.9375,USD
2010-02-15 00:00:00,2010-02-19 00:00:00,676,34239,1,801.9375,USD
2010-02-15 00:00:00,2010-02-19 00:00:00,676,34755,1,801.9375,USD
2010-02-15 00:00:00,2010-02-19 00:00:00,676,35634,1,801.9375,USD
2010-02-15 00:00:00,2010-02-19 00:00:00,676,37814,1,801.9375,GBP
2010-02-15 00:00:00,2010-02-19 00:00:00,676,38028,2,1603.875,USD
2010-02-15 00:00:00,2010-02-19 00:00:00,676,40215,1,1603.875,GBP
2010-02-15 00:00:00,2010-02-19 00:00:00,676,40215,1,801.9375,USD
2010-02-15 00:00:00,2010-02-19 00:00:00,676,40472,1,1603.875,GBP
2010-02-15 00:00:00,2010-02-19 00:00:00,676,46240,1,801.9375,GBP
2010-02-15 00:00:00,2010-02-19 00:00:00,676,46240,1,2405.8125,USD
2010-02-15 00:00:00,2010-02-19 00:00:00,676,46514,4,19246.5,GBP
2010-02-15 00:00:00,2010-02-19 00:00:00,676,46514,4,12831,USD
2010-02-15 00:00:00,2010-02-19 00:00:00,676,46601,1,801.9375,GBP
2010-02-15 00:00:00,2010-02-19 00:00:00,676,47712,1,801.9375,USD
2010-02-15 00:00:00,2010-02-19 00:00:00,676,47804,1,10425.1875,GBP
2010-02-15 00:00:00,2010-02-19 00:00:00,676,47804,1,7217.4375,USD
2010-02-15 00:00:00,2010-02-19 00:00:00,676,53129,1,801.9375,USD
2010-02-15 00:00:00,2010-02-19 00:00:00,676,53178,1,801.9375,GBP
2010-02-15 00:00:00,2010-02-19 00:00:00,676,53225,1,2405.8125,GBP
2010-02-15 00:00:00,2010-02-19 00:00:00,676,53225,1,1603.875,USD
2010-02-15 00:00:00,2010-02-19 00:00:00,676,53227,1,2405.8125,GBP
2010-02-15 00:00:00,2010-02-19 00:00:00,676,53227,1,1603.875,USD
2010-02-15 00:00:00,2010-02-19 00:00:00,676,54303,1,801.9375,USD
2010-02-15 00:00:00,2010-02-19 00:00:00,676,55416,1,801.9375,USD
2010-02-15 00:00:00,2010-02-19 00:00:00,676,56001,1,801.9375,USD
2010-02-15 00:00:00,2010-02-19 00:00:00,676,57032,1,801.9375,USD
2010-02-15 00:00:00,2010-02-19 00:00:00,676,59801,1,801.9375,USD
2010-02-15 00:00:00,2010-02-19 00:00:00,676,63139,1,801.9375,GBP
2010-02-15 00:00:00,2010-02-19 00:00:00,676,72601,1,801.9375,GBP
2010-02-15 00:00:00,2010-02-19 00:00:00,676,73135,1,801.9375,USD
2010-02-15 00:00:00,2010-02-19 00:00:00,676,75041,1,801.9375,USD
2010-02-15 00:00:00,2010-02-19 00:00:00,676,78501,1,801.9375,USD
2010-02-15 00:00:00,2010-02-19 00:00:00,676,83703,1,801.9375,USD
2010-02-15 00:00:00,2010-02-19 00:00:00,676,85022,1,801.9375,USD
2010-02-15 00:00:00,2010-02-19 00:00:00,676,85381,1,801.9375,USD
2010-02-15 00:00:00,2010-02-19 00:00:00,676,89410,1,801.9375,USD
2010-02-15 00:00:00,2010-02-19 00:00:00,676,89706,1,801.9375,USD
2010-02-15 00:00:00,2010-02-19 00:00:00,676,90045,1,816.9,USD
2010-02-15 00:00:00,2010-02-19 00:00:00,676,90807,1,816.9,USD
2010-02-15 00:00:00,2010-02-19 00:00:00,676,92857,1,816.9,GBP
2010-02-15 00:00:00,2010-02-19 00:00:00,676,93103,1,816.9,GBP
2010-02-15 00:00:00,2010-02-19 00:00:00,676,93108,1,816.9,GBP
2010-02-15 00:00:00,2010-02-19 00:00:00,676,94107,1,816.9,USD
2010-02-15 00:00:00,2010-02-19 00:00:00,676,94533,1,816.9,USD
2010-02-15 00:00:00,2010-02-19 00:00:00,676,94550,1,816.9,USD
2010-02-15 00:00:00,2010-02-19 00:00:00,676,94621,1,816.9,USD
2010-02-15 00:00:00,2010-02-19 00:00:00,676,95351,1,816.9,USD
2010-02-15 00:00:00,2010-02-19 00:00:00,676,97005,2,1603.875,GBP
2010-02-15 00:00:00,2010-02-19 00:00:00,681,19973,1,629.7375,USD
2010-02-15 00:00:00,2010-02-19 00:00:00,681,33912,1,629.7375,USD
2010-02-15 00:00:00,2010-02-19 00:00:00,681,33931,1,629.7375,USD
2010-02-15 00:00:00,2010-02-19 00:00:00,681,40299,1,629.7375,USD
2010-02-15 00:00:00,2010-02-19 00:00:00,681,50237,1,629.7375,GBP
2010-02-15 00:00:00,2010-02-19 00:00:00,681,63015,1,629.7375,USD
2010-02-15 00:00:00,2010-02-19 00:00:00,681,64050,1,629.7375,GBP
2010-02-15 00:00:00,2010-02-19 00:00:00,681,64836,1,629.7375,USD
2010-02-15 00:00:00,2010-02-19 00:00:00,681,67117,1,629.7375,GBP
2010-02-15 00:00:00,2010-02-19 00:00:00,681,78025,2,1259.475,USD
2010-02-15 00:00:00,2010-02-19 00:00:00,681,79701,1,629.7375,USD
2010-02-15 00:00:00,2010-02-19 00:00:00,681,83686,1,629.7375,USD
2010-02-15 00:00:00,2010-02-19 00:00:00,681,88021,1,629.7375,USD
2010-02-15 00:00:00,2010-02-19 00:00:00,681,92169,1,644.9625,GBP
2010-02-15 00:00:00,2010-02-19 00:00:00,681,92806,1,644.9625,USD
2010-02-15 00:00:00,2010-02-19 00:00:00,681,96007,1,644.9625,GBP
2010-02-15 00:00:00,2010-02-19 00:00:00,681,97056,1,629.7375,GBP
2010-02-15 00:00:00,2010-02-19 00:00:00,681,97132,1,629.7375,GBP
2010-02-15 00:00:00,2010-02-19 00:00:00,681,97206,1,629.7375,USD
2010-02-15 00:00:00,2010-02-19 00:00:00,683,05702,1,788.025,USD
2010-02-15 00:00:00,2010-02-19 00:00:00,683,06460,1,788.025,USD
2010-02-15 00:00:00,2010-02-19 00:00:00,683,07675,1,788.025,GBP
2010-02-15 00:00:00,2010-02-19 00:00:00,683,08052,1,788.025,GBP
2010-02-15 00:00:00,2010-02-19 00:00:00,683,08540,1,788.025,GBP
2010-02-15 00:00:00,2010-02-19 00:00:00,683,21037,1,788.025,GBP
2010-02-15 00:00:00,2010-02-19 00:00:00,683,21037,1,1576.05,USD
2010-02-15 00:00:00,2010-02-19 00:00:00,683,21655,1,788.025,GBP
2010-02-15 00:00:00,2010-02-19 00:00:00,683,34145,1,788.025,GBP
2010-02-15 00:00:00,2010-02-19 00:00:00,683,46815,1,788.025,GBP
2010-02-15 00:00:00,2010-02-19 00:00:00,683,50317,1,788.025,USD
2010-02-15 00:00:00,2010-02-19 00:00:00,683,53569,1,788.025,GBP
2010-02-15 00:00:00,2010-02-19 00:00:00,683,54665,1,788.025,GBP
2010-02-15 00:00:00,2010-02-19 00:00:00,683,55009,1,788.025,GBP
2010-02-15 00:00:00,2010-02-19 00:00:00,683,92590,1,803.25,GBP
2010-02-15 00:00:00,2010-02-19 00:00:00,683,94901,1,803.25,USD
2010-02-15 00:00:00,2010-02-19 00:00:00,683,95662,1,803.25,GBP
2010-02-15 00:00:00,2010-02-19 00:00:00,683,99508,1,788.025,GBP
2010-02-15 00:00:00,2010-02-19 00:00:00,687,02072,1,445.9875,USD
2010-02-15 00:00:00,2010-02-19 00:00:00,687,32218,1,445.9875,USD
2010-02-15 00:00:00,2010-02-19 00:00:00,687,32732,1,445.9875,USD
2010-02-15 00:00:00,2010-02-19 00:00:00,687,36477,1,440.7375,GBP
2010-02-15 00:00:00,2010-02-19 00:00:00,687,46040,1,445.9875,USD
2010-02-15 00:00:00,2010-02-19 00:00:00,687,55423,1,445.9875,GBP
2010-02-15 00:00:00,2010-02-19 00:00:00,687,58270,1,445.9875,USD
2010-02-15 00:00:00,2010-02-19 00:00:00,687,59105,1,445.9875,USD
2010-02-15 00:00:00,2010-02-19 00:00:00,687,66213,1,445.9875,USD
2010-02-15 00:00:00,2010-02-19 00:00:00,687,68128,1,445.9875,GBP
2010-02-15 00:00:00,2010-02-19 00:00:00,687,77075,1,445.9875,USD
2010-02-15 00:00:00,2010-02-19 00:00:00,687,78258,2,891.975,GBP
2010-02-15 00:00:00,2010-02-19 00:00:00,687,85296,1,445.9875,GBP
2010-02-15 00:00:00,2010-02-19 00:00:00,687,93453,1,452.2875,GBP
2010-02-15 00:00:00,2010-02-19 00:00:00,687,95746,1,452.2875,USD
2010-02-15 00:00:00,2010-02-19 00:00:00,687,95762,1,452.2875,USD
2010-02-15 00:00:00,2010-02-19 00:00:00,702,26554,1,286.0725,GBP
2010-02-15 00:00:00,2010-02-19 00:00:00,702,55115,1,286.0725,USD
2010-02-15 00:00:00,2010-02-19 00:00:00,702,67735,1,286.0725,GBP
2010-02-15 00:00:00,2010-02-19 00:00:00,702,84057,1,286.0725,GBP
2010-02-15 00:00:00,2010-02-19 00:00:00,702,86401,1,286.0725,GBP
2010-02-15 00:00:00,2010-02-19 00:00:00,702,92345,1,286.0725,USD
2010-02-15 00:00:00,2010-02-19 00:00:00,702,93063,2,572.145,USD
2010-02-15 00:00:00,2010-02-19 00:00:00,702,97918,1,286.0725,GBP
2010-02-15 00:00:00,2010-02-19 00:00:00,713,05250,1,160.0725,USD
2010-02-15 00:00:00,2010-02-19 00:00:00,713,29130,1,160.0725,USD
2010-02-15 00:00:00,2010-02-19 00:00:00,713,64082,1,160.0725,USD
2010-02-15 00:00:00,2010-02-19 00:00:00,713,78727,1,160.0725,GBP
2010-02-15 00:00:00,2010-02-19 00:00:00,713,85051,1,160.0725,USD
2010-02-15 00:00:00,2010-02-19 00:00:00,713,92026,1,160.0725,USD
2010-02-15 00:00:00,2010-02-19 00:00:00,713,92407,1,160.0725,USD
2010-02-15 00:00:00,2010-02-19 00:00:00,713,92557,1,160.0725,USD
2010-02-15 00:00:00,2010-02-19 00:00:00,714,78727,1,160.0725,GBP
2010-02-15 00:00:00,2010-02-19 00:00:00,714,83686,1,160.0725,GBP
2010-02-15 00:00:00,2010-02-19 00:00:00,714,85044,1,160.0725,USD
2010-02-15 00:00:00,2010-02-19 00:00:00,714,87410,1,160.0725,USD
2010-02-15 00:00:00,2010-02-19 00:00:00,725,21234,1,115.4475,GBP
2010-02-15 00:00:00,2010-02-19 00:00:00,725,29334,1,115.4475,USD
2010-02-15 00:00:00,2010-02-19 00:00:00,725,35215,1,115.4475,USD
2010-02-15 00:00:00,2010-02-19 00:00:00,725,38366,1,115.4475,GBP
2010-02-15 00:00:00,2010-02-19 00:00:00,725,38835,1,115.4475,USD
2010-02-15 00:00:00,2010-02-19 00:00:00,725,47551,1,346.34250000000003,GBP
2010-02-15 00:00:00,2010-02-19 00:00:00,725,47551,1,461.79,USD
2010-02-15 00:00:00,2010-02-19 00:00:00,725,55021,1,115.4475,USD
2010-02-15 00:00:00,2010-02-19 00:00:00,725,70744,1,115.4475,USD
2010-02-15 00:00:00,2010-02-19 00:00:00,725,70785,1,115.4475,USD
2010-02-15 00:00:00,2010-02-19 00:00:00,725,77954,1,115.4475,USD
2010-02-15 00:00:00,2010-02-19 00:00:00,725,84760,1,115.4475,USD
2010-02-15 00:00:00,2010-02-19 00:00:00,725,85219,1,115.4475,GBP
2010-02-15 00:00:00,2010-02-19 00:00:00,725,85234,2,230.895,GBP
2010-02-15 00:00:00,2010-02-19 00:00:00,725,85258,1,115.4475,GBP
2010-02-15 00:00:00,2010-02-19 00:00:00,725,89444,1,115.4475,USD
2010-02-15 00:00:00,2010-02-19 00:00:00,725,91384,1,115.4475,GBP
2010-02-15 00:00:00,2010-02-19 00:00:00,725,91932,1,115.4475,USD
2010-02-15 00:00:00,2010-02-19 00:00:00,725,93460,1,115.4475,GBP
2010-02-15 00:00:00,2010-02-19 00:00:00,725,94025,1,115.4475,GBP
2010-02-15 00:00:00,2010-02-19 00:00:00,725,95120,1,115.4475,GBP
2010-02-15 00:00:00,2010-02-19 00:00:00,725,95559,1,115.4475,USD
2010-02-15 00:00:00,2010-02-19 00:00:00,725,95677,1,115.4475,GBP
2010-02-15 00:00:00,2010-02-19 00:00:00,725,95688,1,115.4475,GBP
2010-02-15 00:00:00,2010-02-19 00:00:00,725,95758,1,115.4475,USD
2010-02-15 00:00:00,2010-02-19 00:00:00,725,96052,1,115.4475,GBP
2010-02-15 00:00:00,2010-02-19 00:00:00,725,97007,1,115.4475,USD
2010-02-15 00:00:00,2010-02-19 00:00:00,725,97502,1,115.4475,USD
2010-02-15 00:00:00,2010-02-19 00:00:00,726,07830,1,115.4475,USD
2010-02-15 00:00:00,2010-02-19 00:00:00,726,08009,1,115.4475,GBP
2010-02-15 00:00:00,2010-02-19 00:00:00,726,08505,1,115.4475,USD
2010-02-15 00:00:00,2010-02-19 00:00:00,726,08803,1,115.4475,USD
2010-02-15 00:00:00,2010-02-19 00:00:00,726,21220,1,115.4475,GBP
2010-02-15 00:00:00,2010-02-19 00:00:00,726,29073,1,115.4475,USD
2010-02-15 00:00:00,2010-02-19 00:00:00,726,29605,1,115.4475,GBP
2010-02-15 00:00:00,2010-02-19 00:00:00,726,29642,1,115.4475,GBP
2010-02-15 00:00:00,2010-02-19 00:00:00,726,29690,1,115.4475,USD
2010-02-15 00:00:00,2010-02-19 00:00:00,726,32779,2,230.895,GBP
2010-02-15 00:00:00,2010-02-19 00:00:00,726,33972,1,115.4475,GBP
2010-02-15 00:00:00,2010-02-19 00:00:00,726,34241,2,230.895,GBP
2010-02-15 00:00:00,2010-02-19 00:00:00,726,35215,1,115.4475,GBP
2010-02-15 00:00:00,2010-02-19 00:00:00,726,39073,1,115.4475,GBP
2010-02-15 00:00:00,2010-02-19 00:00:00,726,46349,1,115.4475,USD
2010-02-15 00:00:00,2010-02-19 00:00:00,726,47551,1,230.895,GBP
2010-02-15 00:00:00,2010-02-19 00:00:00,726,47551,1,346.34250000000003,USD
2010-02-15 00:00:00,2010-02-19 00:00:00,726,51503,1,115.4475,USD
2010-02-15 00:00:00,2010-02-19 00:00:00,726,52537,1,115.4475,GBP
2010-02-15 00:00:00,2010-02-19 00:00:00,726,55359,1,115.4475,GBP
2010-02-15 00:00:00,2010-02-19 00:00:00,726,63052,1,115.4475,GBP
2010-02-15 00:00:00,2010-02-19 00:00:00,726,66938,1,115.4475,USD
2010-02-15 00:00:00,2010-02-19 00:00:00,726,74119,1,115.4475,GBP
2010-02-15 00:00:00,2010-02-19 00:00:00,726,76302,1,115.4475,USD
2010-02-15 00:00:00,2010-02-19 00:00:00,726,77450,1,115.4475,USD
2010-02-15 00:00:00,2010-02-19 00:00:00,726,78660,1,115.4475,GBP
2010-02-15 00:00:00,2010-02-19 00:00:00,726,79036,1,115.4475,GBP
2010-02-15 00:00:00,2010-02-19 00:00:00,726,83402,1,115.4475,GBP
2010-02-15 00:00:00,2010-02-19 00:00:00,726,84501,1,115.4475,USD
2010-02-15 00:00:00,2010-02-19 00:00:00,726,85326,1,115.4475,GBP
2010-02-15 00:00:00,2010-02-19 00:00:00,726,86045,1,115.4475,GBP
2010-02-15 00:00:00,2010-02-19 00:00:00,726,93103,1,115.4475,GBP
2010-02-15 00:00:00,2010-02-19 00:00:00,726,93243,1,115.4475,GBP
2010-02-15 00:00:00,2010-02-19 00:00:00,726,93268,1,115.4475,USD
2010-02-15 00:00:00,2010-02-19 00:00:00,726,94118,1,115.4475,GBP
2010-02-15 00:00:00,2010-02-19 00:00:00,726,95559,1,115.4475,GBP
2010-02-15 00:00:00,2010-02-19 00:00:00,727,25267,1,62.9475,GBP
2010-02-15 00:00:00,2010-02-19 00:00:00,727,26704,1,62.9475,USD
2010-02-15 00:00:00,2010-02-19 00:00:00,727,29575,1,62.9475,USD
2010-02-15 00:00:00,2010-02-19 00:00:00,727,29642,1,62.9475,GBP
2010-02-15 00:00:00,2010-02-19 00:00:00,727,32750,1,62.9475,GBP
2010-02-15 00:00:00,2010-02-19 00:00:00,727,33067,1,62.9475,USD
2010-02-15 00:00:00,2010-02-19 00:00:00,727,34234,1,62.9475,USD
2010-02-15 00:00:00,2010-02-19 00:00:00,727,34683,1,62.9475,GBP
2010-02-15 00:00:00,2010-02-19 00:00:00,727,34761,1,62.9475,GBP
2010-02-15 00:00:00,2010-02-19 00:00:00,727,36587,1,62.9475,USD
2010-02-15 00:00:00,2010-02-19 00:00:00,727,38358,1,62.9475,GBP
2010-02-15 00:00:00,2010-02-19 00:00:00,727,66609,1,62.9475,GBP
2010-02-15 00:00:00,2010-02-19 00:00:00,727,67216,1,62.9475,GBP
2010-02-15 00:00:00,2010-02-19 00:00:00,727,70072,1,62.9475,GBP
2010-02-15 00:00:00,2010-02-19 00:00:00,727,70605,1,62.9475,USD
2010-02-15 00:00:00,2010-02-19 00:00:00,727,73003,1,62.9475,GBP
2010-02-15 00:00:00,2010-02-19 00:00:00,727,75028,1,62.9475,GBP
2010-02-15 00:00:00,2010-02-19 00:00:00,727,78539,1,62.9475,GBP
2010-02-15 00:00:00,2010-02-19 00:00:00,727,78746,2,125.895,USD
2010-02-15 00:00:00,2010-02-19 00:00:00,727,92067,1,62.9475,GBP
2010-02-15 00:00:00,2010-02-19 00:00:00,727,92084,1,62.9475,GBP
2010-02-15 00:00:00,2010-02-19 00:00:00,727,92571,1,62.9475,USD
2010-02-15 00:00:00,2010-02-19 00:00:00,727,94912,1,62.9475,GBP
2010-02-15 00:00:00,2010-02-19 00:00:00,727,95023,1,62.9475,USD
2010-02-15 00:00:00,2010-02-19 00:00:00,727,95490,1,68.1975,USD
2010-02-15 00:00:00,2010-02-19 00:00:00,727,95746,1,62.9475,USD
2010-02-15 00:00:00,2010-02-19 00:00:00,728,08853,1,62.9475,USD
2010-02-15 00:00:00,2010-02-19 00:00:00,728,21040,1,62.9475,GBP
2010-02-15 00:00:00,2010-02-19 00:00:00,728,32720,1,62.9475,GBP
2010-02-15 00:00:00,2010-02-19 00:00:00,728,33527,1,62.9475,USD
2010-02-15 00:00:00,2010-02-19 00:00:00,728,34223,1,62.9475,GBP
2010-02-15 00:00:00,2010-02-19 00:00:00,728,34234,1,62.9475,GBP
2010-02-15 00:00:00,2010-02-19 00:00:00,728,36587,1,62.9475,GBP
2010-02-15 00:00:00,2010-02-19 00:00:00,728,40045,1,68.1975,USD
2010-02-15 00:00:00,2010-02-19 00:00:00,728,67216,1,62.9475,USD
2010-02-15 00:00:00,2010-02-19 00:00:00,728,72472,1,62.9475,GBP
2010-02-15 00:00:00,2010-02-19 00:00:00,728,77331,2,125.895,USD
2010-02-15 00:00:00,2010-02-19 00:00:00,728,85014,1,62.9475,USD
2010-02-15 00:00:00,2010-02-19 00:00:00,728,90265,4,251.79,GBP
2010-02-15 00:00:00,2010-02-19 00:00:00,728,91980,1,62.9475,GBP
2010-02-15 00:00:00,2010-02-19 00:00:00,728,92028,1,62.9475,GBP
2010-02-15 00:00:00,2010-02-19 00:00:00,728,92571,1,62.9475,GBP
2010-02-15 00:00:00,2010-02-19 00:00:00,728,94501,1,62.9475,GBP
2010-02-15 00:00:00,2010-02-19 00:00:00,728,95490,1,68.1975,GBP
2010-02-15 00:00:00,2010-02-19 00:00:00,728,95955,1,62.9475,GBP
2010-02-15 00:00:00,2010-02-19 00:00:00,728,97386,1,62.9475,GBP
2010-02-15 00:00:00,2010-02-19 00:00:00,729,55008,1,301.8225,USD
2010-02-15 00:00:00,2010-02-19 00:00:00,730,42345,1,301.8225,USD
2010-02-15 00:00:00,2010-02-19 00:00:00,730,55008,1,301.8225,GBP
2010-02-15 00:00:00,2010-02-19 00:00:00,730,77963,1,301.8225,GBP
2010-02-15 00:00:00,2010-02-19 00:00:00,739,05354,1,170.5725,GBP
2010-02-15 00:00:00,2010-02-19 00:00:00,739,08043,1,170.5725,GBP
2010-02-15 00:00:00,2010-02-19 00:00:00,739,19958,1,170.5725,GBP
2010-02-15 00:00:00,2010-02-19 00:00:00,739,21009,1,170.5725,GBP
2010-02-15 00:00:00,2010-02-19 00:00:00,739,32182,1,170.5725,GBP
2010-02-15 00:00:00,2010-02-19 00:00:00,739,35173,1,170.5725,GBP
2010-02-15 00:00:00,2010-02-19 00:00:00,739,36330,1,170.5725,GBP
2010-02-15 00:00:00,2010-02-19 00:00:00,739,41039,1,170.5725,GBP
2010-02-15 00:00:00,2010-02-19 00:00:00,739,55386,2,341.145,GBP
2010-02-15 00:00:00,2010-02-19 00:00:00,739,59336,1,170.5725,GBP
2010-02-15 00:00:00,2010-02-19 00:00:00,739,70454,1,170.5725,GBP
2010-02-15 00:00:00,2010-02-19 00:00:00,739,72120,1,170.5725,GBP
2010-02-15 00:00:00,2010-02-19 00:00:00,739,72834,1,170.5725,GBP
2010-02-15 00:00:00,2010-02-19 00:00:00,739,75126,1,170.5725,GBP
2010-02-15 00:00:00,2010-02-19 00:00:00,739,84121,2,341.145,GBP
2010-02-15 00:00:00,2010-02-19 00:00:00,739,92065,1,170.5725,GBP
2010-02-15 00:00:00,2010-02-19 00:00:00,739,95386,1,170.5725,GBP
2010-02-15 00:00:00,2010-02-19 00:00:00,739,95677,1,170.5725,GBP
2010-02-15 00:00:00,2010-02-19 00:00:00,739,97053,1,170.5725,GBP
2010-02-15 00:00:00,2010-02-19 00:00:00,740,06470,1,170.5725,GBP
2010-02-15 00:00:00,2010-02-19 00:00:00,740,06804,1,170.5725,GBP
2010-02-15 00:00:00,2010-02-19 00:00:00,740,29644,1,170.5725,GBP
2010-02-15 00:00:00,2010-02-19 00:00:00,740,34232,1,170.5725,GBP
2010-02-15 00:00:00,2010-02-19 00:00:00,740,35016,1,170.5725,GBP
2010-02-15 00:00:00,2010-02-19 00:00:00,740,37938,1,170.5725,GBP
2010-02-15 00:00:00,2010-02-19 00:00:00,740,38963,1,170.5725,GBP
2010-02-15 00:00:00,2010-02-19 00:00:00,740,40906,1,170.5725,USD
2010-02-15 00:00:00,2010-02-19 00:00:00,740,42633,1,170.5725,GBP
2010-02-15 00:00:00,2010-02-19 00:00:00,740,55386,2,341.145,USD
2010-02-15 00:00:00,2010-02-19 00:00:00,740,57702,1,170.5725,GBP
2010-02-15 00:00:00,2010-02-19 00:00:00,740,75692,1,170.5725,USD
2010-02-15 00:00:00,2010-02-19 00:00:00,740,76226,1,170.5725,USD
2010-02-15 00:00:00,2010-02-19 00:00:00,740,93720,1,170.5725,GBP
2010-02-15 00:00:00,2010-02-19 00:00:00,740,97080,1,165.3225,USD
2010-02-15 00:00:00,2010-02-19 00:00:00,740,97404,1,170.5725,USD
2010-02-15 00:00:00,2010-02-19 00:00:00,743,85205,1,270.3225,USD
2010-02-15 00:00:00,2010-02-19 00:00:00,747,75056,1,291.3225,USD
2010-02-15 00:00:00,2010-02-19 00:00:00,747,79927,2,582.645,GBP
2010-02-15 00:00:00,2010-02-19 00:00:00,747,84015,1,291.3225,USD
2010-02-15 00:00:00,2010-02-19 00:00:00,747,84095,1,291.3225,GBP
2010-02-15 00:00:00,2010-02-19 00:00:00,747,89014,1,291.3225,GBP
2010-02-15 00:00:00,2010-02-19 00:00:00,748,85234,1,291.3225,GBP
2010-02-15 00:00:00,2010-02-19 00:00:00,748,92021,1,291.3225,USD
2010-02-15 00:00:00,2010-02-19 00:00:00,748,97014,1,291.3225,GBP
2010-02-15 00:00:00,2010-02-19 00:00:00,748,97325,1,291.3225,USD
2010-02-15 00:00:00,2010-02-19 00:00:00,753,29070,1,244.0725,USD
2010-02-15 00:00:00,2010-02-19 00:00:00,753,77331,1,244.0725,GBP
2010-02-15 00:00:00,2010-02-19 00:00:00,753,78520,1,244.0725,USD
2010-02-15 00:00:00,2010-02-19 00:00:00,753,90815,1,244.0725,USD
2010-02-15 00:00:00,2010-02-19 00:00:00,753,91351,1,241.4475,GBP
2010-02-15 00:00:00,2010-02-19 00:00:00,753,95032,1,241.4475,GBP
2010-02-15 00:00:00,2010-02-19 00:00:00,753,95383,1,244.0725,GBP
2010-02-15 00:00:00,2010-02-19 00:00:00,753,97868,1,241.4475,GBP
2010-02-15 00:00:00,2010-02-19 00:00:00,754,55398,1,244.0725,GBP
2010-02-15 00:00:00,2010-02-19 00:00:00,754,75028,1,244.0725,GBP
2010-02-15 00:00:00,2010-02-19 00:00:00,754,85331,1,244.0725,USD
2010-02-15 00:00:00,2010-02-19 00:00:00,754,85381,1,244.0725,USD
2010-02-15 00:00:00,2010-02-19 00:00:00,754,91351,1,241.4475,USD
2010-02-15 00:00:00,2010-02-19 00:00:00,754,92106,1,241.4475,GBP
2010-02-15 00:00:00,2010-02-19 00:00:00,754,94544,1,244.0725,USD
2010-02-15 00:00:00,2010-02-19 00:00:00,757,01220,1,83.9475,GBP
2010-02-15 00:00:00,2010-02-19 00:00:00,757,02360,1,83.9475,USD
2010-02-15 00:00:00,2010-02-19 00:00:00,757,06470,1,83.9475,GBP
2010-02-15 00:00:00,2010-02-19 00:00:00,757,32086,1,83.9475,USD
2010-02-15 00:00:00,2010-02-19 00:00:00,757,41039,1,83.9475,USD
2010-02-15 00:00:00,2010-02-19 00:00:00,757,47403,1,83.9475,USD
2010-02-15 00:00:00,2010-02-19 00:00:00,757,47670,1,83.9475,USD
2010-02-15 00:00:00,2010-02-19 00:00:00,757,67501,1,83.9475,USD
2010-02-15 00:00:00,2010-02-19 00:00:00,757,70710,1,83.9475,USD
2010-02-15 00:00:00,2010-02-19 00:00:00,757,71602,1,83.9475,USD
2010-02-15 00:00:00,2010-02-19 00:00:00,757,76446,1,83.9475,USD
2010-02-15 00:00:00,2010-02-19 00:00:00,757,78566,1,83.9475,USD
2010-02-15 00:00:00,2010-02-19 00:00:00,757,85234,1,83.9475,USD
2010-02-15 00:00:00,2010-02-19 00:00:00,757,92536,1,83.9475,USD
2010-02-15 00:00:00,2010-02-19 00:00:00,757,92582,1,83.9475,GBP
2010-02-15 00:00:00,2010-02-19 00:00:00,757,92585,1,83.9475,GBP
2010-02-15 00:00:00,2010-02-19 00:00:00,757,94025,1,83.9475,USD
2010-02-15 00:00:00,2010-02-19 00:00:00,757,95120,1,83.9475,GBP
2010-02-15 00:00:00,2010-02-19 00:00:00,757,95658,1,83.9475,USD
2010-02-15 00:00:00,2010-02-19 00:00:00,757,97055,1,83.9475,GBP
2010-02-15 00:00:00,2010-02-19 00:00:00,758,24853,1,83.9475,USD
2010-02-15 00:00:00,2010-02-19 00:00:00,758,35670,1,83.9475,GBP
2010-02-15 00:00:00,2010-02-19 00:00:00,758,41039,1,83.9475,GBP
2010-02-15 00:00:00,2010-02-19 00:00:00,758,42141,1,83.9475,USD
2010-02-15 00:00:00,2010-02-19 00:00:00,758,54135,2,167.895,GBP
2010-02-15 00:00:00,2010-02-19 00:00:00,758,55447,1,83.9475,GBP
2010-02-15 00:00:00,2010-02-19 00:00:00,758,70582,1,83.9475,USD
2010-02-15 00:00:00,2010-02-19 00:00:00,758,70710,1,83.9475,USD
2010-02-15 00:00:00,2010-02-19 00:00:00,758,71968,1,83.9475,GBP
2010-02-15 00:00:00,2010-02-19 00:00:00,758,75605,1,83.9475,USD
2010-02-15 00:00:00,2010-02-19 00:00:00,758,77627,1,83.9475,USD
2010-02-15 00:00:00,2010-02-19 00:00:00,758,77705,1,83.9475,USD
2010-02-15 00:00:00,2010-02-19 00:00:00,758,91302,1,83.9475,USD
2010-02-15 00:00:00,2010-02-19 00:00:00,758,92008,1,83.9475,USD
2010-02-15 00:00:00,2010-02-19 00:00:00,758,92028,1,83.9475,USD
2010-02-15 00:00:00,2010-02-19 00:00:00,758,92508,1,83.9475,USD
2010-02-15 00:00:00,2010-02-19 00:00:00,758,92536,1,83.9475,USD
2010-02-15 00:00:00,2010-02-19 00:00:00,767,21133,1,104.9475,GBP
2010-02-15 00:00:00,2010-02-19 00:00:00,767,29690,1,104.9475,USD
2010-02-15 00:00:00,2010-02-19 00:00:00,767,32192,1,104.9475,GBP
2010-02-15 00:00:00,2010-02-19 00:00:00,767,33067,1,104.9475,GBP
2010-02-15 00:00:00,2010-02-19 00:00:00,767,33521,1,104.9475,GBP
2010-02-15 00:00:00,2010-02-19 00:00:00,767,38049,1,104.9475,USD
2010-02-15 00:00:00,2010-02-19 00:00:00,767,38363,1,104.9475,GBP
2010-02-15 00:00:00,2010-02-19 00:00:00,767,47030,1,104.9475,GBP
2010-02-15 00:00:00,2010-02-19 00:00:00,767,50263,1,104.9475,USD
2010-02-15 00:00:00,2010-02-19 00:00:00,767,53114,1,104.9475,GBP
2010-02-15 00:00:00,2010-02-19 00:00:00,767,71701,1,104.9475,USD
2010-02-15 00:00:00,2010-02-19 00:00:00,767,72120,1,104.9475,USD
2010-02-15 00:00:00,2010-02-19 00:00:00,767,75551,1,104.9475,GBP
2010-02-15 00:00:00,2010-02-19 00:00:00,767,75766,1,104.9475,USD
2010-02-15 00:00:00,2010-02-19 00:00:00,767,77345,1,104.9475,GBP
2010-02-15 00:00:00,2010-02-19 00:00:00,767,77612,1,104.9475,GBP
2010-02-15 00:00:00,2010-02-19 00:00:00,767,94951,1,104.9475,USD
2010-02-15 00:00:00,2010-02-19 00:00:00,767,95252,1,104.9475,USD
2010-02-15 00:00:00,2010-02-19 00:00:00,767,97426,1,104.9475,GBP
2010-02-15 00:00:00,2010-02-19 00:00:00,768,32730,1,104.9475,USD
2010-02-15 00:00:00,2010-02-19 00:00:00,768,33178,1,104.9475,USD
2010-02-15 00:00:00,2010-02-19 00:00:00,768,33914,1,104.9475,GBP
2010-02-15 00:00:00,2010-02-19 00:00:00,768,38363,1,104.9475,GBP
2010-02-15 00:00:00,2010-02-19 00:00:00,768,42320,1,104.9475,USD
2010-02-15 00:00:00,2010-02-19 00:00:00,768,54311,1,104.9475,USD
2010-02-15 00:00:00,2010-02-19 00:00:00,768,54421,1,102.3225,USD
2010-02-15 00:00:00,2010-02-19 00:00:00,768,75656,1,104.9475,GBP
2010-02-15 00:00:00,2010-02-19 00:00:00,768,76087,1,104.9475,USD
2010-02-15 00:00:00,2010-02-19 00:00:00,768,77345,1,104.9475,GBP
2010-02-15 00:00:00,2010-02-19 00:00:00,768,77449,1,104.9475,GBP
2010-02-15 00:00:00,2010-02-19 00:00:00,768,90620,1,104.9475,GBP
2010-02-15 00:00:00,2010-02-19 00:00:00,768,95658,1,104.9475,USD
2010-02-15 00:00:00,2010-02-19 00:00:00,769,07071,1,257.1975,USD
2010-02-15 00:00:00,2010-02-19 00:00:00,769,07607,1,257.1975,GBP
2010-02-15 00:00:00,2010-02-19 00:00:00,769,08085,1,257.1975,USD
2010-02-15 00:00:00,2010-02-19 00:00:00,769,21047,1,257.1975,GBP
2010-02-15 00:00:00,2010-02-19 00:00:00,769,25865,1,257.1975,GBP
2010-02-15 00:00:00,2010-02-19 00:00:00,769,33442,1,257.1975,GBP
2010-02-15 00:00:00,2010-02-19 00:00:00,769,34952,1,257.1975,USD
2010-02-15 00:00:00,2010-02-19 00:00:00,769,38311,1,251.9475,USD
2010-02-15 00:00:00,2010-02-19 00:00:00,769,42553,1,771.5925,GBP
2010-02-15 00:00:00,2010-02-19 00:00:00,769,42553,1,771.5925,USD
2010-02-15 00:00:00,2010-02-19 00:00:00,769,42743,1,257.1975,USD
2010-02-15 00:00:00,2010-02-19 00:00:00,769,46143,1,257.1975,USD
2010-02-15 00:00:00,2010-02-19 00:00:00,769,46516,1,257.1975,GBP
2010-02-15 00:00:00,2010-02-19 00:00:00,769,46737,1,257.1975,USD
2010-02-15 00:00:00,2010-02-19 00:00:00,769,50563,2,514.395,USD
2010-02-15 00:00:00,2010-02-19 00:00:00,769,50595,1,257.1975,USD
2010-02-15 00:00:00,2010-02-19 00:00:00,769,59803,1,257.1975,GBP
2010-02-15 00:00:00,2010-02-19 00:00:00,769,78526,1,257.1975,GBP
2010-02-15 00:00:00,2010-02-19 00:00:00,769,85028,1,257.1975,GBP
2010-02-15 00:00:00,2010-02-19 00:00:00,769,88004,1,257.1975,USD
2010-02-15 00:00:00,2010-02-19 00:00:00,769,89048,1,257.1975,GBP
2010-02-15 00:00:00,2010-02-19 00:00:00,769,90501,1,257.1975,GBP
2010-02-15 00:00:00,2010-02-19 00:00:00,769,92545,1,257.1975,GBP
2010-02-15 00:00:00,2010-02-19 00:00:00,769,93065,1,257.1975,USD
2010-02-15 00:00:00,2010-02-19 00:00:00,769,93638,1,257.1975,USD
2010-02-15 00:00:00,2010-02-19 00:00:00,769,94552,1,257.1975,USD
2010-02-15 00:00:00,2010-02-19 00:00:00,770,19943,1,257.1975,GBP
2010-02-15 00:00:00,2010-02-19 00:00:00,770,34606,1,257.1975,GBP
2010-02-15 00:00:00,2010-02-19 00:00:00,770,37025,1,257.1975,GBP
2010-02-15 00:00:00,2010-02-19 00:00:00,770,38618,1,257.1975,GBP
2010-02-15 00:00:00,2010-02-19 00:00:00,770,42519,1,257.1975,GBP
2010-02-15 00:00:00,2010-02-19 00:00:00,770,42553,1,257.1975,GBP
2010-02-15 00:00:00,2010-02-19 00:00:00,770,46143,1,257.1975,USD
2010-02-15 00:00:00,2010-02-19 00:00:00,770,46516,1,257.1975,GBP
2010-02-15 00:00:00,2010-02-19 00:00:00,770,46783,1,257.1975,USD
2010-02-15 00:00:00,2010-02-19 00:00:00,770,53027,1,257.1975,USD
2010-02-15 00:00:00,2010-02-19 00:00:00,770,54880,1,257.1975,USD
2010-02-15 00:00:00,2010-02-19 00:00:00,770,66040,1,257.1975,GBP
2010-02-15 00:00:00,2010-02-19 00:00:00,770,91765,1,257.1975,GBP
2010-02-15 00:00:00,2010-02-19 00:00:00,770,91977,1,257.1975,GBP
2010-02-15 00:00:00,2010-02-19 00:00:00,770,92115,1,257.1975,GBP
2010-02-15 00:00:00,2010-02-19 00:00:00,770,92345,1,257.1975,GBP
2010-02-15 00:00:00,2010-02-19 00:00:00,770,93638,1,257.1975,GBP
2010-02-15 00:00:00,2010-02-19 00:00:00,770,97504,1,257.1975,GBP
2010-02-15 00:00:00,2010-02-19 00:00:00,770,97525,1,257.1975,GBP
2010-02-15 00:00:00,2010-02-19 00:00:00,771,08223,1,165.3225,GBP
2010-02-15 00:00:00,2010-02-19 00:00:00,771,63131,1,165.3225,USD
2010-02-15 00:00:00,2010-02-19 00:00:00,771,70714,1,165.3225,USD
2010-02-15 00:00:00,2010-02-19 00:00:00,771,84108,1,165.3225,GBP
2010-02-15 00:00:00,2010-02-19 00:00:00,771,87410,1,165.3225,GBP
2010-02-15 00:00:00,2010-02-19 00:00:00,771,87505,1,165.3225,USD
2010-02-15 00:00:00,2010-02-19 00:00:00,771,91016,1,165.3225,USD
2010-02-15 00:00:00,2010-02-19 00:00:00,771,92509,1,165.3225,USD
2010-02-15 00:00:00,2010-02-19 00:00:00,772,47635,1,165.3225,GBP
2010-02-15 00:00:00,2010-02-19 00:00:00,772,50501,1,165.3225,GBP
2010-02-15 00:00:00,2010-02-19 00:00:00,772,63131,1,165.3225,GBP
2010-02-15 00:00:00,2010-02-19 00:00:00,772,77354,1,165.3225,GBP
2010-02-15 00:00:00,2010-02-19 00:00:00,772,87401,1,165.3225,GBP
2010-02-15 00:00:00,2010-02-19 00:00:00,772,92587,1,165.3225,GBP
2010-02-15 00:00:00,2010-02-19 00:00:00,772,92887,1,165.3225,GBP
2010-02-15 00:00:00,2010-02-19 00:00:00,783,32311,1,110.1975,GBP
2010-02-15 00:00:00,2010-02-19 00:00:00,784,32311,1,110.1975,GBP
2010-02-15 00:00:00,2010-02-19 00:00:00,795,59047,1,275.5725,USD
2010-02-15 00:00:00,2010-02-19 00:00:00,795,63049,1,275.5725,USD
2010-02-15 00:00:00,2010-02-19 00:00:00,795,70592,1,275.5725,USD
2010-02-15 00:00:00,2010-02-19 00:00:00,795,76205,1,275.5725,USD
2010-02-15 00:00:00,2010-02-19 00:00:00,795,78613,1,275.5725,USD
2010-02-15 00:00:00,2010-02-19 00:00:00,795,85027,1,275.5725,GBP
2010-02-15 00:00:00,2010-02-19 00:00:00,795,85310,1,275.5725,USD
2010-02-15 00:00:00,2010-02-19 00:00:00,795,89102,1,275.5725,GBP
2010-02-15 00:00:00,2010-02-19 00:00:00,795,91901,1,275.5725,GBP
2010-02-15 00:00:00,2010-02-19 00:00:00,795,92065,1,275.5725,USD
2010-02-15 00:00:00,2010-02-19 00:00:00,795,92505,1,275.5725,GBP
2010-02-15 00:00:00,2010-02-19 00:00:00,795,92581,1,275.5725,GBP
2010-02-15 00:00:00,2010-02-19 00:00:00,795,92629,1,275.5725,USD
2010-02-15 00:00:00,2010-02-19 00:00:00,795,92886,1,275.5725,USD
2010-02-15 00:00:00,2010-02-19 00:00:00,795,93301,1,275.5725,USD
2010-02-15 00:00:00,2010-02-19 00:00:00,795,94061,1,275.5725,GBP
2010-02-15 00:00:00,2010-02-19 00:00:00,795,95136,1,275.5725,USD
2010-02-15 00:00:00,2010-02-19 00:00:00,795,95376,2,551.145,USD
2010-02-15 00:00:00,2010-02-19 00:00:00,795,95624,1,275.5725,USD
2010-02-15 00:00:00,2010-02-19 00:00:00,796,06331,1,275.5725,GBP
2010-02-15 00:00:00,2010-02-19 00:00:00,796,46534,1,275.5725,GBP
2010-02-15 00:00:00,2010-02-19 00:00:00,796,47383,1,275.5725,GBP
2010-02-15 00:00:00,2010-02-19 00:00:00,796,64021,1,275.5725,USD
2010-02-15 00:00:00,2010-02-19 00:00:00,796,75061,1,275.5725,GBP
2010-02-15 00:00:00,2010-02-19 00:00:00,796,76087,1,275.5725,GBP
2010-02-15 00:00:00,2010-02-19 00:00:00,796,78613,1,275.5725,GBP
2010-02-15 00:00:00,2010-02-19 00:00:00,796,83204,1,275.5725,USD
2010-02-15 00:00:00,2010-02-19 00:00:00,796,90241,1,275.5725,USD
2010-02-15 00:00:00,2010-02-19 00:00:00,796,90743,1,275.5725,GBP
2010-02-15 00:00:00,2010-02-19 00:00:00,796,92019,1,275.5725,GBP
2010-02-15 00:00:00,2010-02-19 00:00:00,796,92345,1,275.5725,USD
2010-02-15 00:00:00,2010-02-19 00:00:00,796,92677,1,275.5725,GBP
2010-02-15 00:00:00,2010-02-19 00:00:00,796,92708,1,267.6975,GBP
2010-02-15 00:00:00,2010-02-19 00:00:00,796,94587,1,275.5725,USD
2010-02-15 00:00:00,2010-02-19 00:00:00,796,95148,1,275.5725,GBP
2010-02-15 00:00:00,2010-02-19 00:00:00,796,97520,1,275.5725,USD
2010-02-15 00:00:00,2010-02-19 00:00:00,797,02878,1,301.8225,GBP
2010-02-15 00:00:00,2010-02-19 00:00:00,797,08234,1,301.8225,USD
2010-02-15 00:00:00,2010-02-19 00:00:00,797,21144,1,301.8225,GBP
2010-02-15 00:00:00,2010-02-19 00:00:00,797,36619,1,301.8225,GBP
2010-02-15 00:00:00,2010-02-19 00:00:00,797,40311,1,301.8225,USD
2010-02-15 00:00:00,2010-02-19 00:00:00,797,41557,1,301.8225,USD
2010-02-15 00:00:00,2010-02-19 00:00:00,797,46410,1,301.8225,GBP
2010-02-15 00:00:00,2010-02-19 00:00:00,797,53090,1,301.8225,GBP
2010-02-15 00:00:00,2010-02-19 00:00:00,797,53227,1,603.645,GBP
2010-02-15 00:00:00,2010-02-19 00:00:00,797,53227,1,905.4675,USD
2010-02-15 00:00:00,2010-02-19 00:00:00,797,53538,1,301.8225,GBP
2010-02-15 00:00:00,2010-02-19 00:00:00,797,63117,1,301.8225,GBP
2010-02-15 00:00:00,2010-02-19 00:00:00,797,68521,1,301.8225,GBP
2010-02-15 00:00:00,2010-02-19 00:00:00,797,74107,1,301.8225,GBP
2010-02-15 00:00:00,2010-02-19 00:00:00,797,75010,1,301.8225,USD
2010-02-15 00:00:00,2010-02-19 00:00:00,797,76039,1,301.8225,GBP
2010-02-15 00:00:00,2010-02-19 00:00:00,797,77375,1,301.8225,GBP
2010-02-15 00:00:00,2010-02-19 00:00:00,797,83340,1,301.8225,GBP
2010-02-15 00:00:00,2010-02-19 00:00:00,797,83352,1,301.8225,USD
2010-02-15 00:00:00,2010-02-19 00:00:00,797,83702,1,301.8225,GBP
2010-02-15 00:00:00,2010-02-19 00:00:00,797,85201,1,301.8225,GBP
2010-02-15 00:00:00,2010-02-19 00:00:00,797,85304,1,301.8225,GBP
2010-02-15 00:00:00,2010-02-19 00:00:00,797,90501,4,1207.29,GBP
2010-02-15 00:00:00,2010-02-19 00:00:00,797,91342,1,301.8225,USD
2010-02-15 00:00:00,2010-02-19 00:00:00,797,92346,1,301.8225,USD
2010-02-15 00:00:00,2010-02-19 00:00:00,797,92620,1,301.8225,GBP
2010-02-15 00:00:00,2010-02-19 00:00:00,797,93662,1,301.8225,GBP
2010-02-15 00:00:00,2010-02-19 00:00:00,797,93726,1,301.8225,USD
2010-02-15 00:00:00,2010-02-19 00:00:00,823,07960,1,619.4475,USD
2010-02-15 00:00:00,2010-02-19 00:00:00,823,55040,1,619.4475,USD
2010-02-15 00:00:00,2010-02-19 00:00:00,823,95536,1,619.4475,USD
2010-02-15 00:00:00,2010-02-19 00:00:00,833,78240,1,797.9475,GBP
2010-02-15 00:00:00,2010-02-19 00:00:00,833,85643,1,803.1975,GBP
2010-02-15 00:00:00,2010-02-19 00:00:00,833,91709,1,803.1975,GBP
2010-02-15 00:00:00,2010-02-19 00:00:00,837,34108,1,813.6975,USD
2010-02-15 00:00:00,2010-02-19 00:00:00,837,34761,1,813.6975,GBP
2010-02-15 00:00:00,2010-02-19 00:00:00,837,37865,1,839.9475,GBP
2010-02-15 00:00:00,2010-02-19 00:00:00,837,38351,1,813.6975,USD
2010-02-15 00:00:00,2010-02-19 00:00:00,837,38730,1,813.6975,USD
2010-02-15 00:00:00,2010-02-19 00:00:00,837,47150,1,813.6975,USD
2010-02-15 00:00:00,2010-02-19 00:00:00,837,55359,1,813.6975,GBP
2010-02-15 00:00:00,2010-02-19 00:00:00,837,63019,1,839.9475,GBP
2010-02-15 00:00:00,2010-02-19 00:00:00,837,64133,1,813.6975,GBP
2010-02-15 00:00:00,2010-02-19 00:00:00,837,76248,1,813.6975,GBP
2010-02-15 00:00:00,2010-02-19 00:00:00,837,79119,1,813.6975,USD
2010-02-15 00:00:00,2010-02-19 00:00:00,837,97222,1,839.9475,GBP
2010-02-15 00:00:00,2010-02-19 00:00:00,838,19968,1,929.1975,USD
2010-02-15 00:00:00,2010-02-19 00:00:00,838,32708,1,934.4475,USD
2010-02-15 00:00:00,2010-02-19 00:00:00,838,32779,1,918.6975,USD
2010-02-15 00:00:00,2010-02-19 00:00:00,838,32937,1,929.1975,USD
2010-02-15 00:00:00,2010-02-19 00:00:00,838,33184,1,934.4475,USD
2010-02-15 00:00:00,2010-02-19 00:00:00,838,34685,1,944.9475,USD
2010-02-15 00:00:00,2010-02-19 00:00:00,838,36555,1,934.4475,USD
2010-02-15 00:00:00,2010-02-19 00:00:00,838,37814,1,944.9475,GBP
2010-02-15 00:00:00,2010-02-19 00:00:00,838,39307,1,934.4475,GBP
2010-02-15 00:00:00,2010-02-19 00:00:00,838,71351,1,934.4475,USD
2010-02-15 00:00:00,2010-02-19 00:00:00,838,74502,1,918.6975,GBP
2010-02-15 00:00:00,2010-02-19 00:00:00,838,75480,1,913.4475,GBP
2010-02-15 00:00:00,2010-02-19 00:00:00,838,85063,1,929.1975,USD
2010-02-15 00:00:00,2010-02-19 00:00:00,842,68901,1,750.6975,GBP
2010-02-15 00:00:00,2010-02-19 00:00:00,843,85607,1,524.9475,GBP
2010-02-15 00:00:00,2010-02-19 00:00:00,847,32210,1,603.6975,GBP
2010-02-15 00:00:00,2010-02-19 00:00:00,847,32680,1,603.6975,GBP
2010-02-15 00:00:00,2010-02-19 00:00:00,847,34293,1,551.1975,GBP
2010-02-15 00:00:00,2010-02-19 00:00:00,847,35404,1,603.6975,GBP
2010-02-15 00:00:00,2010-02-19 00:00:00,847,41041,1,603.6975,USD
2010-02-15 00:00:00,2010-02-19 00:00:00,847,70121,1,603.6975,USD
2010-02-15 00:00:00,2010-02-19 00:00:00,847,72342,1,603.6975,GBP
2010-02-15 00:00:00,2010-02-19 00:00:00,847,74115,1,603.6975,USD
2010-02-15 00:00:00,2010-02-19 00:00:00,847,89123,1,551.1975,GBP
2010-02-15 00:00:00,2010-02-19 00:00:00,852,50563,1,771.6975,GBP
2010-02-15 00:00:00,2010-02-19 00:00:00,852,70514,1,745.4475,GBP
2010-02-15 00:00:00,2010-02-19 00:00:00,852,77521,1,745.4475,USD
2010-02-15 00:00:00,2010-02-19 00:00:00,852,92691,1,745.4475,GBP
2010-02-15 00:00:00,2010-02-19 00:00:00,853,29582,1,456.6975,GBP
2010-02-15 00:00:00,2010-02-19 00:00:00,853,94089,1,456.6975,GBP
2010-02-15 00:00:00,2010-02-19 00:00:00,862,32949,1,209.9475,GBP
2010-02-15 00:00:00,2010-02-19 00:00:00,862,34205,1,304.4475,GBP
2010-02-15 00:00:00,2010-02-19 00:00:00,862,34231,1,162.6975,GBP
2010-02-15 00:00:00,2010-02-19 00:00:00,862,35401,1,178.4475,GBP
2010-02-15 00:00:00,2010-02-19 00:00:00,862,73501,1,162.6975,USD
2010-02-15 00:00:00,2010-02-19 00:00:00,863,92131,1,304.4475,GBP
2010-02-15 00:00:00,2010-02-19 00:00:00,901,08826,1,409.4475,USD
2010-02-15 00:00:00,2010-02-19 00:00:00,901,19701,1,409.4475,USD
2010-02-15 00:00:00,2010-02-19 00:00:00,901,19968,1,409.4475,USD
2010-02-15 00:00:00,2010-02-19 00:00:00,901,29053,1,409.4475,USD
2010-02-15 00:00:00,2010-02-19 00:00:00,901,37122,1,409.4475,GBP
2010-02-15 00:00:00,2010-02-19 00:00:00,901,37331,1,409.4475,GBP
2010-02-15 00:00:00,2010-02-19 00:00:00,901,46319,1,409.4475,GBP
2010-02-15 00:00:00,2010-02-19 00:00:00,901,52245,1,409.4475,USD
2010-02-15 00:00:00,2010-02-19 00:00:00,901,64110,1,409.4475,USD
2010-02-15 00:00:00,2010-02-19 00:00:00,901,70083,1,409.4475,GBP
2010-02-15 00:00:00,2010-02-19 00:00:00,901,70805,1,409.4475,USD
2010-02-15 00:00:00,2010-02-19 00:00:00,901,85715,1,409.4475,USD
2010-02-15 00:00:00,2010-02-19 00:00:00,901,95125,1,409.4475,USD
2010-02-15 00:00:00,2010-02-19 00:00:00,910,06512,1,414.6975,USD
2010-02-15 00:00:00,2010-02-19 00:00:00,910,07032,1,414.6975,USD
2010-02-15 00:00:00,2010-02-19 00:00:00,910,19901,1,414.6975,USD
2010-02-15 00:00:00,2010-02-19 00:00:00,910,20874,1,414.6975,USD
2010-02-15 00:00:00,2010-02-19 00:00:00,910,25560,1,414.6975,USD
2010-02-15 00:00:00,2010-02-19 00:00:00,910,32608,1,414.6975,USD
2010-02-15 00:00:00,2010-02-19 00:00:00,910,32808,1,414.6975,USD
2010-02-15 00:00:00,2010-02-19 00:00:00,910,33445,1,414.6975,USD
2010-02-15 00:00:00,2010-02-19 00:00:00,910,34695,1,414.6975,USD
2010-02-15 00:00:00,2010-02-19 00:00:00,910,46410,1,414.6975,USD
2010-02-15 00:00:00,2010-02-19 00:00:00,910,46777,1,414.6975,USD
2010-02-15 00:00:00,2010-02-19 00:00:00,910,47150,1,414.6975,USD
2010-02-15 00:00:00,2010-02-19 00:00:00,910,66025,1,414.6975,GBP
2010-02-15 00:00:00,2010-02-19 00:00:00,910,76087,1,414.6975,GBP
2010-02-15 00:00:00,2010-02-19 00:00:00,910,77041,1,414.6975,USD
2010-02-15 00:00:00,2010-02-19 00:00:00,910,77074,1,414.6975,USD
2010-02-15 00:00:00,2010-02-19 00:00:00,910,83864,1,414.6975,USD
2010-02-15 00:00:00,2010-02-19 00:00:00,910,91423,1,414.6975,USD
2010-02-15 00:00:00,2010-02-19 00:00:00,910,92109,2,829.395,USD
2010-02-15 00:00:00,2010-02-19 00:00:00,910,94065,1,414.6975,USD
2010-02-15 00:00:00,2010-02-19 00:00:00,910,94080,1,414.6975,USD
2010-02-15 00:00:00,2010-02-19 00:00:00,910,94535,1,414.6975,USD
2010-02-15 00:00:00,2010-02-19 00:00:00,910,95118,1,414.6975,USD
2010-02-15 00:00:00,2010-02-19 00:00:00,914,33426,1,577.4475,USD
2010-02-15 00:00:00,2010-02-19 00:00:00,914,97201,1,603.6975,GBP
2010-02-15 00:00:00,2010-02-19 00:00:00,921,06854,1,524.9475,USD
2010-02-15 00:00:00,2010-02-19 00:00:00,921,08807,1,524.9475,USD
2010-02-15 00:00:00,2010-02-19 00:00:00,921,20906,1,524.9475,GBP
2010-02-15 00:00:00,2010-02-19 00:00:00,921,67570,1,524.9475,USD
2010-02-15 00:00:00,2010-02-19 00:00:00,921,70809,1,524.9475,GBP
2010-02-15 00:00:00,2010-02-19 00:00:00,921,71360,1,524.9475,GBP
2010-02-15 00:00:00,2010-02-19 00:00:00,921,89012,1,524.9475,USD
2010-02-15 00:00:00,2010-02-19 00:00:00,921,92025,1,524.9475,USD
2010-02-15 00:00:00,2010-02-19 00:00:00,921,92243,1,524.9475,USD
2010-02-15 00:00:00,2010-02-19 00:00:00,921,92324,1,524.9475,USD
2010-02-15 00:00:00,2010-02-19 00:00:00,921,92806,3,1574.8425,USD
2010-02-15 00:00:00,2010-02-19 00:00:00,921,95320,1,524.9475,GBP
2010-02-15 00:00:00,2010-02-19 00:00:00,922,29860,1,472.4475,GBP
2010-02-15 00:00:00,2010-02-19 00:00:00,922,36695,1,472.4475,USD
2010-02-15 00:00:00,2010-02-19 00:00:00,922,37421,1,472.4475,GBP
2010-02-15 00:00:00,2010-02-19 00:00:00,922,55418,1,472.4475,GBP
2010-02-15 00:00:00,2010-02-19 00:00:00,922,64040,1,472.4475,USD
2010-02-15 00:00:00,2010-02-19 00:00:00,922,69024,1,472.4475,USD
2010-02-15 00:00:00,2010-02-19 00:00:00,922,77459,1,472.4475,GBP
2010-02-15 00:00:00,2010-02-19 00:00:00,936,02822,1,498.6975,GBP
2010-02-15 00:00:00,2010-02-19 00:00:00,936,32792,1,498.6975,GBP
2010-02-15 00:00:00,2010-02-19 00:00:00,936,33323,1,498.6975,USD
2010-02-15 00:00:00,2010-02-19 00:00:00,936,63129,1,498.6975,USD
2010-02-15 00:00:00,2010-02-19 00:00:00,936,76245,1,498.6975,GBP
2010-02-15 00:00:00,2010-02-19 00:00:00,936,77084,1,498.6975,GBP
2010-02-15 00:00:00,2010-02-19 00:00:00,936,84060,1,498.6975,GBP
2010-02-15 00:00:00,2010-02-19 00:00:00,936,84663,1,498.6975,USD
2010-02-15 00:00:00,2010-02-19 00:00:00,936,89423,1,498.6975,USD
2010-02-15 00:00:00,2010-02-19 00:00:00,936,92806,1,498.6975,GBP
2010-02-15 00:00:00,2010-02-19 00:00:00,936,94501,1,498.6975,USD
2010-02-15 00:00:00,2010-02-19 00:00:00,936,95008,1,498.6975,GBP
2010-02-15 00:00:00,2010-02-19 00:00:00,936,95050,1,498.6975,GBP
2010-02-15 00:00:00,2010-02-19 00:00:00,936,95688,1,498.6975,GBP
2010-02-15 00:00:00,2010-02-19 00:00:00,936,97404,1,498.6975,GBP
2010-02-15 00:00:00,2010-02-19 00:00:00,940,32277,1,671.9475,USD
2010-02-15 00:00:00,2010-02-19 00:00:00,940,32712,1,687.6975,USD
2010-02-15 00:00:00,2010-02-19 00:00:00,940,33406,1,687.6975,USD
2010-02-15 00:00:00,2010-02-19 00:00:00,940,35968,1,687.6975,GBP
2010-02-15 00:00:00,2010-02-19 00:00:00,940,38655,1,687.6975,GBP
2010-02-15 00:00:00,2010-02-19 00:00:00,940,46235,1,687.6975,USD
2010-02-15 00:00:00,2010-02-19 00:00:00,940,56187,1,671.9475,GBP
2010-02-15 00:00:00,2010-02-19 00:00:00,940,68005,1,687.6975,USD
2010-02-15 00:00:00,2010-02-19 00:00:00,940,75042,1,687.6975,USD
2010-02-15 00:00:00,2010-02-19 00:00:00,940,77062,1,671.9475,GBP
2010-02-15 00:00:00,2010-02-19 00:00:00,940,78727,1,687.6975,GBP
2010-02-15 00:00:00,2010-02-19 00:00:00,940,92583,1,687.6975,GBP
2010-02-15 00:00:00,2010-02-19 00:00:00,940,93021,1,671.9475,GBP
2010-02-15 00:00:00,2010-02-19 00:00:00,940,97214,1,671.9475,USD
2010-02-15 00:00:00,2010-02-19 00:00:00,952,35575,1,293.9475,GBP
2010-02-15 00:00:00,2010-02-19 00:00:00,952,78731,1,262.4475,GBP
2010-02-15 00:00:00,2010-02-19 00:00:00,962,06716,1,524.9475,GBP
2010-02-15 00:00:00,2010-02-19 00:00:00,962,24901,1,524.9475,USD
2010-02-15 00:00:00,2010-02-19 00:00:00,962,32127,1,524.9475,GBP
2010-02-15 00:00:00,2010-02-19 00:00:00,962,32812,1,524.9475,USD
2010-02-15 00:00:00,2010-02-19 00:00:00,962,33071,1,524.9475,GBP
2010-02-15 00:00:00,2010-02-19 00:00:00,962,33708,1,509.1975,USD
2010-02-15 00:00:00,2010-02-19 00:00:00,962,36362,1,509.1975,GBP
2010-02-15 00:00:00,2010-02-19 00:00:00,962,42431,1,524.9475,USD
2010-02-15 00:00:00,2010-02-19 00:00:00,962,75218,1,524.9475,USD
2010-02-15 00:00:00,2010-02-19 00:00:00,962,76205,1,509.1975,GBP
2010-02-15 00:00:00,2010-02-19 00:00:00,962,85213,1,524.9475,USD
2010-02-15 00:00:00,2010-02-19 00:00:00,962,92545,1,524.9475,USD
2010-02-15 00:00:00,2010-02-19 00:00:00,964,21234,1,346.4475,USD
2010-02-15 00:00:00,2010-02-19 00:00:00,964,32738,1,346.4475,GBP
2010-02-15 00:00:00,2010-02-19 00:00:00,964,36605,1,356.9475,USD
2010-02-15 00:00:00,2010-02-19 00:00:00,964,40601,1,346.4475,USD
2010-02-15 00:00:00,2010-02-19 00:00:00,964,72211,1,346.4475,USD
2010-02-15 00:00:00,2010-02-19 00:00:00,964,75093,2,703.395,GBP
2010-02-15 00:00:00,2010-02-19 00:00:00,964,76106,1,346.4475,USD
2010-02-15 00:00:00,2010-02-19 00:00:00,964,77381,1,346.4475,USD
2010-02-15 00:00:00,2010-02-19 00:00:00,964,77573,1,356.9475,USD
2010-02-15 00:00:00,2010-02-19 00:00:00,964,78006,1,346.4475,USD
2010-02-15 00:00:00,2010-02-19 00:00:00,964,85253,1,346.4475,USD
2010-02-15 00:00:00,2010-02-19 00:00:00,964,91775,1,356.9475,USD
2010-02-15 00:00:00,2010-02-19 00:00:00,979,33160,1,393.6975,GBP
2010-02-15 00:00:00,2010-02-19 00:00:00,979,47714,1,409.4475,GBP
2010-02-15 00:00:00,2010-02-19 00:00:00,979,70508,1,409.4475,USD
2010-02-15 00:00:00,2010-02-19 00:00:00,981,29306,1,157.4475,GBP
2010-02-15 00:00:00,2010-02-19 00:00:00,981,32159,1,167.9475,GBP
2010-02-15 00:00:00,2010-02-19 00:00:00,981,34293,1,157.4475,GBP
2010-02-15 00:00:00,2010-02-19 00:00:00,981,34748,1,167.9475,GBP
2010-02-15 00:00:00,2010-02-19 00:00:00,981,70433,1,157.4475,GBP
2010-02-15 00:00:00,2010-02-19 00:00:00,981,89509,1,167.9475,GBP
2010-02-15 00:00:00,2010-02-19 00:00:00,989,19709,1,467.1975,USD
2010-02-15 00:00:00,2010-02-19 00:00:00,989,32086,1,451.4475,GBP
2010-02-15 00:00:00,2010-02-19 00:00:00,989,32119,1,467.1975,GBP
2010-02-15 00:00:00,2010-02-19 00:00:00,989,32137,1,451.4475,USD
2010-02-15 00:00:00,2010-02-19 00:00:00,989,41042,1,451.4475,GBP
2010-02-15 00:00:00,2010-02-19 00:00:00,989,46755,1,451.4475,USD
2010-02-15 00:00:00,2010-02-19 00:00:00,989,54112,1,451.4475,GBP
2010-02-15 00:00:00,2010-02-19 00:00:00,989,63123,1,451.4475,USD
2010-02-15 00:00:00,2010-02-19 00:00:00,989,70001,1,451.4475,GBP
2010-02-15 00:00:00,2010-02-19 00:00:00,989,70127,1,451.4475,GBP
2010-02-15 00:00:00,2010-02-19 00:00:00,989,70737,1,467.1975,GBP
2010-02-15 00:00:00,2010-02-19 00:00:00,989,72143,1,467.1975,GBP
2010-02-15 00:00:00,2010-02-19 00:00:00,989,77089,1,467.1975,GBP
2010-02-15 00:00:00,2010-02-19 00:00:00,989,85743,1,467.1975,GBP
2010-02-15 00:00:00,2010-02-19 00:00:00,989,92342,1,451.4475,GBP
2010-02-15 00:00:00,2010-02-19 00:00:00,989,92887,1,467.1975,USD
2010-02-15 00:00:00,2010-02-19 00:00:00,989,93065,1,435.6975,USD
2010-02-15 00:00:00,2010-02-19 00:00:00,990,08089,1,503.9475,GBP
2010-02-15 00:00:00,2010-02-19 00:00:00,990,29166,1,456.6975,GBP
2010-02-15 00:00:00,2010-02-19 00:00:00,990,29732,1,456.6975,USD
2010-02-15 00:00:00,2010-02-19 00:00:00,990,33062,1,456.6975,USD
2010-02-15 00:00:00,2010-02-19 00:00:00,990,33064,1,503.9475,GBP
2010-02-15 00:00:00,2010-02-19 00:00:00,990,34285,1,482.9475,USD
2010-02-15 00:00:00,2010-02-19 00:00:00,990,34772,1,472.4475,GBP
2010-02-15 00:00:00,2010-02-19 00:00:00,990,34788,1,456.6975,USD
2010-02-15 00:00:00,2010-02-19 00:00:00,990,35078,1,456.6975,GBP
2010-02-15 00:00:00,2010-02-19 00:00:00,990,37863,1,472.4475,GBP
2010-02-15 00:00:00,2010-02-19 00:00:00,990,38632,1,456.6975,GBP
2010-02-15 00:00:00,2010-02-19 00:00:00,990,39094,1,530.1975,GBP
2010-02-15 00:00:00,2010-02-19 00:00:00,990,41042,1,482.9475,USD
2010-02-15 00:00:00,2010-02-19 00:00:00,990,58103,1,530.1975,GBP
2010-02-15 00:00:00,2010-02-19 00:00:00,990,64151,1,456.6975,USD
2010-02-15 00:00:00,2010-02-19 00:00:00,990,70808,1,456.6975,USD
2010-02-15 00:00:00,2010-02-19 00:00:00,990,75034,1,482.9475,GBP
2010-02-15 00:00:00,2010-02-19 00:00:00,990,75149,1,456.6975,USD
2010-02-15 00:00:00,2010-02-19 00:00:00,990,85716,1,482.9475,USD
2010-02-15 00:00:00,2010-02-19 00:00:00,990,90745,1,482.9475,USD
2010-02-15 00:00:00,2010-02-19 00:00:00,992,25608,1,314.9475,USD
2010-02-15 00:00:00,2010-02-19 00:00:00,992,32174,1,278.1975,USD
2010-02-15 00:00:00,2010-02-19 00:00:00,992,34655,1,288.6975,USD
2010-02-15 00:00:00,2010-02-19 00:00:00,992,34711,1,278.1975,USD
2010-02-15 00:00:00,2010-02-19 00:00:00,992,38305,1,278.1975,USD
2010-02-15 00:00:00,2010-02-19 00:00:00,992,67401,1,288.6975,GBP
2010-02-15 00:00:00,2010-02-19 00:00:00,992,70506,1,278.1975,USD
2010-02-15 00:00:00,2010-02-19 00:00:00,992,72401,1,278.1975,USD
2010-02-15 00:00:00,2010-02-19 00:00:00,992,77503,1,278.1975,USD
2010-02-15 00:00:00,2010-02-19 00:00:00,992,78228,1,278.1975,USD
2010-02-15 00:00:00,2010-02-19 00:00:00,992,85268,1,314.9475,GBP
2010-02-15 00:00:00,2010-02-19 00:00:00,992,92832,1,314.9475,USD
2010-02-15 00:00:00,2010-02-19 00:00:00,993,32220,1,330.6975,USD
2010-02-15 00:00:00,2010-02-19 00:00:00,993,79912,1,330.6975,USD
2010-02-15 00:00:00,2010-02-19 00:00:00,1003,07304,1,83.9475,USD
2010-02-15 00:00:00,2010-02-19 00:00:00,1003,29169,1,86.5725,USD
2010-02-15 00:00:00,2010-02-19 00:00:00,1003,29170,1,86.5725,USD
2010-02-15 00:00:00,2010-02-19 00:00:00,1003,33133,1,86.5725,USD
2010-02-15 00:00:00,2010-02-19 00:00:00,1003,40212,1,432.8625,GBP
2010-02-15 00:00:00,2010-02-19 00:00:00,1003,40212,1,173.145,USD
2010-02-15 00:00:00,2010-02-19 00:00:00,1003,46706,1,86.5725,USD
2010-02-15 00:00:00,2010-02-19 00:00:00,1003,47804,1,779.1525,GBP
2010-02-15 00:00:00,2010-02-19 00:00:00,1003,47804,1,1125.4425,USD
2010-02-15 00:00:00,2010-02-19 00:00:00,1003,52732,1,86.5725,GBP
2010-02-15 00:00:00,2010-02-19 00:00:00,1005,32219,1,107.5725,USD
2010-02-15 00:00:00,2010-02-19 00:00:00,1005,33408,1,107.5725,GBP
2010-02-15 00:00:00,2010-02-19 00:00:00,1005,68132,1,107.5725,GBP
2010-02-15 00:00:00,2010-02-19 00:00:00,1005,85364,1,107.5725,GBP
2010-02-15 00:00:00,2010-02-19 00:00:00,1005,88031,1,107.5725,USD
2010-02-15 00:00:00,2010-02-19 00:00:00,1005,92660,1,107.5725,GBP
2010-02-15 00:00:00,2010-02-19 00:00:00,1005,97760,1,107.5725,USD
2010-02-15 00:00:00,2010-02-19 00:00:00,1008,46319,1,236.1975,USD
2010-02-15 00:00:00,2010-02-19 00:00:00,1008,77563,1,236.1975,USD
2010-02-15 00:00:00,2010-02-19 00:00:00,1014,29360,1,86.5725,USD
2010-02-15 00:00:00,2010-02-19 00:00:00,1014,29501,1,86.5725,GBP
2010-02-15 00:00:00,2010-02-19 00:00:00,1014,29566,1,86.5725,GBP
2010-02-15 00:00:00,2010-02-19 00:00:00,1014,53015,1,86.5725,USD
2010-02-15 00:00:00,2010-02-19 00:00:00,1045,89015,1,207.3225,GBP
2010-02-15 00:00:00,2010-02-19 00:00:00,1045,90038,1,207.3225,GBP
2010-02-15 00:00:00,2010-02-19 00:00:00,1045,92504,1,207.3225,USD
2010-02-15 00:00:00,2010-02-19 00:00:00,1045,94022,1,207.3225,GBP
2010-02-15 00:00:00,2010-02-19 00:00:00,1046,06382,1,99.6975,GBP
2010-02-15 00:00:00,2010-02-19 00:00:00,1046,07724,1,99.6975,USD
2010-02-15 00:00:00,2010-02-19 00:00:00,1046,32084,1,99.6975,GBP
2010-02-15 00:00:00,2010-02-19 00:00:00,1046,35115,1,99.6975,USD
2010-02-15 00:00:00,2010-02-19 00:00:00,1046,35613,1,99.6975,GBP
2010-02-15 00:00:00,2010-02-19 00:00:00,1046,37207,1,99.6975,USD
2010-02-15 00:00:00,2010-02-19 00:00:00,1046,46040,1,99.6975,USD
2010-02-15 00:00:00,2010-02-19 00:00:00,1046,72745,1,99.6975,USD
2010-02-15 00:00:00,2010-02-19 00:00:00,1053,07032,1,251.9475,GBP
2010-02-15 00:00:00,2010-02-19 00:00:00,1053,20832,1,251.9475,USD
2010-02-15 00:00:00,2010-02-19 00:00:00,1053,29805,1,251.9475,GBP
2010-02-15 00:00:00,2010-02-19 00:00:00,1053,77378,1,251.9475,USD
2010-02-15 00:00:00,2010-02-19 00:00:00,1053,85734,1,251.9475,GBP
2010-02-15 00:00:00,2010-02-19 00:00:00,1053,87031,1,251.9475,GBP
2010-02-15 00:00:00,2010-02-19 00:00:00,1053,89436,1,251.9475,USD
2010-02-15 00:00:00,2010-02-19 00:00:00,1063,33155,1,241.4475,GBP
2010-02-15 00:00:00,2010-02-19 00:00:00,1063,76309,1,233.5725,GBP
2010-02-15 00:00:00,2010-02-19 00:00:00,1065,07718,1,296.5725,USD
2010-02-15 00:00:00,2010-02-19 00:00:00,1065,21784,1,296.5725,USD
2010-02-15 00:00:00,2010-02-19 00:00:00,1065,34602,1,296.5725,GBP
2010-02-15 00:00:00,2010-02-19 00:00:00,1065,34652,1,296.5725,USD
2010-02-15 00:00:00,2010-02-19 00:00:00,1065,35062,1,296.5725,USD
2010-02-15 00:00:00,2010-02-19 00:00:00,1065,41071,1,296.5725,USD
2010-02-15 00:00:00,2010-02-19 00:00:00,1065,47648,1,296.5725,USD
2010-02-15 00:00:00,2010-02-19 00:00:00,1065,47714,1,296.5725,USD
2010-02-15 00:00:00,2010-02-19 00:00:00,1065,47918,1,889.7175,GBP
2010-02-15 00:00:00,2010-02-19 00:00:00,1065,47918,1,296.5725,USD
2010-02-15 00:00:00,2010-02-19 00:00:00,1065,51104,1,296.5725,GBP
2010-02-15 00:00:00,2010-02-19 00:00:00,1065,54729,1,296.5725,USD
2010-02-15 00:00:00,2010-02-19 00:00:00,1065,54736,1,296.5725,USD
2010-02-15 00:00:00,2010-02-19 00:00:00,1065,56318,1,296.5725,GBP
2010-02-15 00:00:00,2010-02-19 00:00:00,1065,65202,2,593.145,USD
2010-02-15 00:00:00,2010-02-19 00:00:00,1065,70575,1,296.5725,GBP
2010-02-15 00:00:00,2010-02-19 00:00:00,1065,76051,1,296.5725,USD
2010-02-15 00:00:00,2010-02-19 00:00:00,1065,77346,2,593.145,USD
2010-02-15 00:00:00,2010-02-19 00:00:00,1065,83401,1,296.5725,USD
2010-02-15 00:00:00,2010-02-19 00:00:00,1065,84065,1,296.5725,GBP
2010-02-15 00:00:00,2010-02-19 00:00:00,1065,86323,1,296.5725,USD
2010-02-15 00:00:00,2010-02-19 00:00:00,1065,89135,1,296.5725,GBP
2010-02-15 00:00:00,2010-02-19 00:00:00,1065,91384,1,296.5725,USD
2010-02-15 00:00:00,2010-02-19 00:00:00,1065,92313,1,296.5725,GBP
2010-02-15 00:00:00,2010-02-19 00:00:00,1065,92317,1,296.5725,USD
2010-02-15 00:00:00,2010-02-19 00:00:00,1065,92382,1,296.5725,USD
2010-02-15 00:00:00,2010-02-19 00:00:00,1065,92506,1,296.5725,GBP
2010-02-15 00:00:00,2010-02-19 00:00:00,1065,92867,1,296.5725,GBP
2010-02-15 00:00:00,2010-02-19 00:00:00,1065,94044,1,296.5725,GBP
2010-02-15 00:00:00,2010-02-19 00:00:00,1065,95336,1,296.5725,GBP
2010-02-15 00:00:00,2010-02-19 00:00:00,1065,95966,1,296.5725,USD
2010-02-15 00:00:00,2010-02-19 00:00:00,1066,02860,1,296.5725,GBP
2010-02-15 00:00:00,2010-02-19 00:00:00,1066,06902,1,296.5725,GBP
2010-02-15 00:00:00,2010-02-19 00:00:00,1066,07663,1,296.5725,GBP
2010-02-15 00:00:00,2010-02-19 00:00:00,1066,29212,1,296.5725,GBP
2010-02-15 00:00:00,2010-02-19 00:00:00,1066,29356,1,296.5725,GBP
2010-02-15 00:00:00,2010-02-19 00:00:00,1066,32257,1,296.5725,GBP
2010-02-15 00:00:00,2010-02-19 00:00:00,1066,35062,1,296.5725,GBP
2010-02-15 00:00:00,2010-02-19 00:00:00,1066,40229,1,593.145,GBP
2010-02-15 00:00:00,2010-02-19 00:00:00,1066,40229,1,593.145,USD
2010-02-15 00:00:00,2010-02-19 00:00:00,1066,40965,1,296.5725,GBP
2010-02-15 00:00:00,2010-02-19 00:00:00,1066,42327,1,296.5725,USD
2010-02-15 00:00:00,2010-02-19 00:00:00,1066,42333,1,296.5725,GBP
2010-02-15 00:00:00,2010-02-19 00:00:00,1066,46217,1,296.5725,GBP
2010-02-15 00:00:00,2010-02-19 00:00:00,1066,47648,1,296.5725,GBP
2010-02-15 00:00:00,2010-02-19 00:00:00,1066,47918,1,296.5725,GBP
2010-02-15 00:00:00,2010-02-19 00:00:00,1066,47918,1,889.7175,USD
2010-02-15 00:00:00,2010-02-19 00:00:00,1066,50142,1,296.5725,GBP
2010-02-15 00:00:00,2010-02-19 00:00:00,1066,59102,1,296.5725,GBP
2010-02-15 00:00:00,2010-02-19 00:00:00,1066,63390,1,296.5725,GBP
2010-02-15 00:00:00,2010-02-19 00:00:00,1066,74954,1,296.5725,GBP
2010-02-15 00:00:00,2010-02-19 00:00:00,1066,75020,1,296.5725,GBP
2010-02-15 00:00:00,2010-02-19 00:00:00,1066,75060,1,296.5725,USD
2010-02-15 00:00:00,2010-02-19 00:00:00,1066,77066,1,296.5725,GBP
2010-02-15 00:00:00,2010-02-19 00:00:00,1066,77304,1,296.5725,GBP
2010-02-15 00:00:00,2010-02-19 00:00:00,1066,77373,1,296.5725,GBP
2010-02-15 00:00:00,2010-02-19 00:00:00,1066,77429,2,593.145,GBP
2010-02-15 00:00:00,2010-02-19 00:00:00,1066,78745,1,296.5725,USD
2010-02-15 00:00:00,2010-02-19 00:00:00,1066,83440,1,296.5725,GBP
2010-02-15 00:00:00,2010-02-19 00:00:00,1066,85283,1,296.5725,USD
2010-02-15 00:00:00,2010-02-19 00:00:00,1066,89108,1,296.5725,USD
2010-02-15 00:00:00,2010-02-19 00:00:00,1066,91792,1,296.5725,USD
2010-02-15 00:00:00,2010-02-19 00:00:00,1066,92020,1,296.5725,USD
2010-02-15 00:00:00,2010-02-19 00:00:00,1066,92317,1,296.5725,USD
2010-02-15 00:00:00,2010-02-19 00:00:00,1066,92399,3,889.7175,USD
2010-02-15 00:00:00,2010-02-19 00:00:00,1066,92530,1,296.5725,USD
2010-02-15 00:00:00,2010-02-19 00:00:00,1066,92801,1,296.5725,GBP
2010-02-15 00:00:00,2010-02-19 00:00:00,1066,92868,1,296.5725,USD
2010-02-15 00:00:00,2010-02-19 00:00:00,1066,93274,5,1482.8625,GBP
2010-02-15 00:00:00,2010-02-19 00:00:00,1066,93614,1,296.5725,GBP
2010-02-15 00:00:00,2010-02-19 00:00:00,1066,94070,2,593.145,USD
2010-02-15 00:00:00,2010-02-19 00:00:00,1066,94509,2,593.145,USD
2010-02-15 00:00:00,2010-02-19 00:00:00,1066,94601,1,296.5725,GBP
2010-02-15 00:00:00,2010-02-19 00:00:00,1066,95336,1,296.5725,GBP
2010-02-15 00:00:00,2010-02-19 00:00:00,1074,06382,1,236.1975,GBP
2010-02-15 00:00:00,2010-02-19 00:00:00,1079,37659,1,262.4475,GBP
2010-02-15 00:00:00,2010-02-19 00:00:00,1079,87301,1,262.4475,GBP
2010-02-15 00:00:00,2010-02-19 00:00:00,1079,90631,1,262.4475,GBP
2010-02-15 00:00:00,2010-02-19 00:00:00,1079,92504,1,262.4475,USD
2010-02-15 00:00:00,2010-02-19 00:00:00,1080,08757,1,262.4475,GBP
2010-02-15 00:00:00,2010-02-19 00:00:00,1080,87301,1,262.4475,GBP
2010-02-15 00:00:00,2010-02-19 00:00:00,1080,89007,1,262.4475,GBP
2010-02-15 00:00:00,2010-02-19 00:00:00,1080,91741,1,262.4475,USD
2010-02-15 00:00:00,2010-02-19 00:00:00,1080,92026,1,262.4475,GBP
2010-02-15 00:00:00,2010-02-19 00:00:00,1080,92376,1,262.4475,USD
2010-02-15 00:00:00,2010-02-19 00:00:00,1080,92843,1,262.4475,GBP
2010-02-15 00:00:00,2010-02-19 00:00:00,1081,37190,1,225.6975,USD
2010-02-15 00:00:00,2010-02-19 00:00:00,1081,40977,1,225.6975,GBP
2010-02-15 00:00:00,2010-02-19 00:00:00,1081,53121,1,225.6975,USD
2010-02-15 00:00:00,2010-02-19 00:00:00,1081,65101,1,225.6975,USD
2010-02-15 00:00:00,2010-02-19 00:00:00,1082,21655,1,225.6975,USD
2010-02-15 00:00:00,2010-02-19 00:00:00,1082,29506,1,225.6975,USD
2010-02-15 00:00:00,2010-02-19 00:00:00,1082,35490,1,225.6975,USD
2010-02-15 00:00:00,2010-02-19 00:00:00,1082,53121,1,225.6975,GBP
2010-02-15 00:00:00,2010-02-19 00:00:00,1082,53121,1,225.6975,USD
2010-02-15 00:00:00,2010-02-19 00:00:00,1105,37172,1,246.6975,USD
2010-02-15 00:00:00,2010-02-19 00:00:00,1105,55051,1,246.6975,GBP
2010-02-15 00:00:00,2010-02-19 00:00:00,1105,85226,1,246.6975,GBP
2010-02-15 00:00:00,2010-02-19 00:00:00,1105,89801,1,246.6975,USD
2010-02-15 00:00:00,2010-02-19 00:00:00,1105,97267,1,246.6975,GBP
2010-02-15 00:00:00,2010-02-19 00:00:00,1105,97504,1,246.6975,GBP
2010-02-15 00:00:00,2010-02-19 00:00:00,1106,01571,1,246.6975,USD
2010-02-15 00:00:00,2010-02-19 00:00:00,1106,59602,1,246.6975,USD
2010-02-15 00:00:00,2010-02-19 00:00:00,1106,91730,1,246.6975,USD
2010-02-15 00:00:00,2010-02-19 00:00:00,1106,93041,1,246.6975,GBP
2010-02-15 00:00:00,2010-02-19 00:00:00,1106,94025,1,246.6975,USD
2010-02-15 00:00:00,2010-02-19 00:00:00,1106,94533,1,246.6975,GBP
2010-02-15 00:00:00,2010-02-19 00:00:00,1108,91935,1,146.9475,GBP
2010-02-15 00:00:00,2010-02-19 00:00:00,1109,47371,1,209.9475,GBP
2010-02-15 00:00:00,2010-02-19 00:00:00,1109,50126,1,209.9475,GBP
2010-02-15 00:00:00,2010-02-19 00:00:00,1109,50230,1,209.9475,GBP
2010-02-15 00:00:00,2010-02-19 00:00:00,1109,64075,1,209.9475,GBP
2010-02-15 00:00:00,2010-02-19 00:00:00,1109,75019,1,209.9475,GBP
2010-02-15 00:00:00,2010-02-19 00:00:00,1109,75082,1,209.9475,GBP
2010-02-15 00:00:00,2010-02-19 00:00:00,1110,06074,1,209.9475,GBP
2010-02-15 00:00:00,2010-02-19 00:00:00,1110,29169,1,209.9475,GBP
2010-02-15 00:00:00,2010-02-19 00:00:00,1110,32068,1,209.9475,USD
2010-02-15 00:00:00,2010-02-19 00:00:00,1110,33483,1,209.9475,GBP
2010-02-15 00:00:00,2010-02-19 00:00:00,1110,34473,1,209.9475,USD
2010-02-15 00:00:00,2010-02-19 00:00:00,1110,73538,1,209.9475,USD
2010-02-15 00:00:00,2010-02-19 00:00:00,1110,86401,1,209.9475,GBP
2010-02-15 00:00:00,2010-02-19 00:00:00,1110,87016,1,209.9475,GBP
2010-02-15 00:00:00,2010-02-19 00:00:00,1110,87042,1,209.9475,GBP
2010-02-15 00:00:00,2010-02-19 00:00:00,1110,87105,1,209.9475,GBP
2010-02-15 00:00:00,2010-02-19 00:00:00,1111,07844,1,116.4975,GBP
2010-02-15 00:00:00,2010-02-19 00:00:00,1111,08070,1,116.4975,GBP
2010-02-15 00:00:00,2010-02-19 00:00:00,1111,32732,1,116.4975,GBP
2010-02-15 00:00:00,2010-02-19 00:00:00,1111,33166,2,232.995,USD
2010-02-15 00:00:00,2010-02-19 00:00:00,1111,34116,1,116.4975,GBP
2010-02-15 00:00:00,2010-02-19 00:00:00,1111,34480,1,116.4975,GBP
2010-02-15 00:00:00,2010-02-19 00:00:00,1111,34711,2,232.995,GBP
2010-02-15 00:00:00,2010-02-19 00:00:00,1111,53149,1,116.4975,GBP
2010-02-15 00:00:00,2010-02-19 00:00:00,1111,74955,1,116.4975,USD
2010-02-15 00:00:00,2010-02-19 00:00:00,1111,85044,1,116.4975,GBP
2010-02-15 00:00:00,2010-02-19 00:00:00,1111,89108,1,116.4975,GBP
2010-02-15 00:00:00,2010-02-19 00:00:00,1111,92555,1,116.4975,GBP
2010-02-15 00:00:00,2010-02-19 00:00:00,1112,07844,1,116.4975,GBP
2010-02-15 00:00:00,2010-02-19 00:00:00,1112,32626,1,116.4975,GBP
2010-02-15 00:00:00,2010-02-19 00:00:00,1112,32732,1,116.4975,USD
2010-02-15 00:00:00,2010-02-19 00:00:00,1112,33525,1,116.4975,USD
2010-02-15 00:00:00,2010-02-19 00:00:00,1112,34480,1,116.4975,GBP
2010-02-15 00:00:00,2010-02-19 00:00:00,1112,46540,1,116.4975,USD
2010-02-15 00:00:00,2010-02-19 00:00:00,1112,53149,1,116.4975,GBP
2010-02-15 00:00:00,2010-02-19 00:00:00,1112,55372,1,116.4975,GBP
2010-02-15 00:00:00,2010-02-19 00:00:00,1112,70775,1,116.4975,GBP
2010-02-15 00:00:00,2010-02-19 00:00:00,1112,84526,1,116.4975,USD
2010-02-15 00:00:00,2010-02-19 00:00:00,1112,89108,1,116.4975,USD
2010-02-15 00:00:00,2010-02-19 00:00:00,1112,89430,1,116.4975,GBP
2010-02-15 00:00:00,2010-02-19 00:00:00,1112,90620,1,116.4975,GBP
2010-02-15 00:00:00,2010-02-19 00:00:00,1116,20639,1,251.9475,GBP
2010-02-15 00:00:00,2010-02-19 00:00:00,1116,36608,1,251.9475,USD
2010-02-15 00:00:00,2010-02-19 00:00:00,1116,37134,1,251.9475,GBP
2010-02-15 00:00:00,2010-02-19 00:00:00,1116,38358,1,251.9475,USD
2010-02-15 00:00:00,2010-02-19 00:00:00,1116,38863,1,251.9475,GBP
2010-02-15 00:00:00,2010-02-19 00:00:00,1116,42724,1,251.9475,GBP
2010-02-15 00:00:00,2010-02-19 00:00:00,1116,46122,1,251.9475,GBP
2010-02-15 00:00:00,2010-02-19 00:00:00,1116,55315,1,251.9475,USD
2010-02-15 00:00:00,2010-02-19 00:00:00,1116,55992,1,251.9475,USD
2010-02-15 00:00:00,2010-02-19 00:00:00,1116,74070,1,251.9475,GBP
2010-02-15 00:00:00,2010-02-19 00:00:00,1116,76028,3,755.8425,GBP
2010-02-15 00:00:00,2010-02-19 00:00:00,1116,76240,1,251.9475,GBP
2010-02-15 00:00:00,2010-02-19 00:00:00,1116,79927,1,251.9475,GBP
2010-02-15 00:00:00,2010-02-19 00:00:00,1116,90277,2,503.895,USD
2010-02-15 00:00:00,2010-02-19 00:00:00,1116,91709,1,251.9475,USD
2010-02-15 00:00:00,2010-02-19 00:00:00,1116,92129,1,251.9475,GBP
2010-02-15 00:00:00,2010-02-19 00:00:00,1116,95481,1,251.9475,USD
2010-02-15 00:00:00,2010-02-19 00:00:00,1116,97236,1,251.9475,GBP
2010-02-15 00:00:00,2010-02-19 00:00:00,1120,29154,1,173.1975,GBP
2010-02-15 00:00:00,2010-02-19 00:00:00,1120,32210,1,173.1975,USD
2010-02-15 00:00:00,2010-02-19 00:00:00,1120,33186,1,173.1975,USD
2010-02-15 00:00:00,2010-02-19 00:00:00,1120,33455,1,173.1975,GBP
2010-02-15 00:00:00,2010-02-19 00:00:00,1120,59718,1,173.1975,GBP
2010-02-15 00:00:00,2010-02-19 00:00:00,1120,83616,1,173.1975,GBP
2010-02-15 00:00:00,2010-02-19 00:00:00,1120,85242,1,173.1975,USD
2010-02-15 00:00:00,2010-02-19 00:00:00,1120,95124,1,173.1975,USD
2010-02-15 00:00:00,2010-02-19 00:00:00,1122,06029,1,157.4475,USD
2010-02-15 00:00:00,2010-02-19 00:00:00,1122,29209,1,157.4475,GBP
2010-02-15 00:00:00,2010-02-19 00:00:00,1122,32766,1,157.4475,USD
2010-02-15 00:00:00,2010-02-19 00:00:00,1122,32812,1,157.4475,GBP
2010-02-15 00:00:00,2010-02-19 00:00:00,1122,33411,1,157.4475,GBP
2010-02-15 00:00:00,2010-02-19 00:00:00,1122,75002,2,314.895,USD
2010-02-15 00:00:00,2010-02-19 00:00:00,1122,82930,1,157.4475,USD
2010-02-15 00:00:00,2010-02-19 00:00:00,1122,83544,1,157.4475,GBP
2010-02-15 00:00:00,2010-02-19 00:00:00,1131,21215,1,419.9475,GBP
2010-02-15 00:00:00,2010-02-19 00:00:00,1131,32179,1,419.9475,GBP
2010-02-15 00:00:00,2010-02-19 00:00:00,1131,63114,1,419.9475,GBP
2010-02-15 00:00:00,2010-02-19 00:00:00,1131,76273,1,419.9475,GBP
2010-02-15 00:00:00,2010-02-19 00:00:00,1131,85746,1,419.9475,USD
2010-02-15 00:00:00,2010-02-19 00:00:00,1131,89108,1,419.9475,GBP
2010-02-15 00:00:00,2010-02-19 00:00:00,1131,92127,1,419.9475,GBP
2010-02-15 00:00:00,2010-02-19 00:00:00,1131,95356,1,419.9475,GBP
2010-02-15 00:00:00,2010-02-19 00:00:00,1131,95376,1,419.9475,GBP
2010-02-15 00:00:00,2010-02-19 00:00:00,1132,33186,1,629.9475,GBP
2010-02-15 00:00:00,2010-02-19 00:00:00,1132,37221,1,629.9475,USD
2010-02-15 00:00:00,2010-02-19 00:00:00,1132,47648,1,629.9475,USD
2010-02-15 00:00:00,2010-02-19 00:00:00,1132,77053,1,629.9475,USD
2010-02-15 00:00:00,2010-02-19 00:00:00,1132,97477,1,629.9475,USD
2010-02-15 00:00:00,2010-02-19 00:00:00,1133,32725,1,629.9475,GBP
2010-02-15 00:00:00,2010-02-19 00:00:00,1133,71454,1,629.9475,GBP
2010-02-15 00:00:00,2010-02-19 00:00:00,1133,79712,1,629.9475,GBP
2010-02-15 00:00:00,2010-02-19 00:00:00,1133,95926,1,629.9475,GBP
2010-02-15 00:00:00,2010-02-19 00:00:00,1150,76099,5,1963.5,GBP
2010-02-15 00:00:00,2010-02-19 00:00:00,1150,90095,1,392.7,GBP
2010-02-15 00:00:00,2010-02-19 00:00:00,1150,95110,4,1570.8,GBP
2010-02-15 00:00:00,2010-02-19 00:00:00,1157,20876,1,377.9475,USD
2010-02-15 00:00:00,2010-02-19 00:00:00,1157,32124,1,377.9475,USD
2010-02-15 00:00:00,2010-02-19 00:00:00,1157,32225,1,377.9475,USD
2010-02-15 00:00:00,2010-02-19 00:00:00,1157,32952,1,377.9475,GBP
2010-02-15 00:00:00,2010-02-19 00:00:00,1157,33143,1,377.9475,GBP
2010-02-15 00:00:00,2010-02-19 00:00:00,1157,33328,1,377.9475,USD
2010-02-15 00:00:00,2010-02-19 00:00:00,1157,37922,1,377.9475,GBP
2010-02-15 00:00:00,2010-02-19 00:00:00,1157,46016,1,377.9475,GBP
2010-02-15 00:00:00,2010-02-19 00:00:00,1157,53020,1,377.9475,USD
2010-02-15 00:00:00,2010-02-19 00:00:00,1157,53227,1,755.895,GBP
2010-02-15 00:00:00,2010-02-19 00:00:00,1157,53227,1,377.9475,USD
2010-02-15 00:00:00,2010-02-19 00:00:00,1157,54703,1,377.9475,USD
2010-02-15 00:00:00,2010-02-19 00:00:00,1157,55337,1,377.9475,USD
2010-02-15 00:00:00,2010-02-19 00:00:00,1157,57350,1,377.9475,USD
2010-02-15 00:00:00,2010-02-19 00:00:00,1157,68005,1,377.9475,GBP
2010-02-15 00:00:00,2010-02-19 00:00:00,1157,70047,1,377.9475,GBP
2010-02-15 00:00:00,2010-02-19 00:00:00,1157,76021,1,377.9475,USD
2010-02-15 00:00:00,2010-02-19 00:00:00,1157,76034,1,377.9475,GBP
2010-02-15 00:00:00,2010-02-19 00:00:00,1157,78758,1,377.9475,GBP
2010-02-15 00:00:00,2010-02-19 00:00:00,1157,86326,1,377.9475,USD
2010-02-15 00:00:00,2010-02-19 00:00:00,1166,32714,1,535.4475,USD
2010-02-15 00:00:00,2010-02-19 00:00:00,1167,78214,1,312.3225,GBP
2010-02-15 00:00:00,2010-02-19 00:00:00,1168,40272,1,367.4475,GBP
2010-02-15 00:00:00,2010-02-19 00:00:00,1168,76134,1,367.4475,GBP
2010-02-15 00:00:00,2010-02-19 00:00:00,1168,77450,1,367.4475,GBP
2010-02-15 00:00:00,2010-02-19 00:00:00,1168,78414,1,367.4475,USD
2010-02-15 00:00:00,2010-02-19 00:00:00,1168,78664,1,367.4475,GBP
2010-02-15 00:00:00,2010-02-19 00:00:00,1168,79925,1,367.4475,GBP
2010-02-15 00:00:00,2010-02-19 00:00:00,1173,08807,1,524.9475,GBP
2010-02-15 00:00:00,2010-02-19 00:00:00,1173,20774,1,524.9475,GBP
2010-02-15 00:00:00,2010-02-19 00:00:00,1173,20851,1,524.9475,GBP
2010-02-15 00:00:00,2010-02-19 00:00:00,1173,21133,1,524.9475,USD
2010-02-15 00:00:00,2010-02-19 00:00:00,1173,32669,1,524.9475,GBP
2010-02-15 00:00:00,2010-02-19 00:00:00,1173,33144,2,1049.895,GBP
2010-02-15 00:00:00,2010-02-19 00:00:00,1173,37717,1,524.9475,USD
2010-02-15 00:00:00,2010-02-19 00:00:00,1173,40361,1,524.9475,GBP
2010-02-15 00:00:00,2010-02-19 00:00:00,1173,67205,1,524.9475,GBP
2010-02-15 00:00:00,2010-02-19 00:00:00,1173,70360,1,524.9475,GBP
2010-02-15 00:00:00,2010-02-19 00:00:00,1173,72076,1,524.9475,GBP
2010-02-15 00:00:00,2010-02-19 00:00:00,1173,77035,1,524.9475,GBP
2010-02-15 00:00:00,2010-02-19 00:00:00,1173,78229,1,524.9475,GBP
2010-02-15 00:00:00,2010-02-19 00:00:00,1173,85215,1,524.9475,GBP
2010-02-15 00:00:00,2010-02-19 00:00:00,1173,85282,1,524.9475,GBP
2010-02-15 00:00:00,2010-02-19 00:00:00,1173,94122,1,524.9475,GBP
2010-02-15 00:00:00,2010-02-19 00:00:00,1173,94402,1,524.9475,GBP
2010-02-15 00:00:00,2010-02-19 00:00:00,1182,35645,1,157.4475,USD
2010-02-15 00:00:00,2010-02-19 00:00:00,1182,38118,1,157.4475,USD
2010-02-15 00:00:00,2010-02-19 00:00:00,1182,53209,1,157.4475,GBP
2010-02-15 00:00:00,2010-02-19 00:00:00,1182,70117,1,157.4475,USD
2010-02-15 00:00:00,2010-02-19 00:00:00,1182,72076,2,314.895,USD
2010-02-15 00:00:00,2010-02-19 00:00:00,1182,74015,1,157.4475,GBP
2010-02-15 00:00:00,2010-02-19 00:00:00,1182,74083,1,157.4475,GBP
2010-02-15 00:00:00,2010-02-19 00:00:00,1182,78586,1,157.4475,USD
2010-02-15 00:00:00,2010-02-19 00:00:00,1182,88101,1,157.4475,USD
2010-02-15 00:00:00,2010-02-19 00:00:00,1182,93103,1,157.4475,GBP
2010-02-15 00:00:00,2010-02-19 00:00:00,1182,93955,1,157.4475,GBP
2010-02-15 00:00:00,2010-02-19 00:00:00,1182,94122,1,157.4475,USD
2010-02-15 00:00:00,2010-02-19 00:00:00,1185,07001,1,419.9475,USD
2010-02-15 00:00:00,2010-02-19 00:00:00,1185,08527,1,419.9475,GBP
2010-02-15 00:00:00,2010-02-19 00:00:00,1185,25401,1,419.9475,USD
2010-02-15 00:00:00,2010-02-19 00:00:00,1185,32826,1,419.9475,USD
2010-02-15 00:00:00,2010-02-19 00:00:00,1185,40213,1,419.9475,GBP
2010-02-15 00:00:00,2010-02-19 00:00:00,1185,46217,1,419.9475,USD
2010-02-15 00:00:00,2010-02-19 00:00:00,1185,47720,1,419.9475,GBP
2010-02-15 00:00:00,2010-02-19 00:00:00,1185,53225,1,1679.79,GBP
2010-02-15 00:00:00,2010-02-19 00:00:00,1185,53225,1,2939.6325000000006,USD
2010-02-15 00:00:00,2010-02-19 00:00:00,1185,70040,1,419.9475,GBP
2010-02-15 00:00:00,2010-02-19 00:00:00,1185,77573,1,419.9475,USD
2010-02-15 00:00:00,2010-02-19 00:00:00,1185,82001,1,419.9475,USD
2010-02-15 00:00:00,2010-02-19 00:00:00,1185,85022,1,419.9475,USD
2010-02-15 00:00:00,2010-02-19 00:00:00,1185,95062,1,419.9475,USD
2010-02-15 00:00:00,2010-02-19 00:00:00,1185,95650,1,419.9475,USD
2010-02-15 00:00:00,2010-02-19 00:00:00,1188,06708,1,472.4475,GBP
2010-02-15 00:00:00,2010-02-19 00:00:00,1188,08901,1,472.4475,USD
2010-02-15 00:00:00,2010-02-19 00:00:00,1188,77080,1,472.4475,USD
2010-02-15 00:00:00,2010-02-19 00:00:00,1188,90048,1,472.4475,GBP
2010-02-15 00:00:00,2010-02-19 00:00:00,1188,90501,1,467.1975,USD
2010-02-15 00:00:00,2010-02-19 00:00:00,1188,92055,1,472.4475,GBP
2010-02-15 00:00:00,2010-02-19 00:00:00,1188,92376,1,472.4475,GBP
2010-02-15 00:00:00,2010-02-19 00:00:00,1188,95133,1,472.4475,USD
2010-02-15 00:00:00,2010-02-19 00:00:00,1191,29679,1,257.1975,GBP
2010-02-15 00:00:00,2010-02-19 00:00:00,1191,32424,1,262.4475,USD
2010-02-15 00:00:00,2010-02-19 00:00:00,1191,65081,1,262.4475,USD
2010-02-15 00:00:00,2010-02-19 00:00:00,1191,85303,1,262.4475,USD
2010-02-15 00:00:00,2010-02-19 00:00:00,1191,89128,1,262.4475,USD
2010-02-15 00:00:00,2010-02-19 00:00:00,1191,92278,1,262.4475,GBP
2010-02-15 00:00:00,2010-02-19 00:00:00,1203,07628,1,314.9475,GBP
2010-02-15 00:00:00,2010-02-19 00:00:00,1204,29712,1,419.9475,GBP
2010-02-15 00:00:00,2010-02-19 00:00:00,1204,32506,1,419.9475,GBP
2010-02-15 00:00:00,2010-02-19 00:00:00,1204,33917,1,419.9475,GBP
2010-02-15 00:00:00,2010-02-19 00:00:00,1204,35758,1,419.9475,USD
2010-02-15 00:00:00,2010-02-19 00:00:00,1204,77381,1,419.9475,GBP
2010-02-15 00:00:00,2010-02-19 00:00:00,1206,63122,1,509.1975,GBP
2010-02-15 00:00:00,2010-02-19 00:00:00,1206,94133,1,509.1975,USD
2010-02-15 00:00:00,2010-02-19 00:00:00,1215,29936,1,356.9475,GBP
2010-02-15 00:00:00,2010-02-19 00:00:00,1215,38583,1,356.9475,GBP
2010-02-15 00:00:00,2010-02-19 00:00:00,1215,47715,1,356.9475,USD
2010-02-15 00:00:00,2010-02-19 00:00:00,1215,55316,1,356.9475,GBP
2010-02-15 00:00:00,2010-02-19 00:00:00,1215,64037,1,356.9475,GBP
2010-02-15 00:00:00,2010-02-19 00:00:00,1225,70726,1,236.1975,GBP
2010-02-15 00:00:00,2010-02-19 00:00:00,1225,72756,1,236.1975,USD
2010-02-15 00:00:00,2010-02-19 00:00:00,1227,32738,1,314.9475,GBP
2010-02-15 00:00:00,2010-02-19 00:00:00,1227,33624,1,314.9475,USD
2010-02-15 00:00:00,2010-02-19 00:00:00,1227,33912,1,314.9475,GBP
2010-02-15 00:00:00,2010-02-19 00:00:00,1227,37412,1,314.9475,USD
2010-02-15 00:00:00,2010-02-19 00:00:00,1227,67010,1,335.9475,USD
2010-02-15 00:00:00,2010-02-19 00:00:00,1227,72855,1,314.9475,GBP
2010-02-15 00:00:00,2010-02-19 00:00:00,1227,85215,1,314.9475,GBP
2010-02-15 00:00:00,2010-02-19 00:00:00,1227,89110,1,314.9475,USD
2010-02-15 00:00:00,2010-02-19 00:00:00,1229,37920,1,236.1975,GBP
2010-02-15 00:00:00,2010-02-19 00:00:00,1230,02351,1,519.6975,USD
2010-02-15 00:00:00,2010-02-19 00:00:00,1230,02766,1,519.6975,GBP
2010-02-15 00:00:00,2010-02-19 00:00:00,1230,08861,1,519.6975,USD
2010-02-15 00:00:00,2010-02-19 00:00:00,1230,29712,1,519.6975,GBP
2010-02-15 00:00:00,2010-02-19 00:00:00,1230,33444,1,519.6975,USD
2010-02-15 00:00:00,2010-02-19 00:00:00,1230,33914,1,519.6975,GBP
2010-02-15 00:00:00,2010-02-19 00:00:00,1230,35950,1,524.9475,USD
2010-02-15 00:00:00,2010-02-19 00:00:00,1230,47119,1,524.9475,GBP
2010-02-15 00:00:00,2010-02-19 00:00:00,1230,47805,1,1049.895,GBP
2010-02-15 00:00:00,2010-02-19 00:00:00,1230,47805,1,1049.895,USD
2010-02-15 00:00:00,2010-02-19 00:00:00,1230,50321,1,524.9475,GBP
2010-02-15 00:00:00,2010-02-19 00:00:00,1230,50321,1,524.9475,USD
2010-02-15 00:00:00,2010-02-19 00:00:00,1230,57717,1,519.6975,GBP
2010-02-15 00:00:00,2010-02-19 00:00:00,1230,65109,1,519.6975,USD
2010-02-15 00:00:00,2010-02-19 00:00:00,1230,67212,1,519.6975,GBP
2010-02-15 00:00:00,2010-02-19 00:00:00,1230,68073,1,519.6975,GBP
2010-02-15 00:00:00,2010-02-19 00:00:00,1230,77305,1,519.6975,GBP
2010-02-15 00:00:00,2010-02-19 00:00:00,1230,91767,1,519.6975,GBP
2010-02-15 00:00:00,2010-02-19 00:00:00,1238,97439,1,333.27,GBP
2010-02-15 00:00:00,2010-02-19 00:00:00,1298,77024,1,346.395,GBP
2010-02-15 00:00:00,2010-02-19 00:00:00,1298,86004,1,346.395,GBP
2010-02-15 00:00:00,2010-02-19 00:00:00,1298,92127,1,346.395,GBP
2010-02-15 00:00:00,2010-02-19 00:00:00,1317,33166,1,307.02,USD
2010-02-15 00:00:00,2010-02-19 00:00:00,1318,75791,1,307.02,GBP
2010-02-15 00:00:00,2010-02-19 00:00:00,1329,20659,1,92.82,USD
2010-02-15 00:00:00,2010-02-19 00:00:00,1329,21043,1,92.82,USD
2010-02-15 00:00:00,2010-02-19 00:00:00,1329,29369,1,92.82,GBP
2010-02-15 00:00:00,2010-02-19 00:00:00,1329,34610,1,92.82,USD
2010-02-15 00:00:00,2010-02-19 00:00:00,1329,55008,1,92.82,USD
2010-02-15 00:00:00,2010-02-19 00:00:00,1329,92373,1,92.82,GBP
2010-02-15 00:00:00,2010-02-19 00:00:00,1329,93311,1,91.77,GBP
2010-02-15 00:00:00,2010-02-19 00:00:00,1329,95924,1,92.82,USD
2010-02-15 00:00:00,2010-02-19 00:00:00,1330,29073,1,92.82,GBP
2010-02-15 00:00:00,2010-02-19 00:00:00,1330,29369,1,92.82,USD
2010-02-15 00:00:00,2010-02-19 00:00:00,1330,34668,1,92.82,GBP
2010-02-15 00:00:00,2010-02-19 00:00:00,1330,59701,1,92.82,USD
2010-02-15 00:00:00,2010-02-19 00:00:00,1330,91020,1,91.77,GBP
2010-02-15 00:00:00,2010-02-19 00:00:00,1330,92373,1,92.82,USD
2010-02-15 00:00:00,2010-02-19 00:00:00,1330,95336,1,91.77,USD
2010-02-15 00:00:00,2010-02-19 00:00:00,1345,65714,1,304.395,GBP
2010-02-15 00:00:00,2010-02-19 00:00:00,1345,97070,1,304.395,USD
2010-02-15 00:00:00,2010-02-19 00:00:00,1346,71854,1,304.395,GBP
2010-02-15 00:00:00,2010-02-19 00:00:00,1347,47918,1,598.29,GBP
2010-02-15 00:00:00,2010-02-19 00:00:00,1347,78729,1,299.145,GBP
2010-02-15 00:00:00,2010-02-19 00:00:00,1347,92832,1,299.145,GBP
2010-02-15 00:00:00,2010-02-19 00:00:00,1348,47918,1,897.435,GBP
2010-02-15 00:00:00,2010-02-19 00:00:00,1348,47918,1,299.145,USD
2010-02-15 00:00:00,2010-02-19 00:00:00,1348,75028,1,299.145,USD
2010-02-15 00:00:00,2010-02-19 00:00:00,1348,78729,1,299.145,USD
2010-02-15 00:00:00,2010-02-19 00:00:00,1351,72837,1,309.645,USD
2010-02-15 00:00:00,2010-02-19 00:00:00,1351,75442,1,309.645,GBP
2010-02-15 00:00:00,2010-02-19 00:00:00,1352,34109,1,309.645,GBP
2010-02-15 00:00:00,2010-02-19 00:00:00,1352,75442,1,309.645,GBP
2010-02-15 00:00:00,2010-02-19 00:00:00,1352,93550,1,309.645,USD
2010-02-15 00:00:00,2010-02-19 00:00:00,1379,74343,1,314.895,GBP
2010-02-15 00:00:00,2010-02-19 00:00:00,1379,83402,1,314.895,USD
2010-02-15 00:00:00,2010-02-19 00:00:00,1379,85203,1,314.895,GBP
2010-02-15 00:00:00,2010-02-19 00:00:00,1380,92630,1,314.895,USD
2010-02-15 00:00:00,2010-02-19 00:00:00,1380,93550,1,314.895,USD
2010-02-15 00:00:00,2010-02-19 00:00:00,1425,37725,1,286.02,GBP
2010-02-15 00:00:00,2010-02-19 00:00:00,1425,51503,1,286.02,GBP
2010-02-15 00:00:00,2010-02-19 00:00:00,1426,29642,1,286.02,USD
2010-02-15 00:00:00,2010-02-19 00:00:00,1426,33166,1,286.02,USD
2010-02-15 00:00:00,2010-02-19 00:00:00,1426,51503,1,286.02,USD
2010-02-15 00:00:00,2010-02-19 00:00:00,1429,01077,1,283.395,USD
2010-02-15 00:00:00,2010-02-19 00:00:00,1429,73064,1,283.395,USD
2010-02-15 00:00:00,2010-02-19 00:00:00,1430,76018,1,283.395,USD
2010-02-15 00:00:00,2010-02-19 00:00:00,1435,73013,1,312.27,GBP
2010-02-15 00:00:00,2010-02-19 00:00:00,1435,78641,1,312.27,GBP
2010-02-15 00:00:00,2010-02-19 00:00:00,1436,06281,1,312.27,GBP
2010-02-15 00:00:00,2010-02-19 00:00:00,1436,87109,1,312.27,USD
2010-02-15 00:00:00,2010-02-19 00:00:00,1436,94107,1,312.27,USD
2010-02-15 00:00:00,2010-02-19 00:00:00,1449,77429,1,118.02,GBP
2010-02-15 00:00:00,2010-02-19 00:00:00,1449,82070,1,118.02,USD
2010-02-15 00:00:00,2010-02-19 00:00:00,1449,85028,1,118.02,USD
2010-02-15 00:00:00,2010-02-19 00:00:00,1449,85621,1,118.02,GBP
2010-02-15 00:00:00,2010-02-19 00:00:00,1449,95546,1,118.02,GBP
2010-02-15 00:00:00,2010-02-19 00:00:00,1450,01501,1,118.02,GBP
2010-02-15 00:00:00,2010-02-19 00:00:00,1450,33166,1,118.02,GBP
2010-02-15 00:00:00,2010-02-19 00:00:00,1450,72103,1,118.02,USD
2010-02-15 00:00:00,2010-02-19 00:00:00,1450,77429,1,118.02,USD
2010-02-15 00:00:00,2010-02-19 00:00:00,1450,92143,1,118.02,GBP
2010-02-15 00:00:00,2010-02-19 00:00:00,1477,53227,1,317.52,GBP
2010-02-15 00:00:00,2010-02-19 00:00:00,1477,53227,1,952.56,USD
2010-02-15 00:00:00,2010-02-19 00:00:00,1477,84624,1,317.52,GBP
2010-02-15 00:00:00,2010-02-19 00:00:00,1478,53227,1,317.52,GBP
2010-02-15 00:00:00,2010-02-19 00:00:00,1478,53227,1,952.56,USD
2010-02-15 00:00:00,2010-02-19 00:00:00,1478,84655,1,317.52,USD
2010-02-15 00:00:00,2010-02-19 00:00:00,1478,97131,1,317.52,USD
2010-02-15 00:00:00,2010-02-19 00:00:00,1489,37617,1,262.395,GBP
2010-02-15 00:00:00,2010-02-19 00:00:00,1489,84770,1,262.395,GBP
2010-02-15 00:00:00,2010-02-19 00:00:00,1515,92054,1,333.27,GBP
2010-02-15 00:00:00,2010-02-19 00:00:00,1517,06234,2,283.29,GBP
2010-02-15 00:00:00,2010-02-19 00:00:00,1517,35094,1,141.645,GBP
2010-02-15 00:00:00,2010-02-19 00:00:00,1517,92324,1,141.645,GBP
2010-02-15 00:00:00,2010-02-19 00:00:00,1517,92345,1,141.645,USD
2010-02-15 00:00:00,2010-02-19 00:00:00,1518,56143,1,141.645,GBP
2010-02-15 00:00:00,2010-02-19 00:00:00,1518,66048,1,141.645,GBP
2010-02-15 00:00:00,2010-02-19 00:00:00,1518,74955,1,141.645,GBP
2010-02-15 00:00:00,2010-02-19 00:00:00,1518,77547,1,141.645,USD
2010-02-15 00:00:00,2010-02-19 00:00:00,1518,87047,1,141.645,GBP
2010-02-15 00:00:00,2010-02-19 00:00:00,1518,89102,1,141.645,USD
2010-02-15 00:00:00,2010-02-19 00:00:00,1518,92122,1,141.645,USD
2010-02-15 00:00:00,2010-02-19 00:00:00,1518,92311,1,141.645,USD
2010-02-15 00:00:00,2010-02-19 00:00:00,1535,92345,1,309.645,USD
2010-02-15 00:00:00,2010-02-19 00:00:00,1553,78666,1,340.095,GBP
2010-02-15 00:00:00,2010-02-19 00:00:00,1641,76656,1,70.77,USD
2010-02-15 00:00:00,2010-02-19 00:00:00,1894,08215,1,682.2375,GBP
2010-02-15 00:00:00,2010-02-19 00:00:00,1894,32119,1,682.2375,GBP
2010-02-15 00:00:00,2010-02-19 00:00:00,1894,46217,1,682.2375,USD
2010-02-15 00:00:00,2010-02-19 00:00:00,1894,46236,1,682.2375,USD
2010-02-15 00:00:00,2010-02-19 00:00:00,1894,47401,1,682.2375,GBP
2010-02-15 00:00:00,2010-02-19 00:00:00,1894,50265,1,682.2375,GBP
2010-02-15 00:00:00,2010-02-19 00:00:00,1894,52501,1,682.2375,GBP
2010-02-15 00:00:00,2010-02-19 00:00:00,1894,54701,1,682.2375,GBP
2010-02-15 00:00:00,2010-02-19 00:00:00,1894,56636,1,682.2375,USD
2010-02-15 00:00:00,2010-02-19 00:00:00,1894,63383,1,682.2375,GBP
2010-02-15 00:00:00,2010-02-19 00:00:00,1894,77511,1,682.2375,USD
2010-02-15 00:00:00,2010-02-19 00:00:00,1894,84321,1,682.2375,GBP
2010-02-15 00:00:00,2010-02-19 00:00:00,1909,77007,1,199.4475,USD
2010-02-15 00:00:00,2010-02-19 00:00:00,1909,84312,2,398.895,USD
2010-02-15 00:00:00,2010-02-19 00:00:00,1909,92868,1,199.4475,USD
2010-02-15 00:00:00,2010-02-19 00:00:00,1909,93662,1,199.4475,USD
2010-02-15 00:00:00,2010-02-19 00:00:00,1911,26431,1,244.0725,USD
2010-02-15 00:00:00,2010-02-19 00:00:00,1911,32084,1,244.0725,USD
2010-02-15 00:00:00,2010-02-19 00:00:00,1911,33635,1,241.4475,GBP
2010-02-15 00:00:00,2010-02-19 00:00:00,1911,37086,1,244.0725,USD
2010-02-15 00:00:00,2010-02-19 00:00:00,1911,64034,1,244.0725,GBP
2010-02-15 00:00:00,2010-02-19 00:00:00,1911,66223,1,244.0725,USD
2010-02-15 00:00:00,2010-02-19 00:00:00,1911,85302,1,244.0725,USD
2010-02-15 00:00:00,2010-02-19 00:00:00,1911,89316,1,244.0725,USD
2010-02-15 00:00:00,2010-02-19 00:00:00,1911,91910,1,244.0725,USD
2010-02-15 00:00:00,2010-02-19 00:00:00,1911,93292,1,244.0725,USD
2010-02-15 00:00:00,2010-02-19 00:00:00,1911,94102,1,244.0725,USD
2010-02-15 00:00:00,2010-02-19 00:00:00,1911,96080,1,244.0725,USD
2010-02-15 00:00:00,2010-02-19 00:00:00,1920,08723,1,280.8225,GBP
2010-02-15 00:00:00,2010-02-19 00:00:00,1920,25674,1,280.8225,USD
2010-02-15 00:00:00,2010-02-19 00:00:00,1920,36527,1,280.8225,GBP
2010-02-15 00:00:00,2010-02-19 00:00:00,1920,85012,1,280.8225,GBP
2010-02-15 00:00:00,2010-02-19 00:00:00,1920,91001,1,280.8225,USD
2010-02-15 00:00:00,2010-02-19 00:00:00,1920,91784,1,280.8225,USD
2010-02-15 00:00:00,2010-02-19 00:00:00,1920,92105,1,280.8225,USD
2010-02-15 00:00:00,2010-02-19 00:00:00,1920,94564,1,280.8225,GBP
2010-02-15 00:00:00,2010-02-19 00:00:00,1930,93401,1,283.4475,USD
2010-02-15 00:00:00,2010-02-19 00:00:00,1931,35125,1,286.0725,USD
2010-02-15 00:00:00,2010-02-19 00:00:00,1931,92377,1,286.0725,USD
2010-02-15 00:00:00,2010-02-19 00:00:00,1948,01230,1,296.5725,USD
2010-02-15 00:00:00,2010-02-19 00:00:00,1948,02840,1,296.5725,USD
2010-02-15 00:00:00,2010-02-19 00:00:00,1948,21206,1,296.5725,GBP
2010-02-15 00:00:00,2010-02-19 00:00:00,1948,33615,1,296.5725,GBP
2010-02-15 00:00:00,2010-02-19 00:00:00,1948,38368,1,296.5725,GBP
2010-02-15 00:00:00,2010-02-19 00:00:00,1948,40336,1,296.5725,USD
2010-02-15 00:00:00,2010-02-19 00:00:00,1948,47515,1,296.5725,USD
2010-02-15 00:00:00,2010-02-19 00:00:00,1948,53147,2,593.145,USD
2010-02-15 00:00:00,2010-02-19 00:00:00,1948,64850,1,296.5725,USD
2010-02-15 00:00:00,2010-02-19 00:00:00,1948,65714,1,296.5725,USD
2010-02-15 00:00:00,2010-02-19 00:00:00,1948,75080,1,296.5725,USD
2010-02-15 00:00:00,2010-02-19 00:00:00,1948,79109,1,296.5725,USD
2010-02-15 00:00:00,2010-02-19 00:00:00,1948,91701,1,296.5725,GBP
2010-02-15 00:00:00,2010-02-19 00:00:00,1948,92284,1,296.5725,GBP
2010-02-15 00:00:00,2010-02-19 00:00:00,1948,92653,1,296.5725,GBP
2010-02-15 00:00:00,2010-02-19 00:00:00,1948,94306,1,296.5725,GBP
2010-02-15 00:00:00,2010-02-19 00:00:00,1948,95242,1,296.5725,USD
2010-02-15 00:00:00,2010-02-19 00:00:00,1948,97119,1,296.5725,USD
2010-02-15 00:00:00,2010-02-19 00:00:00,1949,03451,1,296.5725,USD
2010-02-15 00:00:00,2010-02-19 00:00:00,1949,08055,1,296.5725,USD
2010-02-15 00:00:00,2010-02-19 00:00:00,1949,84332,1,296.5725,GBP
2010-02-15 00:00:00,2010-02-19 00:00:00,1949,85307,1,296.5725,GBP
2010-02-15 00:00:00,2010-02-19 00:00:00,1949,85364,3,889.7175,USD
2010-02-15 00:00:00,2010-02-19 00:00:00,1949,92653,1,296.5725,USD
2010-02-15 00:00:00,2010-02-19 00:00:00,1949,94550,1,296.5725,USD
2010-02-15 00:00:00,2010-02-19 00:00:00,1949,95338,1,296.5725,USD
2010-02-15 00:00:00,2010-02-19 00:00:00,1956,06060,1,153.7725,GBP
2010-02-15 00:00:00,2010-02-19 00:00:00,1956,32254,1,153.7725,GBP
2010-02-15 00:00:00,2010-02-19 00:00:00,1956,33139,1,153.7725,USD
2010-02-15 00:00:00,2010-02-19 00:00:00,1956,38343,1,153.7725,GBP
2010-02-15 00:00:00,2010-02-19 00:00:00,1956,46383,2,307.545,GBP
2010-02-15 00:00:00,2010-02-19 00:00:00,1956,46514,1,615.09,GBP
2010-02-15 00:00:00,2010-02-19 00:00:00,1956,84036,1,153.7725,GBP
2010-02-15 00:00:00,2010-02-19 00:00:00,1956,85024,1,153.7725,USD
2010-02-15 00:00:00,2010-02-19 00:00:00,1956,97119,1,153.7725,GBP
2010-02-15 00:00:00,2010-02-19 00:00:00,1956,97497,1,153.7725,GBP
2010-02-15 00:00:00,2010-02-19 00:00:00,1957,06071,1,152.1975,GBP
2010-02-15 00:00:00,2010-02-19 00:00:00,1957,32254,1,153.7725,GBP
2010-02-15 00:00:00,2010-02-19 00:00:00,1957,32266,1,153.7725,USD
2010-02-15 00:00:00,2010-02-19 00:00:00,1957,33139,1,153.7725,USD
2010-02-15 00:00:00,2010-02-19 00:00:00,1957,46514,1,768.8625000000001,GBP
2010-02-15 00:00:00,2010-02-19 00:00:00,1957,46514,1,461.3175,USD
2010-02-15 00:00:00,2010-02-19 00:00:00,1957,59602,1,153.7725,GBP
2010-02-15 00:00:00,2010-02-19 00:00:00,1957,93637,1,153.7725,GBP
2010-02-15 00:00:00,2010-02-19 00:00:00,1957,97497,1,153.7725,GBP
2010-02-15 00:00:00,2010-02-19 00:00:00,1960,33030,1,97.0725,GBP
2010-02-15 00:00:00,2010-02-19 00:00:00,1960,90275,1,97.0725,GBP
2010-02-15 00:00:00,2010-02-19 00:00:00,1960,91360,1,97.0725,USD
2010-02-15 00:00:00,2010-02-19 00:00:00,1961,73013,1,97.0725,USD
2010-02-15 00:00:00,2010-02-19 00:00:00,1961,91360,1,97.0725,USD
2010-02-15 00:00:00,2010-02-19 00:00:00,1968,91605,1,238.8225,USD
2010-02-15 00:00:00,2010-02-19 00:00:00,1968,95691,1,238.8225,USD
2010-02-15 00:00:00,2010-02-19 00:00:00,1969,02703,1,238.8225,USD
2010-02-15 00:00:00,2010-02-19 00:00:00,1969,79545,1,238.8225,USD
2010-02-15 00:00:00,2010-02-19 00:00:00,1969,92501,1,238.8225,GBP
2010-02-15 00:00:00,2010-02-19 00:00:00,1969,92567,1,238.8225,GBP
2010-02-15 00:00:00,2010-02-19 00:00:00,1969,94588,1,236.1975,GBP
2010-02-15 00:00:00,2010-02-19 00:00:00,1974,01057,1,52.4475,USD
2010-02-15 00:00:00,2010-02-19 00:00:00,1974,07874,1,52.4475,USD
2010-02-15 00:00:00,2010-02-19 00:00:00,1974,33183,1,52.4475,USD
2010-02-15 00:00:00,2010-02-19 00:00:00,1974,37371,1,52.4475,GBP
2010-02-15 00:00:00,2010-02-19 00:00:00,1974,47042,1,52.4475,USD
2010-02-15 00:00:00,2010-02-19 00:00:00,1974,53121,1,104.895,GBP
2010-02-15 00:00:00,2010-02-19 00:00:00,1974,55040,1,52.4475,USD
2010-02-15 00:00:00,2010-02-19 00:00:00,1974,55075,1,52.4475,GBP
2010-02-15 00:00:00,2010-02-19 00:00:00,1974,64138,1,52.4475,USD
2010-02-15 00:00:00,2010-02-19 00:00:00,1974,72823,1,52.4475,USD
2010-02-15 00:00:00,2010-02-19 00:00:00,1974,77066,1,52.4475,GBP
2010-02-15 00:00:00,2010-02-19 00:00:00,1974,77705,1,52.4475,USD
2010-02-15 00:00:00,2010-02-19 00:00:00,1974,77706,1,52.4475,USD
2010-02-15 00:00:00,2010-02-19 00:00:00,1974,78408,3,157.3425,USD
2010-02-15 00:00:00,2010-02-19 00:00:00,1974,79706,1,52.4475,GBP
2010-02-15 00:00:00,2010-02-19 00:00:00,1974,89108,1,52.4475,GBP
2010-02-15 00:00:00,2010-02-19 00:00:00,1974,91790,1,52.4475,USD
2010-02-15 00:00:00,2010-02-19 00:00:00,1975,19734,1,52.4475,USD
2010-02-15 00:00:00,2010-02-19 00:00:00,1975,21047,1,52.4475,USD
2010-02-15 00:00:00,2010-02-19 00:00:00,1975,33183,1,52.4475,USD
2010-02-15 00:00:00,2010-02-19 00:00:00,1975,33810,1,52.4475,USD
2010-02-15 00:00:00,2010-02-19 00:00:00,1975,37055,1,52.4475,USD
2010-02-15 00:00:00,2010-02-19 00:00:00,1975,37079,1,52.4475,USD
2010-02-15 00:00:00,2010-02-19 00:00:00,1975,47042,1,52.4475,USD
2010-02-15 00:00:00,2010-02-19 00:00:00,1975,53121,1,104.895,GBP
2010-02-15 00:00:00,2010-02-19 00:00:00,1975,53121,1,104.895,USD
2010-02-15 00:00:00,2010-02-19 00:00:00,1975,72823,1,52.4475,USD
2010-02-15 00:00:00,2010-02-19 00:00:00,1975,77469,1,52.4475,USD
2010-02-15 00:00:00,2010-02-19 00:00:00,1975,77572,1,52.4475,GBP
2010-02-15 00:00:00,2010-02-19 00:00:00,1975,85268,1,52.4475,USD
2010-02-15 00:00:00,2010-02-19 00:00:00,1975,91766,1,52.4475,USD
2010-02-15 00:00:00,2010-02-19 00:00:00,1975,94954,1,52.4475,GBP
2010-02-15 00:00:00,2010-02-19 00:00:00,1975,95135,1,52.4475,USD
2010-02-15 00:00:00,2010-02-19 00:00:00,1978,32091,1,257.1975,USD
2010-02-15 00:00:00,2010-02-19 00:00:00,1978,84770,1,257.1975,USD
2010-02-15 00:00:00,2010-02-19 00:00:00,1979,35007,1,257.1975,USD
2010-02-15 00:00:00,2010-02-19 00:00:00,1979,97504,1,254.5725,GBP
2010-02-15 00:00:00,2010-02-19 00:00:00,1990,01236,1,257.1975,GBP
2010-02-15 00:00:00,2010-02-19 00:00:00,1990,33024,2,514.395,USD
2010-02-15 00:00:00,2010-02-19 00:00:00,1990,38316,1,257.1975,USD
2010-02-15 00:00:00,2010-02-19 00:00:00,1990,46514,1,1543.185,GBP
2010-02-15 00:00:00,2010-02-19 00:00:00,1990,46514,1,514.395,USD
2010-02-15 00:00:00,2010-02-19 00:00:00,1990,67214,1,257.1975,USD
2010-02-15 00:00:00,2010-02-19 00:00:00,1990,73099,1,257.1975,USD
2010-02-15 00:00:00,2010-02-19 00:00:00,1990,73644,1,257.1975,USD
2010-02-15 00:00:00,2010-02-19 00:00:00,1990,75206,1,257.1975,USD
2010-02-15 00:00:00,2010-02-19 00:00:00,1990,78664,1,257.1975,USD
2010-02-15 00:00:00,2010-02-19 00:00:00,2005,73150,1,299.1975,GBP
2010-02-15 00:00:00,2010-02-19 00:00:00,2005,77503,1,299.1975,USD
2010-02-15 00:00:00,2010-02-19 00:00:00,2005,78231,1,299.1975,GBP
2010-02-15 00:00:00,2010-02-19 00:00:00,2005,95446,2,603.645,GBP
2010-02-15 00:00:00,2010-02-19 00:00:00,2012,06457,1,377.9475,GBP
2010-02-15 00:00:00,2010-02-19 00:00:00,2012,19943,1,377.9475,GBP
2010-02-15 00:00:00,2010-02-19 00:00:00,2012,32825,1,377.9475,GBP
2010-02-15 00:00:00,2010-02-19 00:00:00,2012,33496,1,377.9475,GBP
2010-02-15 00:00:00,2010-02-19 00:00:00,2012,50126,1,372.6975,GBP
2010-02-15 00:00:00,2010-02-19 00:00:00,2012,70647,1,377.9475,GBP
2010-02-15 00:00:00,2010-02-19 00:00:00,2012,70785,1,377.9475,GBP
2010-02-15 00:00:00,2010-02-19 00:00:00,2012,76086,1,377.9475,USD
2010-02-15 00:00:00,2010-02-19 00:00:00,2012,77081,1,377.9475,USD
2010-02-15 00:00:00,2010-02-19 00:00:00,2012,91350,1,377.9475,GBP
2010-02-15 00:00:00,2010-02-19 00:00:00,2012,91770,1,377.9475,USD
2010-02-15 00:00:00,2010-02-19 00:00:00,2016,20032,1,299.1975,USD
2010-02-15 00:00:00,2010-02-19 00:00:00,2016,20817,1,299.1975,USD
2010-02-15 00:00:00,2010-02-19 00:00:00,2016,32808,1,299.1975,USD
2010-02-15 00:00:00,2010-02-19 00:00:00,2016,78230,1,299.1975,USD
2010-02-15 00:00:00,2010-02-19 00:00:00,2016,85377,1,299.1975,GBP
2010-02-15 00:00:00,2010-02-19 00:00:00,2032,32308,1,223.0725,USD
2010-02-15 00:00:00,2010-02-19 00:00:00,2032,33313,1,223.0725,USD
2010-02-15 00:00:00,2010-02-19 00:00:00,2032,92780,1,220.4475,USD
2010-02-15 00:00:00,2010-02-19 00:00:00,2045,02537,1,409.4475,GBP
2010-02-15 00:00:00,2010-02-19 00:00:00,2045,02719,1,409.4475,GBP
2010-02-15 00:00:00,2010-02-19 00:00:00,2045,06770,1,409.4475,GBP
2010-02-15 00:00:00,2010-02-19 00:00:00,2045,07047,1,409.4475,GBP
2010-02-15 00:00:00,2010-02-19 00:00:00,2045,20832,1,409.4475,GBP
2010-02-15 00:00:00,2010-02-19 00:00:00,2045,21783,1,409.4475,GBP
2010-02-15 00:00:00,2010-02-19 00:00:00,2045,29841,1,409.4475,GBP
2010-02-15 00:00:00,2010-02-19 00:00:00,2045,32824,1,409.4475,GBP
2010-02-15 00:00:00,2010-02-19 00:00:00,2045,33172,1,409.4475,GBP
2010-02-15 00:00:00,2010-02-19 00:00:00,2045,33761,1,409.4475,GBP
2010-02-15 00:00:00,2010-02-19 00:00:00,2045,33809,1,409.4475,GBP
2010-02-15 00:00:00,2010-02-19 00:00:00,2045,35673,1,409.4475,USD
2010-02-15 00:00:00,2010-02-19 00:00:00,2045,40272,1,409.4475,GBP
2010-02-15 00:00:00,2010-02-19 00:00:00,2045,53533,1,409.4475,USD
2010-02-15 00:00:00,2010-02-19 00:00:00,2045,57702,1,409.4475,GBP
2010-02-15 00:00:00,2010-02-19 00:00:00,2045,63011,1,409.4475,USD
2010-02-15 00:00:00,2010-02-19 00:00:00,2045,70117,1,409.4475,USD
2010-02-15 00:00:00,2010-02-19 00:00:00,2045,72762,1,409.4475,USD
2010-02-15 00:00:00,2010-02-19 00:00:00,2045,79045,1,409.4475,USD
2010-02-15 00:00:00,2010-02-19 00:00:00,2045,89406,1,409.4475,GBP
2010-02-15 00:00:00,2010-02-19 00:00:00,2045,91766,1,409.4475,GBP
2010-02-15 00:00:00,2010-02-19 00:00:00,2047,29506,1,377.9475,USD
2010-02-15 00:00:00,2010-02-19 00:00:00,2047,36330,1,377.9475,GBP
2010-02-15 00:00:00,2010-02-19 00:00:00,2047,37042,1,377.9475,GBP
2010-02-15 00:00:00,2010-02-19 00:00:00,2047,39211,1,377.9475,USD
2010-02-15 00:00:00,2010-02-19 00:00:00,2047,77063,1,377.9475,USD
2010-02-15 00:00:00,2010-02-19 00:00:00,2047,93041,1,377.9475,USD
2010-02-15 00:00:00,2010-02-19 00:00:00,2047,93277,1,377.9475,USD
2010-02-15 00:00:00,2010-02-19 00:00:00,2047,95404,1,372.6975,USD
2010-02-15 00:00:00,2010-02-19 00:00:00,2047,95678,1,377.9475,USD
2010-02-15 00:00:00,2010-02-19 00:00:00,2048,75234,1,477.6975,USD
2010-02-15 00:00:00,2010-02-19 00:00:00,2050,07111,1,498.6975,USD
2010-02-15 00:00:00,2010-02-19 00:00:00,2050,29532,1,498.6975,GBP
2010-02-15 00:00:00,2010-02-19 00:00:00,2050,32708,1,498.6975,USD
2010-02-15 00:00:00,2010-02-19 00:00:00,2050,39206,1,498.6975,USD
2010-02-15 00:00:00,2010-02-19 00:00:00,2050,39532,1,498.6975,USD
2010-02-15 00:00:00,2010-02-19 00:00:00,2050,40324,1,498.6975,USD
2010-02-15 00:00:00,2010-02-19 00:00:00,2050,70126,1,498.6975,GBP
2010-02-15 00:00:00,2010-02-19 00:00:00,2050,71028,1,498.6975,USD
2010-02-15 00:00:00,2010-02-19 00:00:00,2050,90501,1,498.6975,USD
2010-02-15 00:00:00,2010-02-19 00:00:00,2050,92057,1,498.6975,GBP
2010-02-15 00:00:00,2010-02-19 00:00:00,2050,92124,1,498.6975,USD
2010-02-15 00:00:00,2010-02-19 00:00:00,2050,93003,1,498.6975,USD
2010-02-15 00:00:00,2010-02-19 00:00:00,2050,93451,1,498.6975,USD
2010-02-15 00:00:00,2010-02-19 00:00:00,2050,94546,1,498.6975,GBP
2010-02-15 00:00:00,2010-02-19 00:00:00,2056,19709,1,325.4475,GBP
2010-02-15 00:00:00,2010-02-19 00:00:00,2056,32708,1,325.4475,GBP
2010-02-15 00:00:00,2010-02-19 00:00:00,2056,33015,1,325.4475,USD
2010-02-15 00:00:00,2010-02-19 00:00:00,2056,33426,1,325.4475,USD
2010-02-15 00:00:00,2010-02-19 00:00:00,2056,33461,1,325.4475,USD
2010-02-15 00:00:00,2010-02-19 00:00:00,2056,35214,1,325.4475,GBP
2010-02-15 00:00:00,2010-02-19 00:00:00,2056,36024,1,325.4475,USD
2010-02-15 00:00:00,2010-02-19 00:00:00,2056,38104,1,325.4475,GBP
2010-02-15 00:00:00,2010-02-19 00:00:00,2056,46040,1,325.4475,USD
2010-02-15 00:00:00,2010-02-19 00:00:00,2056,46260,1,325.4475,GBP
2010-02-15 00:00:00,2010-02-19 00:00:00,2056,46952,1,325.4475,GBP
2010-02-15 00:00:00,2010-02-19 00:00:00,2056,70791,1,325.4475,GBP
2010-02-15 00:00:00,2010-02-19 00:00:00,2056,75041,1,325.4475,GBP
2010-02-15 00:00:00,2010-02-19 00:00:00,2056,76010,1,325.4475,GBP
2010-02-15 00:00:00,2010-02-19 00:00:00,2056,76021,1,325.4475,USD
2010-02-15 00:00:00,2010-02-19 00:00:00,2056,94565,1,325.4475,USD
2010-02-15 00:00:00,2010-02-19 00:00:00,2057,08098,1,472.4475,GBP
2010-02-15 00:00:00,2010-02-19 00:00:00,2057,76541,1,472.4475,GBP
2010-02-15 00:00:00,2010-02-19 00:00:00,2057,90277,1,472.4475,USD
2010-02-15 00:00:00,2010-02-19 00:00:00,2057,95301,1,472.4475,GBP
2010-02-15 00:00:00,2010-02-19 00:00:00,2062,02717,1,540.6975,USD
2010-02-15 00:00:00,2010-02-19 00:00:00,2062,71108,1,545.9475,GBP
2010-02-15 00:00:00,2010-02-19 00:00:00,2064,02721,1,482.9475,USD
2010-02-15 00:00:00,2010-02-19 00:00:00,2064,07430,1,488.1975,GBP
2010-02-15 00:00:00,2010-02-19 00:00:00,2064,07719,1,488.1975,GBP
2010-02-15 00:00:00,2010-02-19 00:00:00,2064,08857,1,488.1975,USD
2010-02-15 00:00:00,2010-02-19 00:00:00,2064,29168,1,488.1975,GBP
2010-02-15 00:00:00,2010-02-19 00:00:00,2064,29180,1,488.1975,USD
2010-02-15 00:00:00,2010-02-19 00:00:00,2064,29620,1,488.1975,USD
2010-02-15 00:00:00,2010-02-19 00:00:00,2064,32803,1,488.1975,GBP
2010-02-15 00:00:00,2010-02-19 00:00:00,2064,33155,1,488.1975,GBP
2010-02-15 00:00:00,2010-02-19 00:00:00,2064,33597,1,488.1975,USD
2010-02-15 00:00:00,2010-02-19 00:00:00,2064,33612,1,488.1975,USD
2010-02-15 00:00:00,2010-02-19 00:00:00,2064,36376,1,488.1975,USD
2010-02-15 00:00:00,2010-02-19 00:00:00,2064,39154,1,488.1975,USD
2010-02-15 00:00:00,2010-02-19 00:00:00,2064,50315,1,488.1975,GBP
2010-02-15 00:00:00,2010-02-19 00:00:00,2064,52404,1,488.1975,USD
2010-02-15 00:00:00,2010-02-19 00:00:00,2064,75951,1,488.1975,USD
2010-02-15 00:00:00,2010-02-19 00:00:00,2064,76208,1,488.1975,USD
2010-02-15 00:00:00,2010-02-19 00:00:00,2064,76543,2,976.395,GBP
2010-02-15 00:00:00,2010-02-19 00:00:00,2064,85306,1,488.1975,GBP
2010-02-15 00:00:00,2010-02-19 00:00:00,2064,92648,1,488.1975,GBP
2010-02-15 00:00:00,2010-02-19 00:00:00,2064,95023,1,488.1975,GBP
2010-02-15 00:00:00,2010-02-19 00:00:00,2070,32124,1,519.6975,USD
2010-02-15 00:00:00,2010-02-19 00:00:00,2070,33844,1,519.6975,USD
2010-02-15 00:00:00,2010-02-19 00:00:00,2070,38663,1,519.6975,USD
2010-02-15 00:00:00,2010-02-19 00:00:00,2070,39059,1,519.6975,USD
2010-02-15 00:00:00,2010-02-19 00:00:00,2070,47610,1,519.6975,USD
2010-02-15 00:00:00,2010-02-19 00:00:00,2070,47918,2,5196.975,GBP
2010-02-15 00:00:00,2010-02-19 00:00:00,2070,47918,2,4157.58,USD
2010-02-15 00:00:00,2010-02-19 00:00:00,2070,70535,1,519.6975,USD
2010-02-15 00:00:00,2010-02-19 00:00:00,2070,72103,2,1039.395,USD
2010-02-15 00:00:00,2010-02-19 00:00:00,2070,73449,1,519.6975,USD
2010-02-15 00:00:00,2010-02-19 00:00:00,2070,77469,1,519.6975,GBP
2010-02-15 00:00:00,2010-02-19 00:00:00,2070,92120,1,519.6975,USD
2010-02-15 00:00:00,2010-02-19 00:00:00,2074,32065,1,328.0725,GBP
2010-02-15 00:00:00,2010-02-19 00:00:00,2074,37130,1,328.0725,GBP
2010-02-15 00:00:00,2010-02-19 00:00:00,2074,37617,1,328.0725,GBP
2010-02-15 00:00:00,2010-02-19 00:00:00,2074,78852,1,328.0725,GBP
2010-02-15 00:00:00,2010-02-19 00:00:00,2074,88310,1,328.0725,USD
2010-02-15 00:00:00,2010-02-19 00:00:00,2074,90292,1,328.0725,GBP
2010-02-15 00:00:00,2010-02-19 00:00:00,2074,92374,1,328.0725,USD
2010-02-15 00:00:00,2010-02-19 00:00:00,2074,94121,1,328.0725,USD
2010-02-15 00:00:00,2010-02-19 00:00:00,2081,21613,1,220.4475,USD
2010-02-15 00:00:00,2010-02-19 00:00:00,2081,32127,1,220.4475,GBP
2010-02-15 00:00:00,2010-02-19 00:00:00,2081,32578,1,220.4475,GBP
2010-02-15 00:00:00,2010-02-19 00:00:00,2081,32839,1,220.4475,GBP
2010-02-15 00:00:00,2010-02-19 00:00:00,2081,33177,1,220.4475,USD
2010-02-15 00:00:00,2010-02-19 00:00:00,2081,36027,1,220.4475,GBP
2010-02-15 00:00:00,2010-02-19 00:00:00,2081,39437,1,220.4475,USD
2010-02-15 00:00:00,2010-02-19 00:00:00,2081,42223,1,220.4475,GBP
2010-02-15 00:00:00,2010-02-19 00:00:00,2081,72443,1,220.4475,GBP
2010-02-15 00:00:00,2010-02-19 00:00:00,2081,77328,1,220.4475,GBP
2010-02-15 00:00:00,2010-02-19 00:00:00,2081,77573,1,220.4475,GBP
2010-02-15 00:00:00,2010-02-19 00:00:00,2081,84128,1,220.4475,USD
2010-02-15 00:00:00,2010-02-19 00:00:00,2081,91214,1,220.4475,USD
2010-02-15 00:00:00,2010-02-19 00:00:00,2083,02019,1,309.6975,GBP
2010-02-15 00:00:00,2010-02-19 00:00:00,2083,02359,1,309.6975,GBP
2010-02-15 00:00:00,2010-02-19 00:00:00,2083,02885,1,309.6975,GBP
2010-02-15 00:00:00,2010-02-19 00:00:00,2083,19810,1,309.6975,USD
2010-02-15 00:00:00,2010-02-19 00:00:00,2083,32224,1,309.6975,GBP
2010-02-15 00:00:00,2010-02-19 00:00:00,2083,32907,1,309.6975,USD
2010-02-15 00:00:00,2010-02-19 00:00:00,2083,55026,1,309.6975,USD
2010-02-15 00:00:00,2010-02-19 00:00:00,2083,57039,1,309.6975,USD
2010-02-15 00:00:00,2010-02-19 00:00:00,2083,63701,1,309.6975,GBP
2010-02-15 00:00:00,2010-02-19 00:00:00,2083,66512,1,309.6975,USD
2010-02-15 00:00:00,2010-02-19 00:00:00,2083,76179,1,309.6975,GBP
2010-02-15 00:00:00,2010-02-19 00:00:00,2083,77040,1,309.6975,GBP
2010-02-15 00:00:00,2010-02-19 00:00:00,2083,78229,1,309.6975,GBP
2010-02-15 00:00:00,2010-02-19 00:00:00,2083,78664,1,309.6975,USD
2010-02-15 00:00:00,2010-02-19 00:00:00,2083,92626,1,309.6975,USD
2010-02-15 00:00:00,2010-02-19 00:00:00,2083,95838,1,309.6975,GBP
2010-02-15 00:00:00,2010-02-19 00:00:00,2091,29152,1,152.1975,GBP
2010-02-15 00:00:00,2010-02-19 00:00:00,2091,32207,1,152.1975,GBP
2010-02-15 00:00:00,2010-02-19 00:00:00,2091,32826,1,152.1975,GBP
2010-02-15 00:00:00,2010-02-19 00:00:00,2091,40330,1,152.1975,USD
2010-02-15 00:00:00,2010-02-19 00:00:00,2091,75662,1,152.1975,USD
2010-02-15 00:00:00,2010-02-19 00:00:00,2091,78666,1,152.1975,USD
2010-02-15 00:00:00,2010-02-19 00:00:00,2091,85304,1,152.1975,USD
2010-02-15 00:00:00,2010-02-19 00:00:00,2091,85373,1,152.1975,USD
2010-02-15 00:00:00,2010-02-19 00:00:00,2091,92406,1,152.1975,GBP
2010-02-15 00:00:00,2010-02-19 00:00:00,2094,07081,1,433.0725,USD
2010-02-15 00:00:00,2010-02-19 00:00:00,2094,07731,1,433.0725,USD
2010-02-15 00:00:00,2010-02-19 00:00:00,2094,67230,1,433.0725,GBP
2010-02-15 00:00:00,2010-02-19 00:00:00,2094,70458,1,433.0725,GBP
2010-02-15 00:00:00,2010-02-19 00:00:00,2094,70515,1,433.0725,GBP
2010-02-15 00:00:00,2010-02-19 00:00:00,2094,72063,1,433.0725,GBP
2010-02-15 00:00:00,2010-02-19 00:00:00,2094,83201,1,433.0725,USD
2010-02-15 00:00:00,2010-02-19 00:00:00,2094,85305,1,433.0725,GBP
2010-02-15 00:00:00,2010-02-19 00:00:00,2094,90045,1,433.0725,GBP
2010-02-15 00:00:00,2010-02-19 00:00:00,2094,91902,1,433.0725,USD
2010-02-15 00:00:00,2010-02-19 00:00:00,2094,92806,1,433.0725,GBP
2010-02-15 00:00:00,2010-02-19 00:00:00,2094,95210,1,433.0725,USD
2010-02-15 00:00:00,2010-02-19 00:00:00,2113,34232,1,472.2375,USD
2010-02-15 00:00:00,2010-02-19 00:00:00,2121,06516,1,629.7375,GBP
2010-02-15 00:00:00,2010-02-19 00:00:00,2126,52544,1,472.2375,GBP
2010-02-15 00:00:00,2010-02-19 00:00:00,2126,82716,1,472.2375,USD
2010-02-15 00:00:00,2010-02-19 00:00:00,2126,99505,1,472.2375,USD
2010-02-15 00:00:00,2010-02-19 00:00:00,2127,35094,1,419.7375,USD
2010-02-15 00:00:00,2010-02-19 00:00:00,2128,42025,1,398.7375,GBP
2010-02-15 00:00:00,2010-02-19 00:00:00,2128,75214,1,398.7375,GBP
2010-02-15 00:00:00,2010-02-19 00:00:00,2130,57105,1,472.2375,USD
2010-02-15 00:00:00,2010-02-19 00:00:00,2139,72762,1,456.6975,USD
2010-02-15 00:00:00,2010-02-19 00:00:00,2140,33467,1,550.9875,GBP
2010-02-15 00:00:00,2010-02-19 00:00:00,2140,76305,1,550.9875,GBP
2010-02-15 00:00:00,2010-02-19 00:00:00,2161,08884,1,571.9875,GBP
2010-02-15 00:00:00,2010-02-19 00:00:00,2161,70507,1,571.9875,GBP
2010-02-15 00:00:00,2010-02-19 00:00:00,2167,34684,1,577.2375,USD
2010-02-15 00:00:00,2010-02-19 00:00:00,2169,33131,1,535.2375,USD
2010-02-15 00:00:00,2010-02-19 00:00:00,2169,94526,1,535.2375,GBP
2010-02-15 00:00:00,2010-02-19 00:00:00,2175,29169,1,472.2375,USD
2010-02-15 00:00:00,2010-02-19 00:00:00,2175,95138,1,472.2375,GBP
2010-02-15 00:00:00,2010-02-19 00:00:00,2188,32433,1,233.5725,USD
2010-02-15 00:00:00,2010-02-19 00:00:00,2188,36608,1,233.5725,GBP
2010-02-15 00:00:00,2010-02-19 00:00:00,2188,76023,1,233.5725,GBP
2010-02-15 00:00:00,2010-02-19 00:00:00,2188,84104,1,233.5725,USD
2010-02-15 00:00:00,2010-02-19 00:00:00,2192,33127,1,202.0725,GBP
2010-02-15 00:00:00,2010-02-19 00:00:00,2192,72020,1,202.0725,USD
2010-02-15 00:00:00,2010-02-19 00:00:00,2192,89015,1,202.0725,USD
2010-02-15 00:00:00,2010-02-19 00:00:00,2192,92835,1,202.0725,USD
2010-02-15 00:00:00,2010-02-19 00:00:00,2199,32063,1,178.4475,USD
2010-02-15 00:00:00,2010-02-19 00:00:00,2204,06095,1,173.1975,GBP
2010-02-15 00:00:00,2010-02-19 00:00:00,2204,46803,1,173.1975,GBP
2010-02-15 00:00:00,2010-02-19 00:00:00,2204,84088,1,173.1975,USD
2010-02-15 00:00:00,2010-02-19 00:00:00,2204,90255,1,173.1975,GBP
2010-02-15 00:00:00,2010-02-19 00:00:00,2204,91911,2,346.395,GBP
2010-02-15 00:00:00,2010-02-19 00:00:00,2204,92567,1,173.1975,GBP
2010-02-15 00:00:00,2010-02-19 00:00:00,2204,95336,2,346.395,USD
2010-02-15 00:00:00,2010-02-19 00:00:00,2204,95662,1,173.1975,USD
2010-02-15 00:00:00,2010-02-19 00:00:00,2205,08081,1,173.1975,GBP
2010-02-15 00:00:00,2010-02-19 00:00:00,2205,19940,1,173.1975,GBP
2010-02-15 00:00:00,2010-02-19 00:00:00,2205,29646,1,173.1975,GBP
2010-02-15 00:00:00,2010-02-19 00:00:00,2205,76205,1,173.1975,USD
2010-02-15 00:00:00,2010-02-19 00:00:00,2205,92567,1,173.1975,GBP
2010-02-15 00:00:00,2010-02-19 00:00:00,2205,97230,1,173.1975,GBP
2010-02-15 00:00:00,2010-02-19 00:00:00,2205,97701,1,173.1975,GBP
2010-02-15 00:00:00,2010-02-19 00:00:00,2210,32086,1,107.5725,GBP
2010-02-15 00:00:00,2010-02-19 00:00:00,2210,36551,1,107.5725,GBP
2010-02-15 00:00:00,2010-02-19 00:00:00,2210,38485,1,107.5725,GBP
2010-02-15 00:00:00,2010-02-19 00:00:00,2210,58235,1,107.5725,USD
2010-02-15 00:00:00,2010-02-19 00:00:00,2210,59047,1,107.5725,USD
2010-02-15 00:00:00,2010-02-19 00:00:00,2210,92675,1,107.5725,GBP
2010-02-15 00:00:00,2010-02-19 00:00:00,2210,97367,1,107.5725,USD
2010-02-15 00:00:00,2010-02-19 00:00:00,2211,29172,1,107.5725,USD
2010-02-15 00:00:00,2010-02-19 00:00:00,2211,29180,1,107.5725,GBP
2010-02-15 00:00:00,2010-02-19 00:00:00,2211,32310,1,107.5725,GBP
2010-02-15 00:00:00,2010-02-19 00:00:00,2211,32754,1,107.5725,USD
2010-02-15 00:00:00,2010-02-19 00:00:00,2211,35661,1,107.5725,GBP
2010-02-15 00:00:00,2010-02-19 00:00:00,2211,37616,1,107.5725,USD
2010-02-15 00:00:00,2010-02-19 00:00:00,2211,46385,1,107.5725,USD
2010-02-15 00:00:00,2010-02-19 00:00:00,2211,59030,1,107.5725,USD
2010-02-15 00:00:00,2010-02-19 00:00:00,2211,63028,1,107.5725,GBP
2010-02-15 00:00:00,2010-02-19 00:00:00,2211,75572,1,107.5725,USD
2010-02-15 00:00:00,2010-02-19 00:00:00,2211,76501,1,107.5725,GBP
2010-02-15 00:00:00,2010-02-19 00:00:00,2211,76538,1,107.5725,USD
2010-02-15 00:00:00,2010-02-19 00:00:00,2223,71075,1,246.6975,GBP
2010-02-15 00:00:00,2010-02-19 00:00:00,2234,20879,1,65.5725,USD
2010-02-15 00:00:00,2010-02-19 00:00:00,2234,21227,1,65.5725,USD
2010-02-15 00:00:00,2010-02-19 00:00:00,2234,21229,1,65.5725,GBP
2010-02-15 00:00:00,2010-02-19 00:00:00,2234,29053,1,65.5725,USD
2010-02-15 00:00:00,2010-02-19 00:00:00,2234,29072,1,65.5725,USD
2010-02-15 00:00:00,2010-02-19 00:00:00,2234,32533,1,65.5725,USD
2010-02-15 00:00:00,2010-02-19 00:00:00,2234,37146,1,65.5725,GBP
2010-02-15 00:00:00,2010-02-19 00:00:00,2234,37148,1,65.5725,USD
2010-02-15 00:00:00,2010-02-19 00:00:00,2234,38866,1,65.5725,USD
2010-02-15 00:00:00,2010-02-19 00:00:00,2234,40229,1,196.71750000000003,GBP
2010-02-15 00:00:00,2010-02-19 00:00:00,2234,40229,1,131.145,USD
2010-02-15 00:00:00,2010-02-19 00:00:00,2234,46342,1,65.5725,USD
2010-02-15 00:00:00,2010-02-19 00:00:00,2234,46349,1,65.5725,USD
2010-02-15 00:00:00,2010-02-19 00:00:00,2234,47918,1,65.5725,GBP
2010-02-15 00:00:00,2010-02-19 00:00:00,2234,51501,1,65.5725,USD
2010-02-15 00:00:00,2010-02-19 00:00:00,2234,52802,1,65.5725,USD
2010-02-15 00:00:00,2010-02-19 00:00:00,2234,52807,1,65.5725,USD
2010-02-15 00:00:00,2010-02-19 00:00:00,2234,65711,1,65.5725,USD
2010-02-15 00:00:00,2010-02-19 00:00:00,2234,70041,1,65.5725,USD
2010-02-15 00:00:00,2010-02-19 00:00:00,2234,73059,1,65.5725,USD
2010-02-15 00:00:00,2010-02-19 00:00:00,2234,74801,1,65.5725,GBP
2010-02-15 00:00:00,2010-02-19 00:00:00,2234,76140,1,65.5725,GBP
2010-02-15 00:00:00,2010-02-19 00:00:00,2234,79934,1,65.5725,USD
2010-02-15 00:00:00,2010-02-19 00:00:00,2234,83687,2,131.145,GBP
2010-02-15 00:00:00,2010-02-19 00:00:00,2234,85205,2,131.145,USD
2010-02-15 00:00:00,2010-02-19 00:00:00,2234,85344,1,65.5725,USD
2010-02-15 00:00:00,2010-02-19 00:00:00,2234,90744,1,65.5725,USD
2010-02-15 00:00:00,2010-02-19 00:00:00,2234,91356,1,65.5725,USD
2010-02-15 00:00:00,2010-02-19 00:00:00,2234,91737,1,65.5725,GBP
2010-02-15 00:00:00,2010-02-19 00:00:00,2234,91739,1,65.5725,GBP
2010-02-15 00:00:00,2010-02-19 00:00:00,2234,91740,1,65.5725,USD
2010-02-15 00:00:00,2010-02-19 00:00:00,2234,93230,1,65.5725,USD
2010-02-15 00:00:00,2010-02-19 00:00:00,2235,29020,1,65.5725,USD
2010-02-15 00:00:00,2010-02-19 00:00:00,2235,29654,1,65.5725,GBP
2010-02-15 00:00:00,2010-02-19 00:00:00,2235,32809,1,65.5725,GBP
2010-02-15 00:00:00,2010-02-19 00:00:00,2235,33175,1,65.5725,GBP
2010-02-15 00:00:00,2010-02-19 00:00:00,2235,34639,1,65.5725,USD
2010-02-15 00:00:00,2010-02-19 00:00:00,2235,34990,1,65.5725,GBP
2010-02-15 00:00:00,2010-02-19 00:00:00,2235,35044,1,65.5725,USD
2010-02-15 00:00:00,2010-02-19 00:00:00,2235,36207,1,65.5725,GBP
2010-02-15 00:00:00,2010-02-19 00:00:00,2235,38308,1,65.5725,GBP
2010-02-15 00:00:00,2010-02-19 00:00:00,2235,38478,1,65.5725,GBP
2010-02-15 00:00:00,2010-02-19 00:00:00,2235,40229,1,65.5725,GBP
2010-02-15 00:00:00,2010-02-19 00:00:00,2235,42713,1,65.5725,USD
2010-02-15 00:00:00,2010-02-19 00:00:00,2235,42722,1,65.5725,USD
2010-02-15 00:00:00,2010-02-19 00:00:00,2235,46011,1,65.5725,USD
2010-02-15 00:00:00,2010-02-19 00:00:00,2235,46342,1,65.5725,USD
2010-02-15 00:00:00,2010-02-19 00:00:00,2235,46725,1,65.5725,USD
2010-02-15 00:00:00,2010-02-19 00:00:00,2235,47403,1,65.5725,GBP
2010-02-15 00:00:00,2010-02-19 00:00:00,2235,47918,1,131.145,GBP
2010-02-15 00:00:00,2010-02-19 00:00:00,2235,47918,1,65.5725,USD
2010-02-15 00:00:00,2010-02-19 00:00:00,2235,51537,1,65.5725,GBP
2010-02-15 00:00:00,2010-02-19 00:00:00,2235,52807,1,65.5725,GBP
2010-02-15 00:00:00,2010-02-19 00:00:00,2235,53705,1,65.5725,GBP
2010-02-15 00:00:00,2010-02-19 00:00:00,2235,70354,1,65.5725,USD
2010-02-15 00:00:00,2010-02-19 00:00:00,2235,71913,1,65.5725,USD
2010-02-15 00:00:00,2010-02-19 00:00:00,2235,73059,1,65.5725,GBP
2010-02-15 00:00:00,2010-02-19 00:00:00,2235,74023,1,65.5725,GBP
2010-02-15 00:00:00,2010-02-19 00:00:00,2235,75495,2,131.145,GBP
2010-02-15 00:00:00,2010-02-19 00:00:00,2235,76063,1,65.5725,USD
2010-02-15 00:00:00,2010-02-19 00:00:00,2235,76305,1,65.5725,USD
2010-02-15 00:00:00,2010-02-19 00:00:00,2235,77338,1,65.5725,USD
2010-02-15 00:00:00,2010-02-19 00:00:00,2235,79934,1,65.5725,USD
2010-02-15 00:00:00,2010-02-19 00:00:00,2235,85220,1,65.5725,GBP
2010-02-15 00:00:00,2010-02-19 00:00:00,2235,85225,1,65.5725,USD
2010-02-15 00:00:00,2010-02-19 00:00:00,2235,89049,1,65.5725,GBP
2010-02-15 00:00:00,2010-02-19 00:00:00,2235,91606,1,65.5725,GBP
2010-02-15 00:00:00,2010-02-19 00:00:00,2235,91750,1,65.5725,GBP
2010-02-15 00:00:00,2010-02-19 00:00:00,2235,92071,1,65.5725,USD
2010-02-15 00:00:00,2010-02-19 00:00:00,2235,92252,2,131.145,USD
2010-02-15 00:00:00,2010-02-19 00:00:00,2235,93230,1,65.5725,USD
2010-02-15 00:00:00,2010-02-19 00:00:00,2235,93390,2,131.145,GBP
2010-02-15 00:00:00,2010-02-19 00:00:00,2235,93901,1,65.5725,GBP
2010-02-15 00:00:00,2010-02-19 00:00:00,2235,93907,1,65.5725,GBP
2010-02-15 00:00:00,2010-02-19 00:00:00,2235,95407,1,65.5725,USD
2010-02-15 00:00:00,2010-02-19 00:00:00,2235,95843,1,65.5725,USD
2010-02-15 00:00:00,2010-02-19 00:00:00,2235,97383,1,65.5725,USD
2010-02-15 00:00:00,2010-02-19 00:00:00,2235,97424,1,65.5725,USD
2010-02-15 00:00:00,2010-02-19 00:00:00,2246,33311,1,131.1975,GBP
2010-02-15 00:00:00,2010-02-19 00:00:00,2246,75063,1,131.1975,USD
2010-02-15 00:00:00,2010-02-19 00:00:00,2254,06902,1,57.6975,USD
2010-02-15 00:00:00,2010-02-19 00:00:00,2254,07407,1,57.6975,GBP
2010-02-15 00:00:00,2010-02-19 00:00:00,2254,21234,1,70.8225,USD
2010-02-15 00:00:00,2010-02-19 00:00:00,2254,26070,1,57.6975,USD
2010-02-15 00:00:00,2010-02-19 00:00:00,2254,29033,1,57.6975,GBP
2010-02-15 00:00:00,2010-02-19 00:00:00,2254,33334,1,57.6975,GBP
2010-02-15 00:00:00,2010-02-19 00:00:00,2254,33525,1,57.6975,USD
2010-02-15 00:00:00,2010-02-19 00:00:00,2254,33993,2,115.395,GBP
2010-02-15 00:00:00,2010-02-19 00:00:00,2254,34234,1,57.6975,GBP
2010-02-15 00:00:00,2010-02-19 00:00:00,2254,34744,2,115.395,USD
2010-02-15 00:00:00,2010-02-19 00:00:00,2254,35116,1,57.6975,USD
2010-02-15 00:00:00,2010-02-19 00:00:00,2254,37013,1,57.6975,USD
2010-02-15 00:00:00,2010-02-19 00:00:00,2254,37323,1,57.6975,USD
2010-02-15 00:00:00,2010-02-19 00:00:00,2254,37690,1,57.6975,USD
2010-02-15 00:00:00,2010-02-19 00:00:00,2254,38632,1,57.6975,USD
2010-02-15 00:00:00,2010-02-19 00:00:00,2254,38635,1,70.8225,USD
2010-02-15 00:00:00,2010-02-19 00:00:00,2254,38666,1,57.6975,USD
2010-02-15 00:00:00,2010-02-19 00:00:00,2254,39560,1,57.6975,USD
2010-02-15 00:00:00,2010-02-19 00:00:00,2254,42765,1,57.6975,GBP
2010-02-15 00:00:00,2010-02-19 00:00:00,2254,46176,1,57.6975,USD
2010-02-15 00:00:00,2010-02-19 00:00:00,2254,46514,1,230.79,GBP
2010-02-15 00:00:00,2010-02-19 00:00:00,2254,46514,1,230.79,USD
2010-02-15 00:00:00,2010-02-19 00:00:00,2254,46755,1,57.6975,GBP
2010-02-15 00:00:00,2010-02-19 00:00:00,2254,47834,2,115.395,GBP
2010-02-15 00:00:00,2010-02-19 00:00:00,2254,47929,1,57.6975,GBP
2010-02-15 00:00:00,2010-02-19 00:00:00,2254,47929,1,115.395,USD
2010-02-15 00:00:00,2010-02-19 00:00:00,2254,53038,1,57.6975,USD
2010-02-15 00:00:00,2010-02-19 00:00:00,2254,53108,1,57.6975,GBP
2010-02-15 00:00:00,2010-02-19 00:00:00,2254,55038,1,57.6975,GBP
2010-02-15 00:00:00,2010-02-19 00:00:00,2254,63640,1,57.6975,USD
2010-02-15 00:00:00,2010-02-19 00:00:00,2254,67026,1,57.6975,GBP
2010-02-15 00:00:00,2010-02-19 00:00:00,2254,73020,1,57.6975,GBP
2010-02-15 00:00:00,2010-02-19 00:00:00,2254,74070,1,57.6975,GBP
2010-02-15 00:00:00,2010-02-19 00:00:00,2254,76020,1,57.6975,USD
2010-02-15 00:00:00,2010-02-19 00:00:00,2254,76073,1,57.6975,GBP
2010-02-15 00:00:00,2010-02-19 00:00:00,2254,92028,1,57.6975,GBP
2010-02-15 00:00:00,2010-02-19 00:00:00,2254,92407,1,57.6975,GBP
2010-02-15 00:00:00,2010-02-19 00:00:00,2254,92555,1,57.6975,USD
2010-02-15 00:00:00,2010-02-19 00:00:00,2254,92571,4,230.79,GBP
2010-02-15 00:00:00,2010-02-19 00:00:00,2254,93552,1,57.6975,GBP
2010-02-15 00:00:00,2010-02-19 00:00:00,2254,93635,1,57.6975,USD
2010-02-15 00:00:00,2010-02-19 00:00:00,2254,94510,1,57.6975,GBP
2010-02-15 00:00:00,2010-02-19 00:00:00,2254,95337,1,57.6975,USD
2010-02-15 00:00:00,2010-02-19 00:00:00,2254,95678,1,57.6975,GBP
2010-02-15 00:00:00,2010-02-19 00:00:00,2254,97030,1,57.6975,USD
2010-02-15 00:00:00,2010-02-19 00:00:00,2254,97042,1,57.6975,GBP
2010-02-15 00:00:00,2010-02-19 00:00:00,2254,97236,1,57.6975,USD
2010-02-15 00:00:00,2010-02-19 00:00:00,2254,97368,1,57.6975,USD
2010-02-15 00:00:00,2010-02-19 00:00:00,2255,01201,1,57.6975,GBP
2010-02-15 00:00:00,2010-02-19 00:00:00,2255,20708,1,57.6975,USD
2010-02-15 00:00:00,2010-02-19 00:00:00,2255,21061,1,57.6975,USD
2010-02-15 00:00:00,2010-02-19 00:00:00,2255,21234,1,70.8225,USD
2010-02-15 00:00:00,2010-02-19 00:00:00,2255,29033,1,57.6975,GBP
2010-02-15 00:00:00,2010-02-19 00:00:00,2255,29303,1,57.6975,USD
2010-02-15 00:00:00,2010-02-19 00:00:00,2255,33024,1,57.6975,USD
2010-02-15 00:00:00,2010-02-19 00:00:00,2255,34235,1,57.6975,USD
2010-02-15 00:00:00,2010-02-19 00:00:00,2255,37604,1,57.6975,GBP
2010-02-15 00:00:00,2010-02-19 00:00:00,2255,37690,1,57.6975,GBP
2010-02-15 00:00:00,2010-02-19 00:00:00,2255,38017,1,57.6975,GBP
2010-02-15 00:00:00,2010-02-19 00:00:00,2255,38635,1,70.8225,GBP
2010-02-15 00:00:00,2010-02-19 00:00:00,2255,38754,1,57.6975,GBP
2010-02-15 00:00:00,2010-02-19 00:00:00,2255,46227,1,57.6975,GBP
2010-02-15 00:00:00,2010-02-19 00:00:00,2255,46514,1,115.395,GBP
2010-02-15 00:00:00,2010-02-19 00:00:00,2255,46514,1,115.395,USD
2010-02-15 00:00:00,2010-02-19 00:00:00,2255,47929,1,230.79,GBP
2010-02-15 00:00:00,2010-02-19 00:00:00,2255,47929,1,173.0925,USD
2010-02-15 00:00:00,2010-02-19 00:00:00,2255,57719,1,57.6975,GBP
2010-02-15 00:00:00,2010-02-19 00:00:00,2255,63052,1,57.6975,GBP
2010-02-15 00:00:00,2010-02-19 00:00:00,2255,63670,1,57.6975,GBP
2010-02-15 00:00:00,2010-02-19 00:00:00,2255,67401,1,57.6975,GBP
2010-02-15 00:00:00,2010-02-19 00:00:00,2255,72701,1,57.6975,GBP
2010-02-15 00:00:00,2010-02-19 00:00:00,2255,79022,1,57.6975,GBP
2010-02-15 00:00:00,2010-02-19 00:00:00,2255,82644,1,57.6975,USD
2010-02-15 00:00:00,2010-02-19 00:00:00,2255,83860,1,57.6975,GBP
2010-02-15 00:00:00,2010-02-19 00:00:00,2255,90744,1,57.6975,USD
2010-02-15 00:00:00,2010-02-19 00:00:00,2255,91364,1,57.6975,GBP
2010-02-15 00:00:00,2010-02-19 00:00:00,2255,91505,1,57.6975,USD
2010-02-15 00:00:00,2010-02-19 00:00:00,2255,92028,1,57.6975,GBP
2010-02-15 00:00:00,2010-02-19 00:00:00,2255,92128,1,57.6975,GBP
2010-02-15 00:00:00,2010-02-19 00:00:00,2255,92336,1,57.6975,GBP
2010-02-15 00:00:00,2010-02-19 00:00:00,2255,93635,1,57.6975,GBP
2010-02-15 00:00:00,2010-02-19 00:00:00,2255,97030,1,57.6975,GBP
2010-02-15 00:00:00,2010-02-19 00:00:00,2255,97042,1,57.6975,GBP
2010-02-15 00:00:00,2010-02-19 00:00:00,2268,76132,1,309.6975,GBP
2010-02-15 00:00:00,2010-02-19 00:00:00,2268,79414,1,309.6975,GBP
2010-02-15 00:00:00,2010-02-19 00:00:00,2277,07090,2,503.895,GBP
2010-02-15 00:00:00,2010-02-19 00:00:00,2277,26241,1,251.9475,GBP
2010-02-15 00:00:00,2010-02-19 00:00:00,2277,32607,1,251.9475,USD
2010-02-15 00:00:00,2010-02-19 00:00:00,2277,33319,1,251.9475,GBP
2010-02-15 00:00:00,2010-02-19 00:00:00,2277,33782,1,251.9475,GBP
2010-02-15 00:00:00,2010-02-19 00:00:00,2277,34601,1,251.9475,USD
2010-02-15 00:00:00,2010-02-19 00:00:00,2277,35020,1,251.9475,GBP
2010-02-15 00:00:00,2010-02-19 00:00:00,2277,35244,1,251.9475,GBP
2010-02-15 00:00:00,2010-02-19 00:00:00,2277,36301,1,251.9475,USD
2010-02-15 00:00:00,2010-02-19 00:00:00,2277,38401,1,251.9475,GBP
2010-02-15 00:00:00,2010-02-19 00:00:00,2277,38547,1,251.9475,GBP
2010-02-15 00:00:00,2010-02-19 00:00:00,2277,39520,1,251.9475,GBP
2010-02-15 00:00:00,2010-02-19 00:00:00,2277,41727,1,251.9475,GBP
2010-02-15 00:00:00,2010-02-19 00:00:00,2277,42274,1,251.9475,GBP
2010-02-15 00:00:00,2010-02-19 00:00:00,2277,42301,1,251.9475,GBP
2010-02-15 00:00:00,2010-02-19 00:00:00,2277,46725,1,251.9475,USD
2010-02-15 00:00:00,2010-02-19 00:00:00,2277,47715,1,251.9475,GBP
2010-02-15 00:00:00,2010-02-19 00:00:00,2277,50233,1,251.9475,GBP
2010-02-15 00:00:00,2010-02-19 00:00:00,2277,51501,1,251.9475,GBP
2010-02-15 00:00:00,2010-02-19 00:00:00,2277,55043,1,251.9475,GBP
2010-02-15 00:00:00,2010-02-19 00:00:00,2277,59105,1,251.9475,USD
2010-02-15 00:00:00,2010-02-19 00:00:00,2277,59404,1,251.9475,GBP
2010-02-15 00:00:00,2010-02-19 00:00:00,2277,59758,1,251.9475,GBP
2010-02-15 00:00:00,2010-02-19 00:00:00,2277,63663,1,251.9475,USD
2010-02-15 00:00:00,2010-02-19 00:00:00,2277,66801,1,251.9475,GBP
2010-02-15 00:00:00,2010-02-19 00:00:00,2277,70560,1,251.9475,GBP
2010-02-15 00:00:00,2010-02-19 00:00:00,2277,71003,1,251.9475,USD
2010-02-15 00:00:00,2010-02-19 00:00:00,2277,71107,1,251.9475,GBP
2010-02-15 00:00:00,2010-02-19 00:00:00,2277,73801,1,251.9475,USD
2010-02-15 00:00:00,2010-02-19 00:00:00,2277,75067,1,251.9475,USD
2010-02-15 00:00:00,2010-02-19 00:00:00,2277,76123,1,251.9475,GBP
2010-02-15 00:00:00,2010-02-19 00:00:00,2277,77388,1,251.9475,GBP
2010-02-15 00:00:00,2010-02-19 00:00:00,2277,89318,1,251.9475,USD
2010-02-15 00:00:00,2010-02-19 00:00:00,2277,89435,1,251.9475,USD
2010-02-15 00:00:00,2010-02-19 00:00:00,2277,90603,1,251.9475,USD
2010-02-15 00:00:00,2010-02-19 00:00:00,2277,92055,1,251.9475,GBP
2010-02-15 00:00:00,2010-02-19 00:00:00,2277,92069,1,251.9475,USD
2010-02-15 00:00:00,2010-02-19 00:00:00,2277,92243,2,503.895,USD
2010-02-15 00:00:00,2010-02-19 00:00:00,2277,92345,4,1007.79,GBP
2010-02-15 00:00:00,2010-02-19 00:00:00,2277,92505,1,251.9475,GBP
2010-02-15 00:00:00,2010-02-19 00:00:00,2277,92562,1,251.9475,USD
2010-02-15 00:00:00,2010-02-19 00:00:00,2277,92618,1,251.9475,GBP
2010-02-15 00:00:00,2010-02-19 00:00:00,2277,92653,3,755.8425,GBP
2010-02-15 00:00:00,2010-02-19 00:00:00,2277,94945,1,251.9475,GBP
2010-02-15 00:00:00,2010-02-19 00:00:00,2277,95033,1,251.9475,GBP
2010-02-15 00:00:00,2010-02-19 00:00:00,2277,95693,1,251.9475,USD
2010-02-15 00:00:00,2010-02-19 00:00:00,2277,95945,1,251.9475,USD
2010-02-15 00:00:00,2010-02-19 00:00:00,2277,99516,1,251.9475,GBP
2010-02-15 00:00:00,2010-02-19 00:00:00,2279,24808,1,149.5725,USD
2010-02-15 00:00:00,2010-02-19 00:00:00,2279,29812,1,165.3225,GBP
2010-02-15 00:00:00,2010-02-19 00:00:00,2279,35111,1,165.3225,USD
2010-02-15 00:00:00,2010-02-19 00:00:00,2279,55079,1,165.3225,USD
2010-02-15 00:00:00,2010-02-19 00:00:00,2279,55428,1,165.3225,GBP
2010-02-15 00:00:00,2010-02-19 00:00:00,2279,70364,2,330.645,USD
2010-02-15 00:00:00,2010-02-19 00:00:00,2279,75043,1,165.3225,GBP
2010-02-15 00:00:00,2010-02-19 00:00:00,2279,83686,1,165.3225,USD
2010-02-15 00:00:00,2010-02-19 00:00:00,2279,83687,1,165.3225,USD
2010-02-15 00:00:00,2010-02-19 00:00:00,2279,84088,1,165.3225,USD
2010-02-15 00:00:00,2010-02-19 00:00:00,2279,86503,1,165.3225,GBP
2010-02-15 00:00:00,2010-02-19 00:00:00,2279,93555,1,165.3225,USD
2010-02-15 00:00:00,2010-02-19 00:00:00,2279,95437,1,165.3225,USD
2010-02-15 00:00:00,2010-02-19 00:00:00,2282,02891,1,304.4475,USD
2010-02-15 00:00:00,2010-02-19 00:00:00,2282,08055,1,304.4475,USD
2010-02-15 00:00:00,2010-02-19 00:00:00,2282,26505,2,608.895,GBP
2010-02-15 00:00:00,2010-02-19 00:00:00,2282,38002,1,304.4475,USD
2010-02-15 00:00:00,2010-02-19 00:00:00,2282,42301,1,304.4475,USD
2010-02-15 00:00:00,2010-02-19 00:00:00,2282,46107,1,304.4475,GBP
2010-02-15 00:00:00,2010-02-19 00:00:00,2282,52749,1,304.4475,USD
2010-02-15 00:00:00,2010-02-19 00:00:00,2282,70343,1,304.4475,GBP
2010-02-15 00:00:00,2010-02-19 00:00:00,2282,72703,1,304.4475,GBP
2010-02-15 00:00:00,2010-02-19 00:00:00,2282,73110,2,608.895,USD
2010-02-15 00:00:00,2010-02-19 00:00:00,2282,75158,1,304.4475,USD
2010-02-15 00:00:00,2010-02-19 00:00:00,2282,79925,1,304.4475,USD
2010-02-15 00:00:00,2010-02-19 00:00:00,2282,83647,2,608.895,USD
2010-02-15 00:00:00,2010-02-19 00:00:00,2282,84047,1,304.4475,USD
2010-02-15 00:00:00,2010-02-19 00:00:00,2282,84066,1,304.4475,USD
2010-02-15 00:00:00,2010-02-19 00:00:00,2282,84302,1,304.4475,USD
2010-02-15 00:00:00,2010-02-19 00:00:00,2282,84404,1,304.4475,USD
2010-02-15 00:00:00,2010-02-19 00:00:00,2282,85207,1,304.4475,GBP
2010-02-15 00:00:00,2010-02-19 00:00:00,2282,85331,1,304.4475,GBP
2010-02-15 00:00:00,2010-02-19 00:00:00,2282,85716,1,304.4475,GBP
2010-02-15 00:00:00,2010-02-19 00:00:00,2282,87047,1,304.4475,GBP
2010-02-15 00:00:00,2010-02-19 00:00:00,2282,89117,1,304.4475,USD
2010-02-15 00:00:00,2010-02-19 00:00:00,2282,89702,1,304.4475,USD
2010-02-15 00:00:00,2010-02-19 00:00:00,2282,89706,1,304.4475,GBP
2010-02-15 00:00:00,2010-02-19 00:00:00,2282,90024,1,304.4475,GBP
2010-02-15 00:00:00,2010-02-19 00:00:00,2282,90265,1,304.4475,GBP
2010-02-15 00:00:00,2010-02-19 00:00:00,2282,91367,1,304.4475,USD
2010-02-15 00:00:00,2010-02-19 00:00:00,2282,92040,1,304.4475,GBP
2010-02-15 00:00:00,2010-02-19 00:00:00,2282,92075,1,304.4475,USD
2010-02-15 00:00:00,2010-02-19 00:00:00,2282,92155,1,304.4475,USD
2010-02-15 00:00:00,2010-02-19 00:00:00,2282,92233,1,304.4475,GBP
2010-02-15 00:00:00,2010-02-19 00:00:00,2282,92592,2,608.895,USD
2010-02-15 00:00:00,2010-02-19 00:00:00,2282,93306,2,608.895,USD
2010-02-15 00:00:00,2010-02-19 00:00:00,2282,95128,1,304.4475,GBP
2010-02-15 00:00:00,2010-02-19 00:00:00,2282,95589,1,304.4475,USD
2010-02-15 00:00:00,2010-02-19 00:00:00,2282,95747,1,304.4475,USD
2010-02-15 00:00:00,2010-02-19 00:00:00,2282,95826,2,608.895,USD
2010-02-15 00:00:00,2010-02-19 00:00:00,2282,97058,1,304.4475,USD
2010-02-15 00:00:00,2010-02-19 00:00:00,2282,97420,1,304.4475,GBP
2010-02-15 00:00:00,2010-02-19 00:00:00,2284,01756,1,293.9475,GBP
2010-02-15 00:00:00,2010-02-19 00:00:00,2284,06811,1,293.9475,USD
2010-02-15 00:00:00,2010-02-19 00:00:00,2284,21666,1,293.9475,USD
2010-02-15 00:00:00,2010-02-19 00:00:00,2284,42642,1,293.9475,GBP
2010-02-15 00:00:00,2010-02-19 00:00:00,2284,46356,1,293.9475,USD
2010-02-15 00:00:00,2010-02-19 00:00:00,2284,55364,1,293.9475,USD
2010-02-15 00:00:00,2010-02-19 00:00:00,2284,66006,1,293.9475,USD
2010-02-15 00:00:00,2010-02-19 00:00:00,2284,70056,2,587.895,GBP
2010-02-15 00:00:00,2010-02-19 00:00:00,2284,71968,1,293.9475,USD
2010-02-15 00:00:00,2010-02-19 00:00:00,2284,72758,1,293.9475,USD
2010-02-15 00:00:00,2010-02-19 00:00:00,2284,78621,1,293.9475,GBP
2010-02-15 00:00:00,2010-02-19 00:00:00,2284,83544,1,293.9475,USD
2010-02-15 00:00:00,2010-02-19 00:00:00,2284,83687,2,587.895,GBP
2010-02-15 00:00:00,2010-02-19 00:00:00,2284,85017,1,293.9475,USD
2010-02-15 00:00:00,2010-02-19 00:00:00,2284,90064,1,293.9475,USD
2010-02-15 00:00:00,2010-02-19 00:00:00,2284,90232,1,293.9475,GBP
2010-02-15 00:00:00,2010-02-19 00:00:00,2284,91321,1,293.9475,USD
2010-02-15 00:00:00,2010-02-19 00:00:00,2284,92008,2,587.895,GBP
2010-02-15 00:00:00,2010-02-19 00:00:00,2284,92009,1,293.9475,USD
2010-02-15 00:00:00,2010-02-19 00:00:00,2284,92026,2,587.895,GBP
2010-02-15 00:00:00,2010-02-19 00:00:00,2284,92316,1,293.9475,GBP
2010-02-15 00:00:00,2010-02-19 00:00:00,2284,92646,2,587.895,USD
2010-02-15 00:00:00,2010-02-19 00:00:00,2284,92692,1,293.9475,USD
2010-02-15 00:00:00,2010-02-19 00:00:00,2284,93004,1,293.9475,USD
2010-02-15 00:00:00,2010-02-19 00:00:00,2284,93065,1,293.9475,GBP
2010-02-15 00:00:00,2010-02-19 00:00:00,2284,93463,1,293.9475,USD
2010-02-15 00:00:00,2010-02-19 00:00:00,2284,93505,1,293.9475,GBP
2010-02-15 00:00:00,2010-02-19 00:00:00,2284,95307,1,293.9475,USD
2010-02-15 00:00:00,2010-02-19 00:00:00,2284,95355,1,293.9475,USD
2010-02-15 00:00:00,2010-02-19 00:00:00,2284,95380,1,293.9475,GBP
2010-02-15 00:00:00,2010-02-19 00:00:00,2284,95818,1,293.9475,USD
2010-02-15 00:00:00,2010-02-19 00:00:00,2284,96013,1,293.9475,USD
2010-02-15 00:00:00,2010-02-19 00:00:00,2284,97060,1,293.9475,USD
2010-02-15 00:00:00,2010-02-19 00:00:00,2287,32118,1,839.9475,GBP
2010-02-15 00:00:00,2010-02-19 00:00:00,2287,32817,1,839.9475,GBP
2010-02-15 00:00:00,2010-02-19 00:00:00,2287,33351,1,839.9475,GBP
2010-02-15 00:00:00,2010-02-19 00:00:00,2287,34753,1,839.9475,GBP
2010-02-15 00:00:00,2010-02-19 00:00:00,2287,37329,1,839.9475,GBP
2010-02-15 00:00:00,2010-02-19 00:00:00,2287,46214,1,839.9475,GBP
2010-02-15 00:00:00,2010-02-19 00:00:00,2287,55109,1,839.9475,GBP
2010-02-15 00:00:00,2010-02-19 00:00:00,2287,75090,1,839.9475,GBP
2010-02-15 00:00:00,2010-02-19 00:00:00,2287,77418,1,839.9475,GBP
2010-02-15 00:00:00,2010-02-19 00:00:00,2287,93426,1,839.9475,GBP
2010-02-15 00:00:00,2010-02-19 00:00:00,2290,39443,1,787.4475,USD
2010-02-15 00:00:00,2010-02-19 00:00:00,2307,47340,1,278.1975,USD
2010-02-15 00:00:00,2010-02-19 00:00:00,2307,85204,1,278.1975,USD
2010-02-15 00:00:00,2010-02-19 00:00:00,2331,01089,1,535.4475,GBP
2010-02-15 00:00:00,2010-02-19 00:00:00,2331,01748,1,535.4475,GBP
2010-02-15 00:00:00,2010-02-19 00:00:00,2331,07104,1,535.4475,USD
2010-02-15 00:00:00,2010-02-19 00:00:00,2331,20906,1,535.4475,GBP
2010-02-15 00:00:00,2010-02-19 00:00:00,2331,21144,1,535.4475,GBP
2010-02-15 00:00:00,2010-02-19 00:00:00,2331,25168,1,535.4475,GBP
2010-02-15 00:00:00,2010-02-19 00:00:00,2331,29150,1,535.4475,USD
2010-02-15 00:00:00,2010-02-19 00:00:00,2331,32169,1,535.4475,GBP
2010-02-15 00:00:00,2010-02-19 00:00:00,2331,32246,1,535.4475,USD
2010-02-15 00:00:00,2010-02-19 00:00:00,2331,32822,1,535.4475,GBP
2010-02-15 00:00:00,2010-02-19 00:00:00,2331,34234,1,535.4475,USD
2010-02-15 00:00:00,2010-02-19 00:00:00,2331,34972,1,535.4475,USD
2010-02-15 00:00:00,2010-02-19 00:00:00,2331,35806,1,535.4475,GBP
2010-02-15 00:00:00,2010-02-19 00:00:00,2331,37814,1,535.4475,USD
2010-02-15 00:00:00,2010-02-19 00:00:00,2331,38125,1,535.4475,GBP
2010-02-15 00:00:00,2010-02-19 00:00:00,2331,63115,1,535.4475,USD
2010-02-15 00:00:00,2010-02-19 00:00:00,2331,76655,1,535.4475,USD
2010-02-15 00:00:00,2010-02-19 00:00:00,2331,77075,1,535.4475,USD
2010-02-15 00:00:00,2010-02-19 00:00:00,2331,77469,1,535.4475,USD
2010-02-15 00:00:00,2010-02-19 00:00:00,2331,78745,1,535.4475,USD
2010-02-15 00:00:00,2010-02-19 00:00:00,2331,82001,1,535.4475,GBP
2010-02-15 00:00:00,2010-02-19 00:00:00,2331,85750,1,535.4475,USD
2010-02-15 00:00:00,2010-02-19 00:00:00,2331,87532,1,535.4475,GBP
2010-02-15 00:00:00,2010-02-19 00:00:00,2331,91352,1,535.4475,USD
2010-02-15 00:00:00,2010-02-19 00:00:00,2331,91367,1,535.4475,USD
2010-02-15 00:00:00,2010-02-19 00:00:00,2331,92646,1,535.4475,USD
2010-02-15 00:00:00,2010-02-19 00:00:00,2331,94611,2,1070.895,GBP
2010-02-15 00:00:00,2010-02-19 00:00:00,2331,94901,1,535.4475,USD
2010-02-15 00:00:00,2010-02-19 00:00:00,2331,95129,1,535.4475,USD
2010-02-15 00:00:00,2010-02-19 00:00:00,2331,95340,1,535.4475,GBP
2010-02-15 00:00:00,2010-02-19 00:00:00,2331,95678,1,535.4475,USD
2010-02-15 00:00:00,2010-02-19 00:00:00,2331,97063,1,535.4475,USD
2010-02-15 00:00:00,2010-02-19 00:00:00,2331,97124,1,535.4475,USD
2010-02-15 00:00:00,2010-02-19 00:00:00,2331,97201,1,535.4475,USD
2010-02-15 00:00:00,2010-02-19 00:00:00,2331,97470,1,535.4475,USD
2010-02-15 00:00:00,2010-02-19 00:00:00,2331,99514,1,535.4475,GBP
2010-02-15 00:00:00,2010-02-19 00:00:00,2351,21221,1,314.9475,USD
2010-02-15 00:00:00,2010-02-19 00:00:00,2351,36569,1,314.9475,USD
2010-02-15 00:00:00,2010-02-19 00:00:00,2351,85219,1,341.1975,USD
2010-02-15 00:00:00,2010-02-19 00:00:00,2352,32780,1,388.4475,GBP
2010-02-15 00:00:00,2010-02-19 00:00:00,2352,32808,1,367.4475,GBP
2010-02-15 00:00:00,2010-02-19 00:00:00,2352,34602,1,388.4475,GBP
2010-02-15 00:00:00,2010-02-19 00:00:00,2352,46013,1,367.4475,GBP
2010-02-15 00:00:00,2010-02-19 00:00:00,2352,66048,1,367.4475,GBP
2010-02-15 00:00:00,2010-02-19 00:00:00,2352,85032,1,367.4475,USD
2010-02-15 00:00:00,2010-02-19 00:00:00,2352,85051,1,367.4475,GBP
2010-02-15 00:00:00,2010-02-19 00:00:00,2352,92147,1,388.4475,USD
2010-02-15 00:00:00,2010-02-19 00:00:00,2352,95014,1,367.4475,USD
2010-02-15 00:00:00,2010-02-19 00:00:00,2352,95842,1,388.4475,GBP
2010-02-15 00:00:00,2010-02-19 00:00:00,2357,90803,1,272.9475,GBP
2010-02-15 00:00:00,2010-02-19 00:00:00,2357,91001,1,278.1975,GBP
2010-02-15 00:00:00,2010-02-19 00:00:00,2357,93463,1,293.9475,USD
2010-02-15 00:00:00,2010-02-19 00:00:00,2357,97070,1,272.9475,GBP
2010-02-15 00:00:00,2010-02-19 00:00:00,2362,02896,1,732.3225,USD
2010-02-15 00:00:00,2010-02-19 00:00:00,2362,32250,1,732.3225,GBP
2010-02-15 00:00:00,2010-02-19 00:00:00,2362,93446,1,751.8,GBP
2010-02-15 00:00:00,2010-02-19 00:00:00,2364,37711,1,325.4475,GBP
2010-02-15 00:00:00,2010-02-19 00:00:00,2370,34986,1,732.3225,USD
2010-02-15 00:00:00,2010-02-19 00:00:00,2370,63050,1,719.1975,GBP
2010-02-15 00:00:00,2010-02-19 00:00:00,2370,78230,1,719.1975,GBP
2010-02-15 00:00:00,2010-02-19 00:00:00,2370,95758,1,721.8225,USD
2010-02-15 00:00:00,2010-02-19 00:00:00,2371,07762,1,551.1975,GBP
2010-02-15 00:00:00,2010-02-19 00:00:00,2371,07930,1,551.1975,GBP
2010-02-15 00:00:00,2010-02-19 00:00:00,2371,52411,1,551.1975,USD
2010-02-15 00:00:00,2010-02-19 00:00:00,2371,71826,1,551.1975,GBP
2010-02-15 00:00:00,2010-02-19 00:00:00,2371,76114,1,551.1975,GBP
2010-02-15 00:00:00,2010-02-19 00:00:00,2371,83715,1,551.1975,USD
2010-02-15 00:00:00,2010-02-19 00:00:00,2371,89129,1,551.1975,USD
2010-02-15 00:00:00,2010-02-19 00:00:00,2371,90404,1,551.1975,USD
2010-02-15 00:00:00,2010-02-19 00:00:00,2372,02864,1,398.9475,GBP
2010-02-15 00:00:00,2010-02-19 00:00:00,2372,70560,1,398.9475,GBP
2010-02-15 00:00:00,2010-02-19 00:00:00,2372,75063,1,398.9475,USD
2010-02-15 00:00:00,2010-02-19 00:00:00,2372,87501,1,398.9475,GBP
2010-02-15 00:00:00,2010-02-19 00:00:00,2372,94706,1,419.9475,GBP
2010-02-15 00:00:00,2010-02-19 00:00:00,2373,20772,1,551.1975,USD
2010-02-15 00:00:00,2010-02-19 00:00:00,2373,20874,1,551.1975,USD
2010-02-15 00:00:00,2010-02-19 00:00:00,2373,25438,1,551.1975,USD
2010-02-15 00:00:00,2010-02-19 00:00:00,2373,29841,1,551.1975,USD
2010-02-15 00:00:00,2010-02-19 00:00:00,2373,32712,1,551.1975,GBP
2010-02-15 00:00:00,2010-02-19 00:00:00,2373,34479,1,551.1975,GBP
2010-02-15 00:00:00,2010-02-19 00:00:00,2373,35768,1,551.1975,USD
2010-02-15 00:00:00,2010-02-19 00:00:00,2373,39483,1,551.1975,GBP
2010-02-15 00:00:00,2010-02-19 00:00:00,2373,40059,1,551.1975,USD
2010-02-15 00:00:00,2010-02-19 00:00:00,2373,46163,1,551.1975,USD
2010-02-15 00:00:00,2010-02-19 00:00:00,2373,55303,1,551.1975,GBP
2010-02-15 00:00:00,2010-02-19 00:00:00,2373,70806,1,551.1975,USD
2010-02-15 00:00:00,2010-02-19 00:00:00,2373,77041,1,551.1975,GBP
2010-02-15 00:00:00,2010-02-19 00:00:00,2373,77057,1,551.1975,USD
2010-02-15 00:00:00,2010-02-19 00:00:00,2373,77396,2,1102.395,USD
2010-02-15 00:00:00,2010-02-19 00:00:00,2373,77587,1,551.1975,USD
2010-02-15 00:00:00,2010-02-19 00:00:00,2373,78666,1,551.1975,GBP
2010-02-15 00:00:00,2010-02-19 00:00:00,2373,85713,1,551.1975,GBP
2010-02-15 00:00:00,2010-02-19 00:00:00,2373,87505,1,551.1975,GBP
2010-02-15 00:00:00,2010-02-19 00:00:00,2373,90501,1,551.1975,USD
2010-02-15 00:00:00,2010-02-19 00:00:00,2373,91942,1,551.1975,GBP
2010-02-15 00:00:00,2010-02-19 00:00:00,2373,92075,1,551.1975,USD
2010-02-15 00:00:00,2010-02-19 00:00:00,2374,36693,1,629.9475,GBP
2010-02-15 00:00:00,2010-02-19 00:00:00,2374,37323,1,629.9475,GBP
2010-02-15 00:00:00,2010-02-19 00:00:00,2374,46142,1,629.9475,USD
2010-02-15 00:00:00,2010-02-19 00:00:00,2374,51501,1,629.9475,GBP
2010-02-15 00:00:00,2010-02-19 00:00:00,2374,55070,1,629.9475,USD
2010-02-15 00:00:00,2010-02-19 00:00:00,2374,64024,1,629.9475,GBP
2010-02-15 00:00:00,2010-02-19 00:00:00,2374,75252,1,629.9475,USD
2010-02-15 00:00:00,2010-02-19 00:00:00,2374,77536,1,629.9475,GBP
2010-02-15 00:00:00,2010-02-19 00:00:00,2374,85374,1,629.9475,GBP
2010-02-15 00:00:00,2010-02-19 00:00:00,2379,40217,1,2078.37,GBP
2010-02-15 00:00:00,2010-02-19 00:00:00,2379,40217,1,1212.3825,USD
2010-02-15 00:00:00,2010-02-19 00:00:00,2379,41033,1,173.1975,USD
2010-02-15 00:00:00,2010-02-19 00:00:00,2379,70301,1,173.1975,GBP
2010-02-15 00:00:00,2010-02-19 00:00:00,2379,71956,1,173.1975,USD
2010-02-15 00:00:00,2010-02-19 00:00:00,2379,71968,1,209.9475,USD
2010-02-15 00:00:00,2010-02-19 00:00:00,2379,75143,1,173.1975,GBP
2010-02-15 00:00:00,2010-02-19 00:00:00,2379,77840,1,173.1975,GBP
2010-02-15 00:00:00,2010-02-19 00:00:00,2379,95129,1,204.6975,USD
2010-02-15 00:00:00,2010-02-19 00:00:00,2380,07052,1,309.6975,GBP
2010-02-15 00:00:00,2010-02-19 00:00:00,2380,33327,1,309.6975,GBP
2010-02-15 00:00:00,2010-02-19 00:00:00,2380,46342,1,293.9475,USD
2010-02-15 00:00:00,2010-02-19 00:00:00,2380,55434,1,309.6975,GBP
2010-02-15 00:00:00,2010-02-19 00:00:00,2380,63628,1,309.6975,GBP
2010-02-15 00:00:00,2010-02-19 00:00:00,2380,78504,1,309.6975,USD
2010-02-15 00:00:00,2010-02-19 00:00:00,2388,20794,1,309.6975,USD
2010-02-15 00:00:00,2010-02-19 00:00:00,2388,32328,1,309.6975,USD
2010-02-15 00:00:00,2010-02-19 00:00:00,2388,33031,4,1238.79,USD
2010-02-15 00:00:00,2010-02-19 00:00:00,2388,33068,2,619.395,GBP
2010-02-15 00:00:00,2010-02-19 00:00:00,2388,33177,2,619.395,USD
2010-02-15 00:00:00,2010-02-19 00:00:00,2388,33428,1,309.6975,USD
2010-02-15 00:00:00,2010-02-19 00:00:00,2388,33511,1,309.6975,USD
2010-02-15 00:00:00,2010-02-19 00:00:00,2388,33714,1,309.6975,USD
2010-02-15 00:00:00,2010-02-19 00:00:00,2388,34974,1,309.6975,USD
2010-02-15 00:00:00,2010-02-19 00:00:00,2388,35674,1,309.6975,USD
2010-02-15 00:00:00,2010-02-19 00:00:00,2388,38618,1,309.6975,GBP
2010-02-15 00:00:00,2010-02-19 00:00:00,2388,39581,1,309.6975,GBP
2010-02-15 00:00:00,2010-02-19 00:00:00,2388,40212,1,2167.8824999999997,GBP
2010-02-15 00:00:00,2010-02-19 00:00:00,2388,40212,1,929.0925,USD
2010-02-15 00:00:00,2010-02-19 00:00:00,2388,40391,1,309.6975,USD
2010-02-15 00:00:00,2010-02-19 00:00:00,2388,40456,1,309.6975,USD
2010-02-15 00:00:00,2010-02-19 00:00:00,2388,41169,1,1238.79,GBP
2010-02-15 00:00:00,2010-02-19 00:00:00,2388,41169,1,1238.79,USD
2010-02-15 00:00:00,2010-02-19 00:00:00,2388,47371,1,309.6975,USD
2010-02-15 00:00:00,2010-02-19 00:00:00,2388,47805,1,1238.79,GBP
2010-02-15 00:00:00,2010-02-19 00:00:00,2388,47805,1,4335.765000000001,USD
2010-02-15 00:00:00,2010-02-19 00:00:00,2388,63601,1,309.6975,GBP
2010-02-15 00:00:00,2010-02-19 00:00:00,2388,64865,1,309.6975,USD
2010-02-15 00:00:00,2010-02-19 00:00:00,2388,67801,1,309.6975,GBP
2010-02-15 00:00:00,2010-02-19 00:00:00,2388,68147,1,309.6975,USD
2010-02-15 00:00:00,2010-02-19 00:00:00,2388,71301,1,309.6975,GBP
2010-02-15 00:00:00,2010-02-19 00:00:00,2388,71968,1,309.6975,GBP
2010-02-15 00:00:00,2010-02-19 00:00:00,2388,73503,1,309.6975,USD
2010-02-15 00:00:00,2010-02-19 00:00:00,2388,74066,1,309.6975,USD
2010-02-15 00:00:00,2010-02-19 00:00:00,2388,78704,1,309.6975,USD
2010-02-15 00:00:00,2010-02-19 00:00:00,2388,79924,1,309.6975,USD
2010-02-15 00:00:00,2010-02-19 00:00:00,2388,93720,1,309.6975,USD
2010-02-15 00:00:00,2010-02-19 00:00:00,2388,94030,1,309.6975,USD
2010-02-15 00:00:00,2010-02-19 00:00:00,2388,99518,1,309.6975,USD
2010-02-15 00:00:00,2010-02-19 00:00:00,2401,19901,1,162.6975,GBP
2010-02-15 00:00:00,2010-02-19 00:00:00,2401,33330,1,162.6975,USD
2010-02-15 00:00:00,2010-02-19 00:00:00,2401,70131,1,162.6975,GBP
2010-02-15 00:00:00,2010-02-19 00:00:00,2406,33312,1,89.1975,USD
2010-02-15 00:00:00,2010-02-19 00:00:00,2406,33931,1,89.1975,USD
2010-02-15 00:00:00,2010-02-19 00:00:00,2406,46555,1,89.1975,GBP
2010-02-15 00:00:00,2010-02-19 00:00:00,2406,47711,1,89.1975,USD
2010-02-15 00:00:00,2010-02-19 00:00:00,2407,20860,1,73.4475,GBP
2010-02-15 00:00:00,2010-02-19 00:00:00,2407,21074,1,73.4475,GBP
2010-02-15 00:00:00,2010-02-19 00:00:00,2407,29053,1,73.4475,USD
2010-02-15 00:00:00,2010-02-19 00:00:00,2407,29301,1,73.4475,GBP
2010-02-15 00:00:00,2010-02-19 00:00:00,2407,33021,1,73.4475,USD
2010-02-15 00:00:00,2010-02-19 00:00:00,2407,33414,2,146.895,USD
2010-02-15 00:00:00,2010-02-19 00:00:00,2407,47512,1,73.4475,USD
2010-02-15 00:00:00,2010-02-19 00:00:00,2407,53217,1,73.4475,GBP
2010-02-15 00:00:00,2010-02-19 00:00:00,2407,97035,1,73.4475,GBP
2010-02-15 00:00:00,2010-02-19 00:00:00,2410,20002,1,99.6975,USD
2010-02-15 00:00:00,2010-02-19 00:00:00,2410,32819,1,99.6975,USD
2010-02-15 00:00:00,2010-02-19 00:00:00,2410,33027,1,99.6975,USD
2010-02-15 00:00:00,2010-02-19 00:00:00,2410,33170,1,99.6975,USD
2010-02-15 00:00:00,2010-02-19 00:00:00,2410,33325,1,99.6975,USD
2010-02-15 00:00:00,2010-02-19 00:00:00,2410,33570,2,199.395,USD
2010-02-15 00:00:00,2010-02-19 00:00:00,2410,34223,1,99.6975,USD
2010-02-15 00:00:00,2010-02-19 00:00:00,2410,35405,2,199.395,USD
2010-02-15 00:00:00,2010-02-19 00:00:00,2410,54476,1,99.6975,GBP
2010-02-15 00:00:00,2010-02-19 00:00:00,2410,55438,1,99.6975,USD
2010-02-15 00:00:00,2010-02-19 00:00:00,2410,72414,1,99.6975,USD
2010-02-15 00:00:00,2010-02-19 00:00:00,2410,72927,1,99.6975,USD
2010-02-15 00:00:00,2010-02-19 00:00:00,2410,77087,1,99.6975,GBP
2010-02-15 00:00:00,2010-02-19 00:00:00,2410,78539,2,199.395,USD
2010-02-15 00:00:00,2010-02-19 00:00:00,2410,97540,1,99.6975,GBP
2010-02-15 00:00:00,2010-02-20 00:00:00,36,64061,1,414.75,USD
2010-02-15 00:00:00,2010-02-20 00:00:00,36,70435,1,414.75,USD
2010-02-15 00:00:00,2010-02-20 00:00:00,36,92831,1,414.75,GBP
2010-02-15 00:00:00,2010-02-20 00:00:00,36,95050,1,414.75,USD
2010-02-15 00:00:00,2010-02-20 00:00:00,36,95670,1,414.75,GBP
2010-02-15 00:00:00,2010-02-20 00:00:00,94,95843,1,866.25,GBP
2010-02-15 00:00:00,2010-02-20 00:00:00,94,97530,1,839.475,USD
2010-02-15 00:00:00,2010-02-20 00:00:00,120,21029,1,829.5,USD
2010-02-15 00:00:00,2010-02-20 00:00:00,120,29221,1,829.5,GBP
2010-02-15 00:00:00,2010-02-20 00:00:00,120,53186,1,829.5,GBP
2010-02-15 00:00:00,2010-02-20 00:00:00,120,77379,1,829.5,GBP
2010-02-15 00:00:00,2010-02-20 00:00:00,120,90808,1,829.5,USD
2010-02-15 00:00:00,2010-02-20 00:00:00,120,93711,1,829.5,USD
2010-02-15 00:00:00,2010-02-20 00:00:00,120,93906,1,829.5,GBP
2010-02-15 00:00:00,2010-02-20 00:00:00,120,95054,1,829.5,USD
2010-02-15 00:00:00,2010-02-20 00:00:00,120,95330,1,829.5,GBP
2010-02-15 00:00:00,2010-02-20 00:00:00,120,97217,1,829.5,USD
2010-02-15 00:00:00,2010-02-20 00:00:00,139,21013,1,546,GBP
2010-02-15 00:00:00,2010-02-20 00:00:00,139,21037,1,546,GBP
2010-02-15 00:00:00,2010-02-20 00:00:00,139,21037,1,1092,USD
2010-02-15 00:00:00,2010-02-20 00:00:00,149,07675,1,393.225,USD
2010-02-15 00:00:00,2010-02-20 00:00:00,184,40059,1,729.75,USD
2010-02-15 00:00:00,2010-02-20 00:00:00,187,34242,1,819,USD
2010-02-15 00:00:00,2010-02-20 00:00:00,187,85207,1,819,USD
2010-02-15 00:00:00,2010-02-20 00:00:00,187,92663,1,819,GBP
2010-02-15 00:00:00,2010-02-20 00:00:00,187,95120,1,819,GBP
2010-02-15 00:00:00,2010-02-20 00:00:00,187,99801,1,819,USD
2010-02-15 00:00:00,2010-02-20 00:00:00,195,08081,1,750.225,USD
2010-02-15 00:00:00,2010-02-20 00:00:00,195,46240,1,750.225,USD
2010-02-15 00:00:00,2010-02-20 00:00:00,195,46254,1,750.225,USD
2010-02-15 00:00:00,2010-02-20 00:00:00,195,47639,1,750.225,USD
2010-02-15 00:00:00,2010-02-20 00:00:00,195,70131,1,750.225,USD
2010-02-15 00:00:00,2010-02-20 00:00:00,195,71360,1,750.225,USD
2010-02-15 00:00:00,2010-02-20 00:00:00,195,83716,1,750.225,USD
2010-02-15 00:00:00,2010-02-20 00:00:00,195,85204,1,750.225,USD
2010-02-15 00:00:00,2010-02-20 00:00:00,195,85381,1,750.225,USD
2010-02-15 00:00:00,2010-02-20 00:00:00,195,92160,1,750.225,USD
2010-02-15 00:00:00,2010-02-20 00:00:00,195,95120,1,750.225,USD
2010-02-15 00:00:00,2010-02-20 00:00:00,195,95123,1,750.225,USD
2010-02-15 00:00:00,2010-02-20 00:00:00,195,95476,1,750.225,GBP
2010-02-15 00:00:00,2010-02-20 00:00:00,228,92807,1,655.9875,USD
2010-02-15 00:00:00,2010-02-20 00:00:00,228,94574,1,655.9875,USD
2010-02-15 00:00:00,2010-02-20 00:00:00,234,77345,1,403.9875,USD
2010-02-15 00:00:00,2010-02-20 00:00:00,248,85310,1,524.7375,GBP
2010-02-15 00:00:00,2010-02-20 00:00:00,288,91784,1,865.9875,USD
2010-02-15 00:00:00,2010-02-20 00:00:00,297,85308,1,708.4875,USD
2010-02-15 00:00:00,2010-02-20 00:00:00,297,91711,1,708.4875,USD
2010-02-15 00:00:00,2010-02-20 00:00:00,318,08873,1,865.9875,GBP
2010-02-15 00:00:00,2010-02-20 00:00:00,318,53589,1,865.9875,GBP
2010-02-15 00:00:00,2010-02-20 00:00:00,318,90809,1,865.9875,USD
2010-02-15 00:00:00,2010-02-20 00:00:00,326,33480,1,708.4875,GBP
2010-02-15 00:00:00,2010-02-20 00:00:00,330,06877,2,1154.475,GBP
2010-02-15 00:00:00,2010-02-20 00:00:00,330,29577,1,577.2375,USD
2010-02-15 00:00:00,2010-02-20 00:00:00,330,89012,1,577.2375,USD
2010-02-15 00:00:00,2010-02-20 00:00:00,330,90277,1,577.2375,USD
2010-02-15 00:00:00,2010-02-20 00:00:00,355,68701,1,435.4875,USD
2010-02-15 00:00:00,2010-02-20 00:00:00,370,20011,1,540.4875,USD
2010-02-15 00:00:00,2010-02-20 00:00:00,370,94109,1,540.4875,USD
2010-02-15 00:00:00,2010-02-20 00:00:00,396,01201,1,857.0625,USD
2010-02-15 00:00:00,2010-02-20 00:00:00,396,01569,1,857.0625,USD
2010-02-15 00:00:00,2010-02-20 00:00:00,396,02760,1,857.0625,GBP
2010-02-15 00:00:00,2010-02-20 00:00:00,396,06441,1,857.0625,GBP
2010-02-15 00:00:00,2010-02-20 00:00:00,396,07662,1,857.0625,USD
2010-02-15 00:00:00,2010-02-20 00:00:00,396,08035,1,857.0625,USD
2010-02-15 00:00:00,2010-02-20 00:00:00,396,19702,1,857.0625,USD
2010-02-15 00:00:00,2010-02-20 00:00:00,396,19711,1,857.0625,USD
2010-02-15 00:00:00,2010-02-20 00:00:00,396,20688,1,857.0625,GBP
2010-02-15 00:00:00,2010-02-20 00:00:00,396,21122,1,857.0625,GBP
2010-02-15 00:00:00,2010-02-20 00:00:00,396,29528,1,857.0625,USD
2010-02-15 00:00:00,2010-02-20 00:00:00,396,29572,1,857.0625,USD
2010-02-15 00:00:00,2010-02-20 00:00:00,396,29576,1,857.0625,USD
2010-02-15 00:00:00,2010-02-20 00:00:00,396,32092,1,857.0625,GBP
2010-02-15 00:00:00,2010-02-20 00:00:00,396,32124,1,857.0625,USD
2010-02-15 00:00:00,2010-02-20 00:00:00,396,32579,1,857.0625,USD
2010-02-15 00:00:00,2010-02-20 00:00:00,396,32608,1,857.0625,GBP
2010-02-15 00:00:00,2010-02-20 00:00:00,396,33703,1,857.0625,GBP
2010-02-15 00:00:00,2010-02-20 00:00:00,396,34610,1,857.0625,USD
2010-02-15 00:00:00,2010-02-20 00:00:00,396,35216,1,857.0625,USD
2010-02-15 00:00:00,2010-02-20 00:00:00,396,37073,1,857.0625,GBP
2010-02-15 00:00:00,2010-02-20 00:00:00,396,38019,1,857.0625,GBP
2010-02-15 00:00:00,2010-02-20 00:00:00,396,38401,1,857.0625,USD
2010-02-15 00:00:00,2010-02-20 00:00:00,396,39110,1,857.0625,GBP
2010-02-15 00:00:00,2010-02-20 00:00:00,396,40025,1,857.0625,GBP
2010-02-15 00:00:00,2010-02-20 00:00:00,396,40208,1,857.0625,USD
2010-02-15 00:00:00,2010-02-20 00:00:00,396,46237,1,857.0625,USD
2010-02-15 00:00:00,2010-02-20 00:00:00,396,46797,1,857.0625,USD
2010-02-15 00:00:00,2010-02-20 00:00:00,396,50450,1,857.0625,USD
2010-02-15 00:00:00,2010-02-20 00:00:00,396,52807,1,857.0625,USD
2010-02-15 00:00:00,2010-02-20 00:00:00,396,53121,1,857.0625,GBP
2010-02-15 00:00:00,2010-02-20 00:00:00,396,53121,1,857.0625,USD
2010-02-15 00:00:00,2010-02-20 00:00:00,396,53225,2,8570.625,GBP
2010-02-15 00:00:00,2010-02-20 00:00:00,396,53225,2,3428.25,USD
2010-02-15 00:00:00,2010-02-20 00:00:00,396,53538,1,857.0625,GBP
2010-02-15 00:00:00,2010-02-20 00:00:00,396,53719,1,857.0625,USD
2010-02-15 00:00:00,2010-02-20 00:00:00,396,54011,1,857.0625,USD
2010-02-15 00:00:00,2010-02-20 00:00:00,396,54017,1,857.0625,USD
2010-02-15 00:00:00,2010-02-20 00:00:00,396,54313,1,857.0625,USD
2010-02-15 00:00:00,2010-02-20 00:00:00,396,54452,1,857.0625,USD
2010-02-15 00:00:00,2010-02-20 00:00:00,396,54650,1,857.0625,GBP
2010-02-15 00:00:00,2010-02-20 00:00:00,396,54956,1,857.0625,USD
2010-02-15 00:00:00,2010-02-20 00:00:00,396,55304,1,857.0625,GBP
2010-02-15 00:00:00,2010-02-20 00:00:00,396,55804,1,857.0625,GBP
2010-02-15 00:00:00,2010-02-20 00:00:00,396,56073,1,857.0625,GBP
2010-02-15 00:00:00,2010-02-20 00:00:00,396,56308,1,857.0625,USD
2010-02-15 00:00:00,2010-02-20 00:00:00,396,57106,2,1714.125,USD
2010-02-15 00:00:00,2010-02-20 00:00:00,396,65804,1,857.0625,GBP
2010-02-15 00:00:00,2010-02-20 00:00:00,396,66047,1,857.0625,GBP
2010-02-15 00:00:00,2010-02-20 00:00:00,396,66226,1,857.0625,USD
2010-02-15 00:00:00,2010-02-20 00:00:00,396,68138,1,857.0625,GBP
2010-02-15 00:00:00,2010-02-20 00:00:00,396,70053,1,857.0625,GBP
2010-02-15 00:00:00,2010-02-20 00:00:00,396,73108,1,857.0625,GBP
2010-02-15 00:00:00,2010-02-20 00:00:00,396,73160,1,857.0625,USD
2010-02-15 00:00:00,2010-02-20 00:00:00,396,74437,1,857.0625,GBP
2010-02-15 00:00:00,2010-02-20 00:00:00,396,75041,1,857.0625,USD
2010-02-15 00:00:00,2010-02-20 00:00:00,396,75703,1,857.0625,GBP
2010-02-15 00:00:00,2010-02-20 00:00:00,396,75963,1,857.0625,USD
2010-02-15 00:00:00,2010-02-20 00:00:00,396,76034,1,857.0625,USD
2010-02-15 00:00:00,2010-02-20 00:00:00,396,76039,1,857.0625,GBP
2010-02-15 00:00:00,2010-02-20 00:00:00,396,77063,1,857.0625,USD
2010-02-15 00:00:00,2010-02-20 00:00:00,396,78750,1,857.0625,USD
2010-02-15 00:00:00,2010-02-20 00:00:00,396,79602,1,857.0625,GBP
2010-02-15 00:00:00,2010-02-20 00:00:00,396,79907,1,857.0625,USD
2010-02-15 00:00:00,2010-02-20 00:00:00,396,82601,2,1714.125,USD
2010-02-15 00:00:00,2010-02-20 00:00:00,396,85027,1,857.0625,USD
2010-02-15 00:00:00,2010-02-20 00:00:00,396,85301,1,857.0625,GBP
2010-02-15 00:00:00,2010-02-20 00:00:00,396,85310,1,857.0625,USD
2010-02-15 00:00:00,2010-02-20 00:00:00,396,85742,1,857.0625,GBP
2010-02-15 00:00:00,2010-02-20 00:00:00,396,87031,1,857.0625,GBP
2010-02-15 00:00:00,2010-02-20 00:00:00,396,87122,1,857.0625,GBP
2010-02-15 00:00:00,2010-02-20 00:00:00,396,87544,1,857.0625,USD
2010-02-15 00:00:00,2010-02-20 00:00:00,396,90638,1,857.0625,USD
2010-02-15 00:00:00,2010-02-20 00:00:00,396,91780,1,857.0625,GBP
2010-02-15 00:00:00,2010-02-20 00:00:00,396,92019,1,857.0625,USD
2010-02-15 00:00:00,2010-02-20 00:00:00,396,92504,1,857.0625,GBP
2010-02-15 00:00:00,2010-02-20 00:00:00,396,92610,1,857.0625,USD
2010-02-15 00:00:00,2010-02-20 00:00:00,396,92688,1,857.0625,USD
2010-02-15 00:00:00,2010-02-20 00:00:00,396,93063,1,857.0625,GBP
2010-02-15 00:00:00,2010-02-20 00:00:00,396,93292,1,857.0625,USD
2010-02-15 00:00:00,2010-02-20 00:00:00,396,94952,1,857.0625,USD
2010-02-15 00:00:00,2010-02-20 00:00:00,396,95127,1,857.0625,GBP
2010-02-15 00:00:00,2010-02-20 00:00:00,396,95608,1,857.0625,GBP
2010-02-15 00:00:00,2010-02-20 00:00:00,396,97007,1,857.0625,USD
2010-02-15 00:00:00,2010-02-20 00:00:00,396,97008,1,857.0625,USD
2010-02-15 00:00:00,2010-02-20 00:00:00,396,97132,1,857.0625,USD
2010-02-15 00:00:00,2010-02-20 00:00:00,396,99587,1,857.0625,USD
2010-02-15 00:00:00,2010-02-20 00:00:00,400,06128,1,683.8125,GBP
2010-02-15 00:00:00,2010-02-20 00:00:00,400,06708,1,683.8125,GBP
2010-02-15 00:00:00,2010-02-20 00:00:00,400,21221,1,683.8125,GBP
2010-02-15 00:00:00,2010-02-20 00:00:00,400,32130,1,2051.4375,GBP
2010-02-15 00:00:00,2010-02-20 00:00:00,400,32130,1,1367.625,USD
2010-02-15 00:00:00,2010-02-20 00:00:00,400,38320,1,683.8125,GBP
2010-02-15 00:00:00,2010-02-20 00:00:00,400,46060,1,683.8125,USD
2010-02-15 00:00:00,2010-02-20 00:00:00,400,46307,1,683.8125,GBP
2010-02-15 00:00:00,2010-02-20 00:00:00,400,59716,1,683.8125,GBP
2010-02-15 00:00:00,2010-02-20 00:00:00,400,79550,1,683.8125,USD
2010-02-15 00:00:00,2010-02-20 00:00:00,400,85749,1,683.8125,USD
2010-02-15 00:00:00,2010-02-20 00:00:00,400,90049,1,697.725,GBP
2010-02-15 00:00:00,2010-02-20 00:00:00,400,92507,1,697.725,GBP
2010-02-15 00:00:00,2010-02-20 00:00:00,400,93277,1,681.975,USD
2010-02-15 00:00:00,2010-02-20 00:00:00,400,94954,1,697.725,USD
2010-02-15 00:00:00,2010-02-20 00:00:00,400,95610,1,697.725,USD
2010-02-15 00:00:00,2010-02-20 00:00:00,415,34146,1,482.7375,USD
2010-02-15 00:00:00,2010-02-20 00:00:00,415,70462,1,495.8625,USD
2010-02-15 00:00:00,2010-02-20 00:00:00,426,54110,1,795.1125,GBP
2010-02-15 00:00:00,2010-02-20 00:00:00,426,77554,1,795.1125,GBP
2010-02-15 00:00:00,2010-02-20 00:00:00,426,82007,1,795.1125,GBP
2010-02-15 00:00:00,2010-02-20 00:00:00,426,93535,1,807.975,GBP
2010-02-15 00:00:00,2010-02-20 00:00:00,433,21037,1,1608.6,GBP
2010-02-15 00:00:00,2010-02-20 00:00:00,433,21037,1,1608.6,USD
2010-02-15 00:00:00,2010-02-20 00:00:00,433,37110,1,804.3,USD
2010-02-15 00:00:00,2010-02-20 00:00:00,433,47265,1,804.3,GBP
2010-02-15 00:00:00,2010-02-20 00:00:00,433,53225,1,1608.6,GBP
2010-02-15 00:00:00,2010-02-20 00:00:00,433,53225,1,1608.6,USD
2010-02-15 00:00:00,2010-02-20 00:00:00,433,53534,1,804.3,GBP
2010-02-15 00:00:00,2010-02-20 00:00:00,433,56320,1,804.3,GBP
2010-02-15 00:00:00,2010-02-20 00:00:00,433,56501,1,804.3,USD
2010-02-15 00:00:00,2010-02-20 00:00:00,433,66210,1,804.3,GBP
2010-02-15 00:00:00,2010-02-20 00:00:00,433,77836,1,804.3,USD
2010-02-15 00:00:00,2010-02-20 00:00:00,433,91773,1,804.3,GBP
2010-02-15 00:00:00,2010-02-20 00:00:00,443,02878,1,790.9125,GBP
2010-02-15 00:00:00,2010-02-20 00:00:00,443,06422,1,790.9125,GBP
2010-02-15 00:00:00,2010-02-20 00:00:00,443,08230,1,790.9125,GBP
2010-02-15 00:00:00,2010-02-20 00:00:00,443,19968,1,790.9125,GBP
2010-02-15 00:00:00,2010-02-20 00:00:00,443,26280,1,790.9125,GBP
2010-02-15 00:00:00,2010-02-20 00:00:00,443,32750,1,790.9125,GBP
2010-02-15 00:00:00,2010-02-20 00:00:00,443,33510,1,790.9125,GBP
2010-02-15 00:00:00,2010-02-20 00:00:00,443,33759,1,790.9125,GBP
2010-02-15 00:00:00,2010-02-20 00:00:00,443,33912,1,790.9125,USD
2010-02-15 00:00:00,2010-02-20 00:00:00,443,34769,1,790.9125,GBP
2010-02-15 00:00:00,2010-02-20 00:00:00,443,42071,2,1581.825,GBP
2010-02-15 00:00:00,2010-02-20 00:00:00,443,52405,1,790.9125,GBP
2010-02-15 00:00:00,2010-02-20 00:00:00,443,53050,1,790.9125,GBP
2010-02-15 00:00:00,2010-02-20 00:00:00,443,54449,2,1581.825,GBP
2010-02-15 00:00:00,2010-02-20 00:00:00,443,55320,1,790.9125,GBP
2010-02-15 00:00:00,2010-02-20 00:00:00,443,55364,1,790.9125,GBP
2010-02-15 00:00:00,2010-02-20 00:00:00,443,56001,2,1581.825,GBP
2010-02-15 00:00:00,2010-02-20 00:00:00,443,64138,1,790.9125,GBP
2010-02-15 00:00:00,2010-02-20 00:00:00,443,70583,1,790.9125,GBP
2010-02-15 00:00:00,2010-02-20 00:00:00,443,74075,1,790.9125,GBP
2010-02-15 00:00:00,2010-02-20 00:00:00,443,77090,1,790.9125,GBP
2010-02-15 00:00:00,2010-02-20 00:00:00,443,77701,1,790.9125,GBP
2010-02-15 00:00:00,2010-02-20 00:00:00,443,87120,1,790.9125,GBP
2010-02-15 00:00:00,2010-02-20 00:00:00,443,87402,1,790.9125,GBP
2010-02-15 00:00:00,2010-02-20 00:00:00,443,92507,1,804.825,GBP
2010-02-15 00:00:00,2010-02-20 00:00:00,443,95118,1,804.825,GBP
2010-02-15 00:00:00,2010-02-20 00:00:00,443,95613,1,804.825,GBP
2010-02-15 00:00:00,2010-02-20 00:00:00,443,95949,1,804.825,GBP
2010-02-15 00:00:00,2010-02-20 00:00:00,443,97060,1,790.9125,GBP
2010-02-15 00:00:00,2010-02-20 00:00:00,475,07728,1,970.2,USD
2010-02-15 00:00:00,2010-02-20 00:00:00,475,08055,1,970.2,USD
2010-02-15 00:00:00,2010-02-20 00:00:00,475,08360,1,970.2,USD
2010-02-15 00:00:00,2010-02-20 00:00:00,475,29609,1,970.2,GBP
2010-02-15 00:00:00,2010-02-20 00:00:00,475,32726,1,970.2,GBP
2010-02-15 00:00:00,2010-02-20 00:00:00,475,32940,1,970.2,GBP
2010-02-15 00:00:00,2010-02-20 00:00:00,475,33462,1,970.2,USD
2010-02-15 00:00:00,2010-02-20 00:00:00,475,33569,1,970.2,GBP
2010-02-15 00:00:00,2010-02-20 00:00:00,475,33837,1,970.2,GBP
2010-02-15 00:00:00,2010-02-20 00:00:00,475,35671,1,970.2,USD
2010-02-15 00:00:00,2010-02-20 00:00:00,475,37874,1,970.2,USD
2010-02-15 00:00:00,2010-02-20 00:00:00,475,46032,2,1940.4,GBP
2010-02-15 00:00:00,2010-02-20 00:00:00,475,46130,1,970.2,GBP
2010-02-15 00:00:00,2010-02-20 00:00:00,475,46219,1,970.2,USD
2010-02-15 00:00:00,2010-02-20 00:00:00,475,46236,1,970.2,GBP
2010-02-15 00:00:00,2010-02-20 00:00:00,475,46236,1,970.2,USD
2010-02-15 00:00:00,2010-02-20 00:00:00,475,50574,1,970.2,USD
2010-02-15 00:00:00,2010-02-20 00:00:00,475,51401,1,970.2,GBP
2010-02-15 00:00:00,2010-02-20 00:00:00,475,53086,1,970.2,GBP
2010-02-15 00:00:00,2010-02-20 00:00:00,475,53188,3,2910.6,USD
2010-02-15 00:00:00,2010-02-20 00:00:00,475,53207,1,970.2,GBP
2010-02-15 00:00:00,2010-02-20 00:00:00,475,53225,1,4851,GBP
2010-02-15 00:00:00,2010-02-20 00:00:00,475,53225,1,6791.4,USD
2010-02-15 00:00:00,2010-02-20 00:00:00,475,55437,1,970.2,USD
2010-02-15 00:00:00,2010-02-20 00:00:00,475,56039,1,970.2,USD
2010-02-15 00:00:00,2010-02-20 00:00:00,475,58075,1,970.2,GBP
2010-02-15 00:00:00,2010-02-20 00:00:00,475,63960,1,970.2,USD
2010-02-15 00:00:00,2010-02-20 00:00:00,475,68505,1,970.2,USD
2010-02-15 00:00:00,2010-02-20 00:00:00,475,74074,1,970.2,GBP
2010-02-15 00:00:00,2010-02-20 00:00:00,475,75604,1,970.2,GBP
2010-02-15 00:00:00,2010-02-20 00:00:00,475,79550,1,970.2,GBP
2010-02-15 00:00:00,2010-02-20 00:00:00,475,92630,1,975.45,USD
2010-02-15 00:00:00,2010-02-20 00:00:00,475,92656,1,975.45,GBP
2010-02-15 00:00:00,2010-02-20 00:00:00,475,93308,1,975.45,GBP
2010-02-15 00:00:00,2010-02-20 00:00:00,475,95003,1,975.45,USD
2010-02-15 00:00:00,2010-02-20 00:00:00,475,95054,1,975.45,GBP
2010-02-15 00:00:00,2010-02-20 00:00:00,475,95457,1,975.45,GBP
2010-02-15 00:00:00,2010-02-20 00:00:00,475,95973,1,975.45,GBP
2010-02-15 00:00:00,2010-02-20 00:00:00,485,63801,1,807.1875,USD
2010-02-15 00:00:00,2010-02-20 00:00:00,485,87124,1,807.1875,GBP
2010-02-15 00:00:00,2010-02-20 00:00:00,488,35801,1,970.2,GBP
2010-02-15 00:00:00,2010-02-20 00:00:00,488,46561,1,970.2,USD
2010-02-15 00:00:00,2010-02-20 00:00:00,488,53119,1,13582.800000000003,GBP
2010-02-15 00:00:00,2010-02-20 00:00:00,488,53119,1,11642.400000000001,USD
2010-02-15 00:00:00,2010-02-20 00:00:00,491,01536,1,815.325,GBP
2010-02-15 00:00:00,2010-02-20 00:00:00,491,01590,1,815.325,USD
2010-02-15 00:00:00,2010-02-20 00:00:00,491,01757,1,815.325,GBP
2010-02-15 00:00:00,2010-02-20 00:00:00,491,06111,1,815.325,GBP
2010-02-15 00:00:00,2010-02-20 00:00:00,491,33426,1,815.325,USD
2010-02-15 00:00:00,2010-02-20 00:00:00,491,33983,1,815.325,GBP
2010-02-15 00:00:00,2010-02-20 00:00:00,491,34639,1,815.325,USD
2010-02-15 00:00:00,2010-02-20 00:00:00,491,38651,1,815.325,USD
2010-02-15 00:00:00,2010-02-20 00:00:00,491,39520,1,815.325,GBP
2010-02-15 00:00:00,2010-02-20 00:00:00,491,46143,1,815.325,USD
2010-02-15 00:00:00,2010-02-20 00:00:00,491,46303,1,815.325,USD
2010-02-15 00:00:00,2010-02-20 00:00:00,491,47805,1,4076.625,GBP
2010-02-15 00:00:00,2010-02-20 00:00:00,491,47805,1,3261.3,USD
2010-02-15 00:00:00,2010-02-20 00:00:00,491,50010,1,815.325,USD
2010-02-15 00:00:00,2010-02-20 00:00:00,491,51334,1,815.325,USD
2010-02-15 00:00:00,2010-02-20 00:00:00,491,52003,1,815.325,USD
2010-02-15 00:00:00,2010-02-20 00:00:00,491,55044,1,815.325,GBP
2010-02-15 00:00:00,2010-02-20 00:00:00,491,55117,1,815.325,USD
2010-02-15 00:00:00,2010-02-20 00:00:00,491,55327,1,815.325,GBP
2010-02-15 00:00:00,2010-02-20 00:00:00,491,55343,1,815.325,USD
2010-02-15 00:00:00,2010-02-20 00:00:00,491,55369,1,815.325,GBP
2010-02-15 00:00:00,2010-02-20 00:00:00,491,55379,2,1630.65,USD
2010-02-15 00:00:00,2010-02-20 00:00:00,491,63701,1,815.325,GBP
2010-02-15 00:00:00,2010-02-20 00:00:00,491,63902,1,815.325,GBP
2010-02-15 00:00:00,2010-02-20 00:00:00,491,73077,1,815.325,USD
2010-02-15 00:00:00,2010-02-20 00:00:00,491,75089,1,815.325,USD
2010-02-15 00:00:00,2010-02-20 00:00:00,491,76310,1,815.325,GBP
2010-02-15 00:00:00,2010-02-20 00:00:00,491,76705,1,815.325,USD
2010-02-15 00:00:00,2010-02-20 00:00:00,491,78746,1,815.325,USD
2010-02-15 00:00:00,2010-02-20 00:00:00,491,84123,1,815.325,USD
2010-02-15 00:00:00,2010-02-20 00:00:00,491,88201,1,815.325,USD
2010-02-15 00:00:00,2010-02-20 00:00:00,491,97426,1,815.325,USD
2010-02-15 00:00:00,2010-02-20 00:00:00,495,32208,1,560.9625,GBP
2010-02-15 00:00:00,2010-02-20 00:00:00,495,33601,5,2804.8125,USD
2010-02-15 00:00:00,2010-02-20 00:00:00,495,36301,3,1682.8875,GBP
2010-02-15 00:00:00,2010-02-20 00:00:00,499,20603,1,846.3,GBP
2010-02-15 00:00:00,2010-02-20 00:00:00,499,21702,1,846.3,USD
2010-02-15 00:00:00,2010-02-20 00:00:00,499,25621,1,846.3,USD
2010-02-15 00:00:00,2010-02-20 00:00:00,499,33014,4,3385.2,USD
2010-02-15 00:00:00,2010-02-20 00:00:00,499,37331,1,846.3,GBP
2010-02-15 00:00:00,2010-02-20 00:00:00,499,46322,1,846.3,GBP
2010-02-15 00:00:00,2010-02-20 00:00:00,499,46516,1,846.3,GBP
2010-02-15 00:00:00,2010-02-20 00:00:00,499,46613,1,846.3,USD
2010-02-15 00:00:00,2010-02-20 00:00:00,499,46701,1,846.3,GBP
2010-02-15 00:00:00,2010-02-20 00:00:00,499,53029,1,846.3,GBP
2010-02-15 00:00:00,2010-02-20 00:00:00,499,53144,2,1692.6,USD
2010-02-15 00:00:00,2010-02-20 00:00:00,499,55744,1,846.3,GBP
2010-02-15 00:00:00,2010-02-20 00:00:00,499,55906,1,846.3,GBP
2010-02-15 00:00:00,2010-02-20 00:00:00,499,56026,1,846.3,USD
2010-02-15 00:00:00,2010-02-20 00:00:00,499,57702,1,846.3,GBP
2010-02-15 00:00:00,2010-02-20 00:00:00,499,63141,1,846.3,GBP
2010-02-15 00:00:00,2010-02-20 00:00:00,499,85205,1,846.3,GBP
2010-02-15 00:00:00,2010-02-20 00:00:00,499,95682,1,851.55,USD
2010-02-15 00:00:00,2010-02-20 00:00:00,499,99507,1,846.3,GBP
2010-02-15 00:00:00,2010-02-20 00:00:00,510,46536,1,837.1125,GBP
2010-02-15 00:00:00,2010-02-20 00:00:00,510,89429,1,837.1125,USD
2010-02-15 00:00:00,2010-02-20 00:00:00,510,91325,1,842.3625,USD
2010-02-15 00:00:00,2010-02-20 00:00:00,510,91350,1,842.3625,USD
2010-02-15 00:00:00,2010-02-20 00:00:00,510,95476,1,842.3625,GBP
2010-02-15 00:00:00,2010-02-20 00:00:00,513,21136,1,451.4475,USD
2010-02-15 00:00:00,2010-02-20 00:00:00,513,55124,1,451.4475,USD
2010-02-15 00:00:00,2010-02-20 00:00:00,513,63366,1,451.4475,GBP
2010-02-15 00:00:00,2010-02-20 00:00:00,513,87112,1,451.4475,GBP
2010-02-15 00:00:00,2010-02-20 00:00:00,521,26034,1,556.4475,GBP
2010-02-15 00:00:00,2010-02-20 00:00:00,530,21037,1,1259.895,GBP
2010-02-15 00:00:00,2010-02-20 00:00:00,530,21037,1,1259.895,USD
2010-02-15 00:00:00,2010-02-20 00:00:00,530,85021,1,629.9475,GBP
2010-02-15 00:00:00,2010-02-20 00:00:00,532,08724,1,556.4475,USD
2010-02-15 00:00:00,2010-02-20 00:00:00,532,46236,1,556.4475,USD
2010-02-15 00:00:00,2010-02-20 00:00:00,532,53086,1,556.4475,USD
2010-02-15 00:00:00,2010-02-20 00:00:00,532,85306,1,524.9475,USD
2010-02-15 00:00:00,2010-02-20 00:00:00,532,91320,1,561.6975,USD
2010-02-15 00:00:00,2010-02-20 00:00:00,532,92083,1,561.6975,USD
2010-02-15 00:00:00,2010-02-20 00:00:00,532,92392,1,561.6975,USD
2010-02-15 00:00:00,2010-02-20 00:00:00,550,21221,2,807.975,GBP
2010-02-15 00:00:00,2010-02-20 00:00:00,550,21666,1,403.9875,GBP
2010-02-15 00:00:00,2010-02-20 00:00:00,550,29160,1,403.9875,USD
2010-02-15 00:00:00,2010-02-20 00:00:00,550,29643,1,403.9875,GBP
2010-02-15 00:00:00,2010-02-20 00:00:00,550,32927,1,403.9875,GBP
2010-02-15 00:00:00,2010-02-20 00:00:00,550,38139,1,403.9875,GBP
2010-02-15 00:00:00,2010-02-20 00:00:00,550,41835,1,403.9875,USD
2010-02-15 00:00:00,2010-02-20 00:00:00,550,46227,1,403.9875,GBP
2010-02-15 00:00:00,2010-02-20 00:00:00,550,53095,2,807.975,USD
2010-02-15 00:00:00,2010-02-20 00:00:00,550,53132,1,403.9875,GBP
2010-02-15 00:00:00,2010-02-20 00:00:00,550,56073,1,403.9875,GBP
2010-02-15 00:00:00,2010-02-20 00:00:00,550,59714,1,403.9875,USD
2010-02-15 00:00:00,2010-02-20 00:00:00,550,75206,1,403.9875,GBP
2010-02-15 00:00:00,2010-02-20 00:00:00,550,76661,1,403.9875,GBP
2010-02-15 00:00:00,2010-02-20 00:00:00,550,93308,1,410.2875,GBP
2010-02-15 00:00:00,2010-02-20 00:00:00,550,99710,1,403.9875,USD
2010-02-15 00:00:00,2010-02-20 00:00:00,559,02347,1,585.6375,GBP
2010-02-15 00:00:00,2010-02-20 00:00:00,559,02871,1,585.6375,GBP
2010-02-15 00:00:00,2010-02-20 00:00:00,559,19720,1,585.6375,USD
2010-02-15 00:00:00,2010-02-20 00:00:00,559,33157,1,585.6375,GBP
2010-02-15 00:00:00,2010-02-20 00:00:00,559,33442,1,585.6375,GBP
2010-02-15 00:00:00,2010-02-20 00:00:00,559,55379,1,585.6375,USD
2010-02-15 00:00:00,2010-02-20 00:00:00,559,63088,1,585.6375,USD
2010-02-15 00:00:00,2010-02-20 00:00:00,559,66062,1,585.6375,USD
2010-02-15 00:00:00,2010-02-20 00:00:00,559,70047,1,585.6375,GBP
2010-02-15 00:00:00,2010-02-20 00:00:00,559,74033,1,585.6375,GBP
2010-02-15 00:00:00,2010-02-20 00:00:00,559,78028,1,585.6375,GBP
2010-02-15 00:00:00,2010-02-20 00:00:00,559,90808,1,600.6,USD
2010-02-15 00:00:00,2010-02-20 00:00:00,559,91307,1,585.375,USD
2010-02-15 00:00:00,2010-02-20 00:00:00,559,94544,1,600.6,USD
2010-02-15 00:00:00,2010-02-20 00:00:00,559,97333,1,585.6375,USD
2010-02-15 00:00:00,2010-02-20 00:00:00,573,01201,1,280.6125,USD
2010-02-15 00:00:00,2010-02-20 00:00:00,573,01588,1,280.6125,USD
2010-02-15 00:00:00,2010-02-20 00:00:00,573,06029,1,280.6125,GBP
2010-02-15 00:00:00,2010-02-20 00:00:00,573,06422,1,280.6125,USD
2010-02-15 00:00:00,2010-02-20 00:00:00,573,06851,1,280.6125,USD
2010-02-15 00:00:00,2010-02-20 00:00:00,573,07102,1,280.6125,GBP
2010-02-15 00:00:00,2010-02-20 00:00:00,573,08005,1,280.6125,GBP
2010-02-15 00:00:00,2010-02-20 00:00:00,573,08872,1,280.6125,GBP
2010-02-15 00:00:00,2010-02-20 00:00:00,573,20772,1,280.6125,USD
2010-02-15 00:00:00,2010-02-20 00:00:00,573,21784,1,280.6125,USD
2010-02-15 00:00:00,2010-02-20 00:00:00,573,26178,1,280.6125,USD
2010-02-15 00:00:00,2010-02-20 00:00:00,573,29341,1,280.6125,GBP
2010-02-15 00:00:00,2010-02-20 00:00:00,573,39044,1,280.6125,GBP
2010-02-15 00:00:00,2010-02-20 00:00:00,573,42459,1,280.6125,GBP
2010-02-15 00:00:00,2010-02-20 00:00:00,573,46143,1,280.6125,GBP
2010-02-15 00:00:00,2010-02-20 00:00:00,573,46902,1,280.6125,USD
2010-02-15 00:00:00,2010-02-20 00:00:00,573,53555,1,280.6125,USD
2010-02-15 00:00:00,2010-02-20 00:00:00,573,54304,1,280.6125,USD
2010-02-15 00:00:00,2010-02-20 00:00:00,573,68901,2,561.225,GBP
2010-02-15 00:00:00,2010-02-20 00:00:00,573,74107,1,280.6125,GBP
2010-02-15 00:00:00,2010-02-20 00:00:00,573,84074,1,280.6125,USD
2010-02-15 00:00:00,2010-02-20 00:00:00,573,90241,1,286.9125,USD
2010-02-15 00:00:00,2010-02-20 00:00:00,573,92057,2,573.825,USD
2010-02-15 00:00:00,2010-02-20 00:00:00,573,92501,1,286.9125,GBP
2010-02-15 00:00:00,2010-02-20 00:00:00,573,92646,1,286.9125,GBP
2010-02-15 00:00:00,2010-02-20 00:00:00,573,94544,1,286.9125,USD
2010-02-15 00:00:00,2010-02-20 00:00:00,574,89103,3,2491.65,GBP
2010-02-15 00:00:00,2010-02-20 00:00:00,574,91384,1,830.55,USD
2010-02-15 00:00:00,2010-02-20 00:00:00,574,92126,1,830.55,USD
2010-02-15 00:00:00,2010-02-20 00:00:00,574,92234,1,830.55,GBP
2010-02-15 00:00:00,2010-02-20 00:00:00,574,92503,1,830.55,GBP
2010-02-15 00:00:00,2010-02-20 00:00:00,574,92591,1,830.55,GBP
2010-02-15 00:00:00,2010-02-20 00:00:00,574,92780,1,830.55,GBP
2010-02-15 00:00:00,2010-02-20 00:00:00,574,92823,1,830.55,GBP
2010-02-15 00:00:00,2010-02-20 00:00:00,574,93309,1,830.55,GBP
2010-02-15 00:00:00,2010-02-20 00:00:00,574,93510,1,830.55,GBP
2010-02-15 00:00:00,2010-02-20 00:00:00,574,95008,1,830.55,USD
2010-02-15 00:00:00,2010-02-20 00:00:00,580,02038,1,734.7375,USD
2010-02-15 00:00:00,2010-02-20 00:00:00,580,02871,1,734.7375,GBP
2010-02-15 00:00:00,2010-02-20 00:00:00,580,06037,1,734.7375,GBP
2010-02-15 00:00:00,2010-02-20 00:00:00,580,07442,1,734.7375,USD
2010-02-15 00:00:00,2010-02-20 00:00:00,580,29530,1,734.7375,USD
2010-02-15 00:00:00,2010-02-20 00:00:00,580,33647,1,734.7375,USD
2010-02-15 00:00:00,2010-02-20 00:00:00,580,34746,1,734.7375,USD
2010-02-15 00:00:00,2010-02-20 00:00:00,580,35179,1,734.7375,USD
2010-02-15 00:00:00,2010-02-20 00:00:00,580,46168,1,734.7375,USD
2010-02-15 00:00:00,2010-02-20 00:00:00,580,53074,1,734.7375,USD
2010-02-15 00:00:00,2010-02-20 00:00:00,580,54220,1,734.7375,GBP
2010-02-15 00:00:00,2010-02-20 00:00:00,580,57350,1,734.7375,USD
2010-02-15 00:00:00,2010-02-20 00:00:00,580,85224,1,734.7375,USD
2010-02-15 00:00:00,2010-02-20 00:00:00,580,92154,1,749.9625,USD
2010-02-15 00:00:00,2010-02-20 00:00:00,580,92679,1,749.9625,USD
2010-02-15 00:00:00,2010-02-20 00:00:00,580,99705,1,734.7375,USD
2010-02-15 00:00:00,2010-02-20 00:00:00,596,07601,1,746.55,USD
2010-02-15 00:00:00,2010-02-20 00:00:00,596,21114,1,746.55,USD
2010-02-15 00:00:00,2010-02-20 00:00:00,596,29550,1,746.55,GBP
2010-02-15 00:00:00,2010-02-20 00:00:00,596,33406,1,746.55,GBP
2010-02-15 00:00:00,2010-02-20 00:00:00,596,37341,1,746.55,USD
2010-02-15 00:00:00,2010-02-20 00:00:00,596,38018,1,746.55,GBP
2010-02-15 00:00:00,2010-02-20 00:00:00,596,47374,1,746.55,GBP
2010-02-15 00:00:00,2010-02-20 00:00:00,596,53010,1,746.55,GBP
2010-02-15 00:00:00,2010-02-20 00:00:00,596,55024,1,746.55,GBP
2010-02-15 00:00:00,2010-02-20 00:00:00,596,55347,1,746.55,GBP
2010-02-15 00:00:00,2010-02-20 00:00:00,596,56374,1,746.55,USD
2010-02-15 00:00:00,2010-02-20 00:00:00,596,66210,1,746.55,GBP
2010-02-15 00:00:00,2010-02-20 00:00:00,596,70510,1,746.55,USD
2010-02-15 00:00:00,2010-02-20 00:00:00,596,71270,1,746.55,GBP
2010-02-15 00:00:00,2010-02-20 00:00:00,596,76021,1,746.55,USD
2010-02-15 00:00:00,2010-02-20 00:00:00,596,76148,1,746.55,GBP
2010-02-15 00:00:00,2010-02-20 00:00:00,596,82601,1,746.55,USD
2010-02-15 00:00:00,2010-02-20 00:00:00,596,87059,1,746.55,GBP
2010-02-15 00:00:00,2010-02-20 00:00:00,596,96145,1,761.5125,GBP
2010-02-15 00:00:00,2010-02-20 00:00:00,597,35223,1,892.2375,GBP
2010-02-15 00:00:00,2010-02-20 00:00:00,597,54914,1,892.2375,GBP
2010-02-15 00:00:00,2010-02-20 00:00:00,597,71423,1,892.2375,GBP
2010-02-15 00:00:00,2010-02-20 00:00:00,597,89110,1,892.2375,GBP
2010-02-15 00:00:00,2010-02-20 00:00:00,599,02062,1,753.6375,GBP
2010-02-15 00:00:00,2010-02-20 00:00:00,599,25253,1,753.6375,USD
2010-02-15 00:00:00,2010-02-20 00:00:00,599,29169,1,753.6375,GBP
2010-02-15 00:00:00,2010-02-20 00:00:00,599,32212,1,753.6375,GBP
2010-02-15 00:00:00,2010-02-20 00:00:00,599,32310,1,753.6375,USD
2010-02-15 00:00:00,2010-02-20 00:00:00,599,34232,1,753.6375,GBP
2010-02-15 00:00:00,2010-02-20 00:00:00,599,42459,1,753.6375,USD
2010-02-15 00:00:00,2010-02-20 00:00:00,599,46032,2,1507.275,USD
2010-02-15 00:00:00,2010-02-20 00:00:00,599,46167,1,753.6375,GBP
2010-02-15 00:00:00,2010-02-20 00:00:00,599,47303,1,753.6375,USD
2010-02-15 00:00:00,2010-02-20 00:00:00,599,50129,1,2260.9125000000004,GBP
2010-02-15 00:00:00,2010-02-20 00:00:00,599,50129,1,753.6375,USD
2010-02-15 00:00:00,2010-02-20 00:00:00,599,53094,1,753.6375,GBP
2010-02-15 00:00:00,2010-02-20 00:00:00,599,53526,1,753.6375,GBP
2010-02-15 00:00:00,2010-02-20 00:00:00,599,55122,1,753.6375,GBP
2010-02-15 00:00:00,2010-02-20 00:00:00,599,55124,2,1507.275,GBP
2010-02-15 00:00:00,2010-02-20 00:00:00,599,55944,1,753.6375,GBP
2010-02-15 00:00:00,2010-02-20 00:00:00,599,63084,1,753.6375,GBP
2010-02-15 00:00:00,2010-02-20 00:00:00,599,66062,1,753.6375,USD
2010-02-15 00:00:00,2010-02-20 00:00:00,599,66070,1,753.6375,GBP
2010-02-15 00:00:00,2010-02-20 00:00:00,599,67801,1,753.6375,GBP
2010-02-15 00:00:00,2010-02-20 00:00:00,599,70586,1,753.6375,USD
2010-02-15 00:00:00,2010-02-20 00:00:00,599,72638,1,753.6375,USD
2010-02-15 00:00:00,2010-02-20 00:00:00,599,73099,1,753.6375,USD
2010-02-15 00:00:00,2010-02-20 00:00:00,599,73402,1,753.6375,GBP
2010-02-15 00:00:00,2010-02-20 00:00:00,599,77040,1,753.6375,USD
2010-02-15 00:00:00,2010-02-20 00:00:00,599,85705,1,753.6375,GBP
2010-02-15 00:00:00,2010-02-20 00:00:00,599,89134,1,753.6375,GBP
2010-02-15 00:00:00,2010-02-20 00:00:00,599,93535,1,753.6375,USD
2010-02-15 00:00:00,2010-02-20 00:00:00,599,93622,1,756.7875,USD
2010-02-15 00:00:00,2010-02-20 00:00:00,599,94546,1,753.6375,GBP
2010-02-15 00:00:00,2010-02-20 00:00:00,599,95008,1,756.7875,GBP
2010-02-15 00:00:00,2010-02-20 00:00:00,599,97302,2,1507.275,GBP
2010-02-15 00:00:00,2010-02-20 00:00:00,604,07719,1,461.7375,GBP
2010-02-15 00:00:00,2010-02-20 00:00:00,604,19702,1,461.7375,USD
2010-02-15 00:00:00,2010-02-20 00:00:00,604,32141,1,461.7375,GBP
2010-02-15 00:00:00,2010-02-20 00:00:00,604,32701,1,461.7375,GBP
2010-02-15 00:00:00,2010-02-20 00:00:00,604,33014,2,923.475,USD
2010-02-15 00:00:00,2010-02-20 00:00:00,604,33328,1,461.7375,GBP
2010-02-15 00:00:00,2010-02-20 00:00:00,604,33637,1,461.7375,USD
2010-02-15 00:00:00,2010-02-20 00:00:00,604,34475,1,461.7375,USD
2010-02-15 00:00:00,2010-02-20 00:00:00,604,35660,1,461.7375,USD
2010-02-15 00:00:00,2010-02-20 00:00:00,604,36693,1,461.7375,GBP
2010-02-15 00:00:00,2010-02-20 00:00:00,604,37617,1,461.7375,USD
2010-02-15 00:00:00,2010-02-20 00:00:00,604,37912,1,461.7375,GBP
2010-02-15 00:00:00,2010-02-20 00:00:00,604,38122,2,923.475,GBP
2010-02-15 00:00:00,2010-02-20 00:00:00,604,38632,1,461.7375,GBP
2010-02-15 00:00:00,2010-02-20 00:00:00,604,39212,1,461.7375,USD
2010-02-15 00:00:00,2010-02-20 00:00:00,604,40208,1,461.7375,USD
2010-02-15 00:00:00,2010-02-20 00:00:00,604,41056,1,461.7375,GBP
2010-02-15 00:00:00,2010-02-20 00:00:00,604,46236,1,461.7375,GBP
2010-02-15 00:00:00,2010-02-20 00:00:00,604,46514,1,461.7375,GBP
2010-02-15 00:00:00,2010-02-20 00:00:00,604,46514,1,3232.1625000000004,USD
2010-02-15 00:00:00,2010-02-20 00:00:00,604,46530,1,461.7375,GBP
2010-02-15 00:00:00,2010-02-20 00:00:00,604,46803,1,461.7375,USD
2010-02-15 00:00:00,2010-02-20 00:00:00,604,47923,1,461.7375,GBP
2010-02-15 00:00:00,2010-02-20 00:00:00,604,52732,2,923.475,USD
2010-02-15 00:00:00,2010-02-20 00:00:00,604,53144,1,461.7375,GBP
2010-02-15 00:00:00,2010-02-20 00:00:00,604,53154,1,461.7375,USD
2010-02-15 00:00:00,2010-02-20 00:00:00,604,53207,1,461.7375,USD
2010-02-15 00:00:00,2010-02-20 00:00:00,604,53220,1,461.7375,GBP
2010-02-15 00:00:00,2010-02-20 00:00:00,604,53583,1,461.7375,GBP
2010-02-15 00:00:00,2010-02-20 00:00:00,604,54729,1,461.7375,USD
2010-02-15 00:00:00,2010-02-20 00:00:00,604,55088,1,461.7375,USD
2010-02-15 00:00:00,2010-02-20 00:00:00,604,55438,1,461.7375,GBP
2010-02-15 00:00:00,2010-02-20 00:00:00,604,55904,1,461.7375,GBP
2010-02-15 00:00:00,2010-02-20 00:00:00,604,55934,2,923.475,GBP
2010-02-15 00:00:00,2010-02-20 00:00:00,604,56001,1,461.7375,GBP
2010-02-15 00:00:00,2010-02-20 00:00:00,604,56379,1,461.7375,GBP
2010-02-15 00:00:00,2010-02-20 00:00:00,604,58078,1,461.7375,GBP
2010-02-15 00:00:00,2010-02-20 00:00:00,604,59714,1,461.7375,GBP
2010-02-15 00:00:00,2010-02-20 00:00:00,604,63703,1,461.7375,USD
2010-02-15 00:00:00,2010-02-20 00:00:00,604,65301,1,461.7375,GBP
2010-02-15 00:00:00,2010-02-20 00:00:00,604,70460,1,461.7375,GBP
2010-02-15 00:00:00,2010-02-20 00:00:00,604,72106,1,461.7375,GBP
2010-02-15 00:00:00,2010-02-20 00:00:00,604,73501,2,923.475,USD
2010-02-15 00:00:00,2010-02-20 00:00:00,604,74074,1,461.7375,GBP
2010-02-15 00:00:00,2010-02-20 00:00:00,604,74469,1,461.7375,USD
2010-02-15 00:00:00,2010-02-20 00:00:00,604,75234,1,461.7375,GBP
2010-02-15 00:00:00,2010-02-20 00:00:00,604,77505,1,461.7375,USD
2010-02-15 00:00:00,2010-02-20 00:00:00,604,77586,1,461.7375,GBP
2010-02-15 00:00:00,2010-02-20 00:00:00,604,79106,1,461.7375,GBP
2010-02-15 00:00:00,2010-02-20 00:00:00,604,79938,1,461.7375,USD
2010-02-15 00:00:00,2010-02-20 00:00:00,604,84604,1,461.7375,USD
2010-02-15 00:00:00,2010-02-20 00:00:00,604,85024,1,461.7375,USD
2010-02-15 00:00:00,2010-02-20 00:00:00,604,85226,1,461.7375,GBP
2010-02-15 00:00:00,2010-02-20 00:00:00,604,86015,1,461.7375,GBP
2010-02-15 00:00:00,2010-02-20 00:00:00,604,87401,1,461.7375,USD
2010-02-15 00:00:00,2010-02-20 00:00:00,604,92392,1,468.0375,GBP
2010-02-15 00:00:00,2010-02-20 00:00:00,604,92886,1,468.0375,GBP
2010-02-15 00:00:00,2010-02-20 00:00:00,604,95223,1,468.0375,USD
2010-02-15 00:00:00,2010-02-20 00:00:00,604,95965,1,468.0375,GBP
2010-02-15 00:00:00,2010-02-20 00:00:00,604,97303,1,461.7375,GBP
2010-02-15 00:00:00,2010-02-20 00:00:00,604,97321,1,461.7375,USD
2010-02-15 00:00:00,2010-02-20 00:00:00,604,99517,1,461.7375,GBP
2010-02-15 00:00:00,2010-02-20 00:00:00,606,33624,1,314.7375,USD
2010-02-15 00:00:00,2010-02-20 00:00:00,606,37221,1,314.7375,USD
2010-02-15 00:00:00,2010-02-20 00:00:00,606,40205,1,314.7375,GBP
2010-02-15 00:00:00,2010-02-20 00:00:00,606,46350,1,314.7375,USD
2010-02-15 00:00:00,2010-02-20 00:00:00,606,46614,1,314.7375,USD
2010-02-15 00:00:00,2010-02-20 00:00:00,606,47635,1,314.7375,USD
2010-02-15 00:00:00,2010-02-20 00:00:00,606,53192,1,314.7375,USD
2010-02-15 00:00:00,2010-02-20 00:00:00,606,53227,1,1258.95,GBP
2010-02-15 00:00:00,2010-02-20 00:00:00,606,53227,1,629.475,USD
2010-02-15 00:00:00,2010-02-20 00:00:00,606,53913,1,629.475,GBP
2010-02-15 00:00:00,2010-02-20 00:00:00,606,53913,1,629.475,USD
2010-02-15 00:00:00,2010-02-20 00:00:00,606,54313,1,314.7375,USD
2010-02-15 00:00:00,2010-02-20 00:00:00,606,55044,2,629.475,GBP
2010-02-15 00:00:00,2010-02-20 00:00:00,606,68114,1,314.7375,USD
2010-02-15 00:00:00,2010-02-20 00:00:00,606,68826,1,314.7375,USD
2010-02-15 00:00:00,2010-02-20 00:00:00,606,73128,1,314.7375,USD
2010-02-15 00:00:00,2010-02-20 00:00:00,606,92506,1,321.0375,USD
2010-02-15 00:00:00,2010-02-20 00:00:00,606,94591,1,321.0375,USD
2010-02-15 00:00:00,2010-02-20 00:00:00,606,94804,1,321.0375,GBP
2010-02-15 00:00:00,2010-02-20 00:00:00,609,01527,1,778.8375,USD
2010-02-15 00:00:00,2010-02-20 00:00:00,609,02702,1,778.8375,GBP
2010-02-15 00:00:00,2010-02-20 00:00:00,609,02831,1,778.8375,USD
2010-02-15 00:00:00,2010-02-20 00:00:00,609,02860,1,778.8375,USD
2010-02-15 00:00:00,2010-02-20 00:00:00,609,02878,1,778.8375,GBP
2010-02-15 00:00:00,2010-02-20 00:00:00,609,02896,1,778.8375,USD
2010-02-15 00:00:00,2010-02-20 00:00:00,609,03446,1,778.8375,GBP
2010-02-15 00:00:00,2010-02-20 00:00:00,609,05773,1,778.8375,USD
2010-02-15 00:00:00,2010-02-20 00:00:00,609,06238,1,778.8375,USD
2010-02-15 00:00:00,2010-02-20 00:00:00,609,06615,1,778.8375,USD
2010-02-15 00:00:00,2010-02-20 00:00:00,609,06716,2,1557.675,USD
2010-02-15 00:00:00,2010-02-20 00:00:00,609,06810,1,778.8375,GBP
2010-02-15 00:00:00,2010-02-20 00:00:00,609,07646,1,778.8375,USD
2010-02-15 00:00:00,2010-02-20 00:00:00,609,07728,1,778.8375,GBP
2010-02-15 00:00:00,2010-02-20 00:00:00,609,08052,1,778.8375,USD
2010-02-15 00:00:00,2010-02-20 00:00:00,609,08088,1,778.8375,USD
2010-02-15 00:00:00,2010-02-20 00:00:00,609,08201,1,778.8375,USD
2010-02-15 00:00:00,2010-02-20 00:00:00,609,08322,1,778.8375,USD
2010-02-15 00:00:00,2010-02-20 00:00:00,609,08825,1,778.8375,USD
2010-02-15 00:00:00,2010-02-20 00:00:00,609,21014,1,778.8375,USD
2010-02-15 00:00:00,2010-02-20 00:00:00,609,21076,1,778.8375,GBP
2010-02-15 00:00:00,2010-02-20 00:00:00,609,21111,1,778.8375,USD
2010-02-15 00:00:00,2010-02-20 00:00:00,609,21234,2,1557.675,USD
2010-02-15 00:00:00,2010-02-20 00:00:00,609,29063,1,778.8375,USD
2010-02-15 00:00:00,2010-02-20 00:00:00,609,32068,1,778.8375,GBP
2010-02-15 00:00:00,2010-02-20 00:00:00,609,32225,1,778.8375,GBP
2010-02-15 00:00:00,2010-02-20 00:00:00,609,32909,1,778.8375,GBP
2010-02-15 00:00:00,2010-02-20 00:00:00,609,33160,1,778.8375,GBP
2010-02-15 00:00:00,2010-02-20 00:00:00,609,33316,6,4673.025,USD
2010-02-15 00:00:00,2010-02-20 00:00:00,609,33704,2,1557.675,USD
2010-02-15 00:00:00,2010-02-20 00:00:00,609,33907,1,778.8375,USD
2010-02-15 00:00:00,2010-02-20 00:00:00,609,34104,1,778.8375,USD
2010-02-15 00:00:00,2010-02-20 00:00:00,609,35660,1,778.8375,GBP
2010-02-15 00:00:00,2010-02-20 00:00:00,609,35904,1,778.8375,USD
2010-02-15 00:00:00,2010-02-20 00:00:00,609,37617,1,778.8375,USD
2010-02-15 00:00:00,2010-02-20 00:00:00,609,38637,1,778.8375,GBP
2010-02-15 00:00:00,2010-02-20 00:00:00,609,41063,1,778.8375,GBP
2010-02-15 00:00:00,2010-02-20 00:00:00,609,41063,1,1557.675,USD
2010-02-15 00:00:00,2010-02-20 00:00:00,609,46514,1,3115.35,GBP
2010-02-15 00:00:00,2010-02-20 00:00:00,609,46901,2,1557.675,GBP
2010-02-15 00:00:00,2010-02-20 00:00:00,609,47712,2,1557.675,GBP
2010-02-15 00:00:00,2010-02-20 00:00:00,609,47807,1,778.8375,USD
2010-02-15 00:00:00,2010-02-20 00:00:00,609,50702,1,778.8375,GBP
2010-02-15 00:00:00,2010-02-20 00:00:00,609,52601,1,778.8375,GBP
2010-02-15 00:00:00,2010-02-20 00:00:00,609,53081,1,778.8375,USD
2010-02-15 00:00:00,2010-02-20 00:00:00,609,53225,1,3115.35,GBP
2010-02-15 00:00:00,2010-02-20 00:00:00,609,54313,1,778.8375,GBP
2010-02-15 00:00:00,2010-02-20 00:00:00,609,54481,1,778.8375,USD
2010-02-15 00:00:00,2010-02-20 00:00:00,609,55033,1,778.8375,USD
2010-02-15 00:00:00,2010-02-20 00:00:00,609,55104,1,778.8375,USD
2010-02-15 00:00:00,2010-02-20 00:00:00,609,55313,1,778.8375,USD
2010-02-15 00:00:00,2010-02-20 00:00:00,609,55391,1,778.8375,GBP
2010-02-15 00:00:00,2010-02-20 00:00:00,609,55449,2,1557.675,GBP
2010-02-15 00:00:00,2010-02-20 00:00:00,609,55811,1,778.8375,USD
2010-02-15 00:00:00,2010-02-20 00:00:00,609,56379,1,778.8375,USD
2010-02-15 00:00:00,2010-02-20 00:00:00,609,56501,1,778.8375,USD
2010-02-15 00:00:00,2010-02-20 00:00:00,609,57013,1,778.8375,GBP
2010-02-15 00:00:00,2010-02-20 00:00:00,609,57501,1,778.8375,USD
2010-02-15 00:00:00,2010-02-20 00:00:00,609,58104,1,778.8375,USD
2010-02-15 00:00:00,2010-02-20 00:00:00,609,59701,1,778.8375,USD
2010-02-15 00:00:00,2010-02-20 00:00:00,609,64012,1,778.8375,GBP
2010-02-15 00:00:00,2010-02-20 00:00:00,609,68127,1,778.8375,USD
2010-02-15 00:00:00,2010-02-20 00:00:00,609,68801,1,778.8375,USD
2010-02-15 00:00:00,2010-02-20 00:00:00,609,70364,1,778.8375,GBP
2010-02-15 00:00:00,2010-02-20 00:00:00,609,71730,1,778.8375,USD
2010-02-15 00:00:00,2010-02-20 00:00:00,609,74738,1,778.8375,USD
2010-02-15 00:00:00,2010-02-20 00:00:00,609,75038,2,1557.675,GBP
2010-02-15 00:00:00,2010-02-20 00:00:00,609,75090,1,778.8375,USD
2010-02-15 00:00:00,2010-02-20 00:00:00,609,77845,1,778.8375,GBP
2010-02-15 00:00:00,2010-02-20 00:00:00,609,78101,1,778.8375,USD
2010-02-15 00:00:00,2010-02-20 00:00:00,609,79109,1,778.8375,USD
2010-02-15 00:00:00,2010-02-20 00:00:00,609,84078,2,1557.675,GBP
2010-02-15 00:00:00,2010-02-20 00:00:00,609,87110,1,778.8375,USD
2010-02-15 00:00:00,2010-02-20 00:00:00,609,88101,2,1557.675,GBP
2010-02-15 00:00:00,2010-02-20 00:00:00,609,89102,1,778.8375,USD
2010-02-15 00:00:00,2010-02-20 00:00:00,609,89502,1,778.8375,USD
2010-02-15 00:00:00,2010-02-20 00:00:00,609,90254,1,794.0625,GBP
2010-02-15 00:00:00,2010-02-20 00:00:00,609,90266,1,794.0625,GBP
2010-02-15 00:00:00,2010-02-20 00:00:00,609,90808,2,1588.125,GBP
2010-02-15 00:00:00,2010-02-20 00:00:00,609,92630,1,794.0625,GBP
2010-02-15 00:00:00,2010-02-20 00:00:00,609,92675,1,794.0625,GBP
2010-02-15 00:00:00,2010-02-20 00:00:00,609,92688,1,794.0625,GBP
2010-02-15 00:00:00,2010-02-20 00:00:00,609,92780,1,794.0625,GBP
2010-02-15 00:00:00,2010-02-20 00:00:00,609,93423,1,794.0625,GBP
2010-02-15 00:00:00,2010-02-20 00:00:00,609,93454,1,794.0625,GBP
2010-02-15 00:00:00,2010-02-20 00:00:00,609,93611,1,794.0625,GBP
2010-02-15 00:00:00,2010-02-20 00:00:00,609,93901,1,794.0625,GBP
2010-02-15 00:00:00,2010-02-20 00:00:00,609,94080,1,794.0625,GBP
2010-02-15 00:00:00,2010-02-20 00:00:00,609,94514,1,794.0625,USD
2010-02-15 00:00:00,2010-02-20 00:00:00,609,95110,1,794.0625,USD
2010-02-15 00:00:00,2010-02-20 00:00:00,609,95677,1,794.0625,USD
2010-02-15 00:00:00,2010-02-20 00:00:00,609,97062,1,778.8375,GBP
2010-02-15 00:00:00,2010-02-20 00:00:00,609,97321,2,1557.675,GBP
2010-02-15 00:00:00,2010-02-20 00:00:00,631,06610,1,346.2375,USD
2010-02-15 00:00:00,2010-02-20 00:00:00,631,08829,1,346.2375,GBP
2010-02-15 00:00:00,2010-02-20 00:00:00,631,20024,1,346.2375,GBP
2010-02-15 00:00:00,2010-02-20 00:00:00,631,21158,1,346.2375,GBP
2010-02-15 00:00:00,2010-02-20 00:00:00,631,21162,1,346.2375,USD
2010-02-15 00:00:00,2010-02-20 00:00:00,631,29445,1,346.2375,GBP
2010-02-15 00:00:00,2010-02-20 00:00:00,631,36330,1,346.2375,GBP
2010-02-15 00:00:00,2010-02-20 00:00:00,631,37036,1,346.2375,USD
2010-02-15 00:00:00,2010-02-20 00:00:00,631,37211,1,346.2375,GBP
2010-02-15 00:00:00,2010-02-20 00:00:00,631,38119,1,346.2375,GBP
2010-02-15 00:00:00,2010-02-20 00:00:00,631,47340,1,346.2375,GBP
2010-02-15 00:00:00,2010-02-20 00:00:00,631,52213,1,346.2375,USD
2010-02-15 00:00:00,2010-02-20 00:00:00,631,52544,1,346.2375,GBP
2010-02-15 00:00:00,2010-02-20 00:00:00,631,52806,1,346.2375,USD
2010-02-15 00:00:00,2010-02-20 00:00:00,631,56554,1,346.2375,GBP
2010-02-15 00:00:00,2010-02-20 00:00:00,631,58102,1,346.2375,USD
2010-02-15 00:00:00,2010-02-20 00:00:00,631,63020,1,346.2375,GBP
2010-02-15 00:00:00,2010-02-20 00:00:00,631,69130,1,346.2375,GBP
2010-02-15 00:00:00,2010-02-20 00:00:00,631,70043,1,346.2375,GBP
2010-02-15 00:00:00,2010-02-20 00:00:00,631,72212,1,346.2375,GBP
2010-02-15 00:00:00,2010-02-20 00:00:00,631,85710,2,692.475,GBP
2010-02-15 00:00:00,2010-02-20 00:00:00,631,87114,1,346.2375,USD
2010-02-15 00:00:00,2010-02-20 00:00:00,631,90706,1,352.5375,GBP
2010-02-15 00:00:00,2010-02-20 00:00:00,631,92373,1,352.5375,GBP
2010-02-15 00:00:00,2010-02-20 00:00:00,631,95713,1,352.5375,USD
2010-02-15 00:00:00,2010-02-20 00:00:00,631,97070,1,346.2375,GBP
2010-02-15 00:00:00,2010-02-20 00:00:00,631,99515,1,346.2375,GBP
2010-02-15 00:00:00,2010-02-20 00:00:00,642,37656,1,822.9375,GBP
2010-02-15 00:00:00,2010-02-20 00:00:00,645,07065,1,746.55,GBP
2010-02-15 00:00:00,2010-02-20 00:00:00,645,21219,1,746.55,USD
2010-02-15 00:00:00,2010-02-20 00:00:00,645,32766,1,746.55,GBP
2010-02-15 00:00:00,2010-02-20 00:00:00,645,33321,1,746.55,USD
2010-02-15 00:00:00,2010-02-20 00:00:00,645,38115,1,746.55,GBP
2010-02-15 00:00:00,2010-02-20 00:00:00,645,40014,1,746.55,USD
2010-02-15 00:00:00,2010-02-20 00:00:00,645,52172,1,746.55,USD
2010-02-15 00:00:00,2010-02-20 00:00:00,645,55425,1,746.55,USD
2010-02-15 00:00:00,2010-02-20 00:00:00,645,55443,1,746.55,USD
2010-02-15 00:00:00,2010-02-20 00:00:00,645,73003,1,746.55,GBP
2010-02-15 00:00:00,2010-02-20 00:00:00,645,73034,1,746.55,GBP
2010-02-15 00:00:00,2010-02-20 00:00:00,645,87505,1,746.55,USD
2010-02-15 00:00:00,2010-02-20 00:00:00,645,91320,1,761.5125,USD
2010-02-15 00:00:00,2010-02-20 00:00:00,645,92885,1,761.5125,USD
2010-02-15 00:00:00,2010-02-20 00:00:00,645,97702,1,746.55,USD
2010-02-15 00:00:00,2010-02-20 00:00:00,658,20878,1,902.7375,USD
2010-02-15 00:00:00,2010-02-20 00:00:00,658,29451,1,902.7375,GBP
2010-02-15 00:00:00,2010-02-20 00:00:00,658,32176,1,902.7375,USD
2010-02-15 00:00:00,2010-02-20 00:00:00,658,36575,1,902.7375,USD
2010-02-15 00:00:00,2010-02-20 00:00:00,658,46241,1,902.7375,GBP
2010-02-15 00:00:00,2010-02-20 00:00:00,658,46392,1,902.7375,GBP
2010-02-15 00:00:00,2010-02-20 00:00:00,658,83704,1,902.7375,USD
2010-02-15 00:00:00,2010-02-20 00:00:00,658,93720,1,917.9625,USD
2010-02-15 00:00:00,2010-02-20 00:00:00,663,21144,1,765.45,USD
2010-02-15 00:00:00,2010-02-20 00:00:00,663,29715,1,765.45,GBP
2010-02-15 00:00:00,2010-02-20 00:00:00,663,33067,1,765.45,GBP
2010-02-15 00:00:00,2010-02-20 00:00:00,663,35146,1,765.45,GBP
2010-02-15 00:00:00,2010-02-20 00:00:00,663,36561,1,765.45,GBP
2010-02-15 00:00:00,2010-02-20 00:00:00,663,37352,1,765.45,GBP
2010-02-15 00:00:00,2010-02-20 00:00:00,663,37810,1,765.45,USD
2010-02-15 00:00:00,2010-02-20 00:00:00,663,42064,2,1530.9,USD
2010-02-15 00:00:00,2010-02-20 00:00:00,663,46203,1,765.45,USD
2010-02-15 00:00:00,2010-02-20 00:00:00,663,46360,1,765.45,USD
2010-02-15 00:00:00,2010-02-20 00:00:00,663,57718,1,765.45,USD
2010-02-15 00:00:00,2010-02-20 00:00:00,663,63301,1,765.45,USD
2010-02-15 00:00:00,2010-02-20 00:00:00,663,70726,1,765.45,GBP
2010-02-15 00:00:00,2010-02-20 00:00:00,663,87059,1,765.45,USD
2010-02-15 00:00:00,2010-02-20 00:00:00,663,91364,1,780.4125,USD
2010-02-15 00:00:00,2010-02-20 00:00:00,676,08107,1,801.9375,USD
2010-02-15 00:00:00,2010-02-20 00:00:00,676,21075,2,1603.875,USD
2010-02-15 00:00:00,2010-02-20 00:00:00,676,32771,1,801.9375,USD
2010-02-15 00:00:00,2010-02-20 00:00:00,676,33710,1,801.9375,USD
2010-02-15 00:00:00,2010-02-20 00:00:00,676,33919,1,801.9375,USD
2010-02-15 00:00:00,2010-02-20 00:00:00,676,34112,1,801.9375,USD
2010-02-15 00:00:00,2010-02-20 00:00:00,676,34243,2,1603.875,USD
2010-02-15 00:00:00,2010-02-20 00:00:00,676,34982,1,801.9375,USD
2010-02-15 00:00:00,2010-02-20 00:00:00,676,35173,1,801.9375,USD
2010-02-15 00:00:00,2010-02-20 00:00:00,676,37129,1,801.9375,GBP
2010-02-15 00:00:00,2010-02-20 00:00:00,676,37617,1,801.9375,USD
2010-02-15 00:00:00,2010-02-20 00:00:00,676,37645,1,801.9375,USD
2010-02-15 00:00:00,2010-02-20 00:00:00,676,40215,1,1603.875,GBP
2010-02-15 00:00:00,2010-02-20 00:00:00,676,40353,1,801.9375,GBP
2010-02-15 00:00:00,2010-02-20 00:00:00,676,40472,1,2405.8125,GBP
2010-02-15 00:00:00,2010-02-20 00:00:00,676,40502,1,801.9375,USD
2010-02-15 00:00:00,2010-02-20 00:00:00,676,46151,1,801.9375,GBP
2010-02-15 00:00:00,2010-02-20 00:00:00,676,46240,1,801.9375,GBP
2010-02-15 00:00:00,2010-02-20 00:00:00,676,46514,4,6415.5,GBP
2010-02-15 00:00:00,2010-02-20 00:00:00,676,46514,4,9623.25,USD
2010-02-15 00:00:00,2010-02-20 00:00:00,676,46818,1,801.9375,GBP
2010-02-15 00:00:00,2010-02-20 00:00:00,676,46940,1,801.9375,USD
2010-02-15 00:00:00,2010-02-20 00:00:00,676,47804,1,5613.5625,GBP
2010-02-15 00:00:00,2010-02-20 00:00:00,676,47804,1,8019.375,USD
2010-02-15 00:00:00,2010-02-20 00:00:00,676,50511,1,801.9375,USD
2010-02-15 00:00:00,2010-02-20 00:00:00,676,53081,1,801.9375,USD
2010-02-15 00:00:00,2010-02-20 00:00:00,676,53225,1,7217.4375,GBP
2010-02-15 00:00:00,2010-02-20 00:00:00,676,53225,1,3207.75,USD
2010-02-15 00:00:00,2010-02-20 00:00:00,676,53227,1,801.9375,GBP
2010-02-15 00:00:00,2010-02-20 00:00:00,676,53227,1,1603.875,USD
2010-02-15 00:00:00,2010-02-20 00:00:00,676,53716,1,801.9375,USD
2010-02-15 00:00:00,2010-02-20 00:00:00,676,54017,1,801.9375,USD
2010-02-15 00:00:00,2010-02-20 00:00:00,676,54476,1,801.9375,USD
2010-02-15 00:00:00,2010-02-20 00:00:00,676,54729,2,1603.875,USD
2010-02-15 00:00:00,2010-02-20 00:00:00,676,55044,1,801.9375,USD
2010-02-15 00:00:00,2010-02-20 00:00:00,676,55342,1,801.9375,USD
2010-02-15 00:00:00,2010-02-20 00:00:00,676,55972,1,801.9375,USD
2010-02-15 00:00:00,2010-02-20 00:00:00,676,57783,1,801.9375,USD
2010-02-15 00:00:00,2010-02-20 00:00:00,676,63055,1,801.9375,USD
2010-02-15 00:00:00,2010-02-20 00:00:00,676,64012,1,801.9375,USD
2010-02-15 00:00:00,2010-02-20 00:00:00,676,66608,1,801.9375,USD
2010-02-15 00:00:00,2010-02-20 00:00:00,676,68112,1,801.9375,USD
2010-02-15 00:00:00,2010-02-20 00:00:00,676,70526,1,801.9375,USD
2010-02-15 00:00:00,2010-02-20 00:00:00,676,71104,1,801.9375,USD
2010-02-15 00:00:00,2010-02-20 00:00:00,676,74105,1,801.9375,USD
2010-02-15 00:00:00,2010-02-20 00:00:00,676,74133,2,1603.875,GBP
2010-02-15 00:00:00,2010-02-20 00:00:00,676,75075,1,801.9375,USD
2010-02-15 00:00:00,2010-02-20 00:00:00,676,75204,1,801.9375,USD
2010-02-15 00:00:00,2010-02-20 00:00:00,676,75801,1,801.9375,USD
2010-02-15 00:00:00,2010-02-20 00:00:00,676,76548,1,801.9375,USD
2010-02-15 00:00:00,2010-02-20 00:00:00,676,77482,1,801.9375,USD
2010-02-15 00:00:00,2010-02-20 00:00:00,676,89012,1,801.9375,USD
2010-02-15 00:00:00,2010-02-20 00:00:00,676,89128,1,816.9,USD
2010-02-15 00:00:00,2010-02-20 00:00:00,676,89822,1,801.9375,USD
2010-02-15 00:00:00,2010-02-20 00:00:00,676,90505,1,816.9,GBP
2010-02-15 00:00:00,2010-02-20 00:00:00,676,91302,1,816.9,USD
2010-02-15 00:00:00,2010-02-20 00:00:00,676,92103,1,816.9,GBP
2010-02-15 00:00:00,2010-02-20 00:00:00,676,92258,1,816.9,USD
2010-02-15 00:00:00,2010-02-20 00:00:00,676,92399,1,816.9,USD
2010-02-15 00:00:00,2010-02-20 00:00:00,676,92677,1,816.9,GBP
2010-02-15 00:00:00,2010-02-20 00:00:00,676,92679,1,816.9,GBP
2010-02-15 00:00:00,2010-02-20 00:00:00,676,92832,2,1633.8,USD
2010-02-15 00:00:00,2010-02-20 00:00:00,676,94086,1,816.9,USD
2010-02-15 00:00:00,2010-02-20 00:00:00,676,94538,1,816.9,GBP
2010-02-15 00:00:00,2010-02-20 00:00:00,676,95345,1,816.9,USD
2010-02-15 00:00:00,2010-02-20 00:00:00,681,02726,1,629.7375,USD
2010-02-15 00:00:00,2010-02-20 00:00:00,681,07047,1,629.7375,USD
2010-02-15 00:00:00,2010-02-20 00:00:00,681,21532,1,629.7375,USD
2010-02-15 00:00:00,2010-02-20 00:00:00,681,37188,1,629.7375,USD
2010-02-15 00:00:00,2010-02-20 00:00:00,681,54935,1,629.7375,USD
2010-02-15 00:00:00,2010-02-20 00:00:00,681,55350,1,629.7375,USD
2010-02-15 00:00:00,2010-02-20 00:00:00,681,55428,1,629.7375,USD
2010-02-15 00:00:00,2010-02-20 00:00:00,681,55965,1,629.7375,GBP
2010-02-15 00:00:00,2010-02-20 00:00:00,681,63043,1,629.7375,USD
2010-02-15 00:00:00,2010-02-20 00:00:00,681,63775,1,629.7375,USD
2010-02-15 00:00:00,2010-02-20 00:00:00,681,70364,1,629.7375,GBP
2010-02-15 00:00:00,2010-02-20 00:00:00,681,71360,1,629.7375,USD
2010-02-15 00:00:00,2010-02-20 00:00:00,681,72002,1,629.7375,GBP
2010-02-15 00:00:00,2010-02-20 00:00:00,681,72209,1,629.7375,USD
2010-02-15 00:00:00,2010-02-20 00:00:00,681,73742,1,629.7375,USD
2010-02-15 00:00:00,2010-02-20 00:00:00,681,85260,1,644.9625,USD
2010-02-15 00:00:00,2010-02-20 00:00:00,681,85705,1,629.7375,USD
2010-02-15 00:00:00,2010-02-20 00:00:00,681,89113,1,629.7375,USD
2010-02-15 00:00:00,2010-02-20 00:00:00,681,89509,1,629.7375,USD
2010-02-15 00:00:00,2010-02-20 00:00:00,681,92501,1,644.9625,USD
2010-02-15 00:00:00,2010-02-20 00:00:00,681,93604,1,644.9625,USD
2010-02-15 00:00:00,2010-02-20 00:00:00,681,94066,1,644.9625,USD
2010-02-15 00:00:00,2010-02-20 00:00:00,681,99520,1,629.7375,USD
2010-02-15 00:00:00,2010-02-20 00:00:00,683,21037,1,788.025,GBP
2010-02-15 00:00:00,2010-02-20 00:00:00,683,21037,1,2364.075,USD
2010-02-15 00:00:00,2010-02-20 00:00:00,683,21222,1,788.025,USD
2010-02-15 00:00:00,2010-02-20 00:00:00,683,38654,1,788.025,GBP
2010-02-15 00:00:00,2010-02-20 00:00:00,683,46545,1,788.025,USD
2010-02-15 00:00:00,2010-02-20 00:00:00,683,65072,1,788.025,GBP
2010-02-15 00:00:00,2010-02-20 00:00:00,683,74010,1,788.025,USD
2010-02-15 00:00:00,2010-02-20 00:00:00,683,75244,1,788.025,USD
2010-02-15 00:00:00,2010-02-20 00:00:00,683,76132,1,788.025,USD
2010-02-15 00:00:00,2010-02-20 00:00:00,683,77705,1,788.025,USD
2010-02-15 00:00:00,2010-02-20 00:00:00,687,01201,1,445.9875,GBP
2010-02-15 00:00:00,2010-02-20 00:00:00,687,06790,1,445.9875,USD
2010-02-15 00:00:00,2010-02-20 00:00:00,687,06877,1,445.9875,GBP
2010-02-15 00:00:00,2010-02-20 00:00:00,687,32177,1,445.9875,USD
2010-02-15 00:00:00,2010-02-20 00:00:00,687,32738,1,445.9875,GBP
2010-02-15 00:00:00,2010-02-20 00:00:00,687,39648,1,445.9875,USD
2010-02-15 00:00:00,2010-02-20 00:00:00,687,52641,1,445.9875,USD
2010-02-15 00:00:00,2010-02-20 00:00:00,687,53188,1,445.9875,USD
2010-02-15 00:00:00,2010-02-20 00:00:00,687,54213,1,445.9875,USD
2010-02-15 00:00:00,2010-02-20 00:00:00,687,66062,1,445.9875,GBP
2010-02-15 00:00:00,2010-02-20 00:00:00,687,86001,1,445.9875,GBP
2010-02-15 00:00:00,2010-02-20 00:00:00,687,93230,1,452.2875,GBP
2010-02-15 00:00:00,2010-02-20 00:00:00,687,94268,1,447.0375,USD
2010-02-15 00:00:00,2010-02-20 00:00:00,687,99654,1,445.9875,USD
2010-02-15 00:00:00,2010-02-20 00:00:00,702,32951,1,286.0725,GBP
2010-02-15 00:00:00,2010-02-20 00:00:00,702,71106,1,286.0725,USD
2010-02-15 00:00:00,2010-02-20 00:00:00,702,83709,1,286.0725,GBP
2010-02-15 00:00:00,2010-02-20 00:00:00,702,92311,1,286.0725,GBP
2010-02-15 00:00:00,2010-02-20 00:00:00,702,92337,1,286.0725,USD
2010-02-15 00:00:00,2010-02-20 00:00:00,702,94043,1,286.0725,GBP
2010-02-15 00:00:00,2010-02-20 00:00:00,713,32809,1,160.0725,USD
2010-02-15 00:00:00,2010-02-20 00:00:00,713,63028,1,160.0725,USD
2010-02-15 00:00:00,2010-02-20 00:00:00,713,76302,1,160.0725,USD
2010-02-15 00:00:00,2010-02-20 00:00:00,713,93311,1,160.0725,USD
2010-02-15 00:00:00,2010-02-20 00:00:00,713,93546,1,160.0725,USD
2010-02-15 00:00:00,2010-02-20 00:00:00,714,77064,1,160.0725,USD
2010-02-15 00:00:00,2010-02-20 00:00:00,714,91730,1,160.0725,USD
2010-02-15 00:00:00,2010-02-20 00:00:00,714,92557,1,160.0725,GBP
2010-02-15 00:00:00,2010-02-20 00:00:00,714,92663,1,160.0725,GBP
2010-02-15 00:00:00,2010-02-20 00:00:00,725,07055,1,115.4475,GBP
2010-02-15 00:00:00,2010-02-20 00:00:00,725,21012,1,115.4475,USD
2010-02-15 00:00:00,2010-02-20 00:00:00,725,21403,1,115.4475,GBP
2010-02-15 00:00:00,2010-02-20 00:00:00,725,25143,1,115.4475,GBP
2010-02-15 00:00:00,2010-02-20 00:00:00,725,29073,1,115.4475,GBP
2010-02-15 00:00:00,2010-02-20 00:00:00,725,29710,1,115.4475,USD
2010-02-15 00:00:00,2010-02-20 00:00:00,725,34950,1,115.4475,USD
2010-02-15 00:00:00,2010-02-20 00:00:00,725,35078,1,115.4475,GBP
2010-02-15 00:00:00,2010-02-20 00:00:00,725,35188,1,115.4475,USD
2010-02-15 00:00:00,2010-02-20 00:00:00,725,35616,1,115.4475,USD
2010-02-15 00:00:00,2010-02-20 00:00:00,725,37920,1,115.4475,USD
2010-02-15 00:00:00,2010-02-20 00:00:00,725,41502,1,115.4475,GBP
2010-02-15 00:00:00,2010-02-20 00:00:00,725,47551,1,346.34250000000003,GBP
2010-02-15 00:00:00,2010-02-20 00:00:00,725,47551,1,461.79,USD
2010-02-15 00:00:00,2010-02-20 00:00:00,725,51503,1,115.4475,USD
2010-02-15 00:00:00,2010-02-20 00:00:00,725,54161,1,115.4475,GBP
2010-02-15 00:00:00,2010-02-20 00:00:00,725,64029,1,115.4475,GBP
2010-02-15 00:00:00,2010-02-20 00:00:00,725,66215,1,115.4475,GBP
2010-02-15 00:00:00,2010-02-20 00:00:00,725,70363,2,230.895,USD
2010-02-15 00:00:00,2010-02-20 00:00:00,725,74119,1,115.4475,GBP
2010-02-15 00:00:00,2010-02-20 00:00:00,725,76008,1,115.4475,GBP
2010-02-15 00:00:00,2010-02-20 00:00:00,725,76031,1,115.4475,GBP
2010-02-15 00:00:00,2010-02-20 00:00:00,725,76302,1,115.4475,USD
2010-02-15 00:00:00,2010-02-20 00:00:00,725,77355,1,115.4475,GBP
2010-02-15 00:00:00,2010-02-20 00:00:00,725,77381,1,115.4475,USD
2010-02-15 00:00:00,2010-02-20 00:00:00,725,77505,1,115.4475,GBP
2010-02-15 00:00:00,2010-02-20 00:00:00,725,78613,1,115.4475,GBP
2010-02-15 00:00:00,2010-02-20 00:00:00,725,78660,1,115.4475,GBP
2010-02-15 00:00:00,2010-02-20 00:00:00,725,79036,1,115.4475,GBP
2010-02-15 00:00:00,2010-02-20 00:00:00,725,79936,1,115.4475,GBP
2010-02-15 00:00:00,2010-02-20 00:00:00,725,83404,1,115.4475,GBP
2010-02-15 00:00:00,2010-02-20 00:00:00,725,85326,1,115.4475,USD
2010-02-15 00:00:00,2010-02-20 00:00:00,725,85650,1,115.4475,GBP
2010-02-15 00:00:00,2010-02-20 00:00:00,725,85704,1,115.4475,USD
2010-02-15 00:00:00,2010-02-20 00:00:00,725,87199,1,115.4475,USD
2010-02-15 00:00:00,2010-02-20 00:00:00,725,89107,1,115.4475,GBP
2010-02-15 00:00:00,2010-02-20 00:00:00,725,92277,1,115.4475,GBP
2010-02-15 00:00:00,2010-02-20 00:00:00,725,92324,1,115.4475,GBP
2010-02-15 00:00:00,2010-02-20 00:00:00,725,92503,1,115.4475,GBP
2010-02-15 00:00:00,2010-02-20 00:00:00,725,94118,1,115.4475,GBP
2010-02-15 00:00:00,2010-02-20 00:00:00,725,94904,1,115.4475,GBP
2010-02-15 00:00:00,2010-02-20 00:00:00,725,95005,1,115.4475,USD
2010-02-15 00:00:00,2010-02-20 00:00:00,725,95485,1,115.4475,GBP
2010-02-15 00:00:00,2010-02-20 00:00:00,725,97055,1,115.4475,GBP
2010-02-15 00:00:00,2010-02-20 00:00:00,725,97391,1,115.4475,USD
2010-02-15 00:00:00,2010-02-20 00:00:00,726,07004,1,115.4475,GBP
2010-02-15 00:00:00,2010-02-20 00:00:00,726,07055,1,115.4475,GBP
2010-02-15 00:00:00,2010-02-20 00:00:00,726,29334,1,115.4475,USD
2010-02-15 00:00:00,2010-02-20 00:00:00,726,34950,1,115.4475,GBP
2010-02-15 00:00:00,2010-02-20 00:00:00,726,40311,1,115.4475,USD
2010-02-15 00:00:00,2010-02-20 00:00:00,726,41502,1,115.4475,GBP
2010-02-15 00:00:00,2010-02-20 00:00:00,726,47551,1,230.895,GBP
2010-02-15 00:00:00,2010-02-20 00:00:00,726,47551,1,230.895,USD
2010-02-15 00:00:00,2010-02-20 00:00:00,726,51503,1,115.4475,USD
2010-02-15 00:00:00,2010-02-20 00:00:00,726,63050,1,115.4475,USD
2010-02-15 00:00:00,2010-02-20 00:00:00,726,67216,1,115.4475,GBP
2010-02-15 00:00:00,2010-02-20 00:00:00,726,67661,1,115.4475,GBP
2010-02-15 00:00:00,2010-02-20 00:00:00,726,70503,2,230.895,GBP
2010-02-15 00:00:00,2010-02-20 00:00:00,726,71292,1,115.4475,USD
2010-02-15 00:00:00,2010-02-20 00:00:00,726,71423,1,115.4475,USD
2010-02-15 00:00:00,2010-02-20 00:00:00,726,72450,1,115.4475,GBP
2010-02-15 00:00:00,2010-02-20 00:00:00,726,74030,1,115.4475,GBP
2010-02-15 00:00:00,2010-02-20 00:00:00,726,77381,1,115.4475,USD
2010-02-15 00:00:00,2010-02-20 00:00:00,726,77429,1,115.4475,GBP
2010-02-15 00:00:00,2010-02-20 00:00:00,726,77505,1,115.4475,GBP
2010-02-15 00:00:00,2010-02-20 00:00:00,726,77541,1,115.4475,GBP
2010-02-15 00:00:00,2010-02-20 00:00:00,726,77546,1,115.4475,USD
2010-02-15 00:00:00,2010-02-20 00:00:00,726,77662,1,115.4475,GBP
2010-02-15 00:00:00,2010-02-20 00:00:00,726,78613,1,115.4475,GBP
2010-02-15 00:00:00,2010-02-20 00:00:00,726,85704,1,115.4475,GBP
2010-02-15 00:00:00,2010-02-20 00:00:00,726,92324,1,115.4475,GBP
2010-02-15 00:00:00,2010-02-20 00:00:00,726,93274,1,115.4475,USD
2010-02-15 00:00:00,2010-02-20 00:00:00,726,94538,1,115.4475,USD
2010-02-15 00:00:00,2010-02-20 00:00:00,726,95129,1,115.4475,GBP
2010-02-15 00:00:00,2010-02-20 00:00:00,726,95485,1,115.4475,USD
2010-02-15 00:00:00,2010-02-20 00:00:00,726,97055,1,115.4475,GBP
2010-02-15 00:00:00,2010-02-20 00:00:00,726,97201,1,115.4475,GBP
2010-02-15 00:00:00,2010-02-20 00:00:00,727,07047,1,62.9475,USD
2010-02-15 00:00:00,2010-02-20 00:00:00,727,21040,1,62.9475,USD
2010-02-15 00:00:00,2010-02-20 00:00:00,727,32720,1,62.9475,GBP
2010-02-15 00:00:00,2010-02-20 00:00:00,727,33175,1,68.1975,GBP
2010-02-15 00:00:00,2010-02-20 00:00:00,727,33190,1,68.1975,USD
2010-02-15 00:00:00,2010-02-20 00:00:00,727,34223,1,62.9475,GBP
2010-02-15 00:00:00,2010-02-20 00:00:00,727,36330,1,62.9475,USD
2010-02-15 00:00:00,2010-02-20 00:00:00,727,36530,1,62.9475,GBP
2010-02-15 00:00:00,2010-02-20 00:00:00,727,37918,1,68.1975,GBP
2010-02-15 00:00:00,2010-02-20 00:00:00,727,40045,1,68.1975,USD
2010-02-15 00:00:00,2010-02-20 00:00:00,727,63021,1,62.9475,USD
2010-02-15 00:00:00,2010-02-20 00:00:00,727,68318,1,62.9475,GBP
2010-02-15 00:00:00,2010-02-20 00:00:00,727,77581,1,62.9475,USD
2010-02-15 00:00:00,2010-02-20 00:00:00,727,87113,1,62.9475,USD
2010-02-15 00:00:00,2010-02-20 00:00:00,727,91311,1,62.9475,USD
2010-02-15 00:00:00,2010-02-20 00:00:00,727,91980,1,62.9475,USD
2010-02-15 00:00:00,2010-02-20 00:00:00,727,92397,1,62.9475,GBP
2010-02-15 00:00:00,2010-02-20 00:00:00,727,95634,1,62.9475,USD
2010-02-15 00:00:00,2010-02-20 00:00:00,727,95650,1,62.9475,GBP
2010-02-15 00:00:00,2010-02-20 00:00:00,727,95955,1,62.9475,GBP
2010-02-15 00:00:00,2010-02-20 00:00:00,727,97140,1,62.9475,GBP
2010-02-15 00:00:00,2010-02-20 00:00:00,727,97386,1,62.9475,GBP
2010-02-15 00:00:00,2010-02-20 00:00:00,728,07036,1,62.9475,USD
2010-02-15 00:00:00,2010-02-20 00:00:00,728,38474,1,62.9475,GBP
2010-02-15 00:00:00,2010-02-20 00:00:00,728,47006,1,68.1975,USD
2010-02-15 00:00:00,2010-02-20 00:00:00,728,55079,1,62.9475,USD
2010-02-15 00:00:00,2010-02-20 00:00:00,728,55391,1,62.9475,USD
2010-02-15 00:00:00,2010-02-20 00:00:00,728,63021,1,62.9475,USD
2010-02-15 00:00:00,2010-02-20 00:00:00,728,70072,1,62.9475,GBP
2010-02-15 00:00:00,2010-02-20 00:00:00,728,76114,1,62.9475,GBP
2010-02-15 00:00:00,2010-02-20 00:00:00,728,77494,1,62.9475,GBP
2010-02-15 00:00:00,2010-02-20 00:00:00,728,78155,1,62.9475,GBP
2010-02-15 00:00:00,2010-02-20 00:00:00,728,78660,1,62.9475,USD
2010-02-15 00:00:00,2010-02-20 00:00:00,728,91605,1,62.9475,GBP
2010-02-15 00:00:00,2010-02-20 00:00:00,728,92324,1,62.9475,GBP
2010-02-15 00:00:00,2010-02-20 00:00:00,728,94550,1,62.9475,USD
2010-02-15 00:00:00,2010-02-20 00:00:00,728,95073,1,62.9475,GBP
2010-02-15 00:00:00,2010-02-20 00:00:00,729,66616,1,301.8225,USD
2010-02-15 00:00:00,2010-02-20 00:00:00,729,84088,1,301.8225,GBP
2010-02-15 00:00:00,2010-02-20 00:00:00,730,33440,1,301.8225,GBP
2010-02-15 00:00:00,2010-02-20 00:00:00,730,75146,1,301.8225,USD
2010-02-15 00:00:00,2010-02-20 00:00:00,730,89030,1,301.8225,USD
2010-02-15 00:00:00,2010-02-20 00:00:00,739,21791,1,170.5725,GBP
2010-02-15 00:00:00,2010-02-20 00:00:00,739,29649,1,170.5725,GBP
2010-02-15 00:00:00,2010-02-20 00:00:00,739,34202,1,170.5725,GBP
2010-02-15 00:00:00,2010-02-20 00:00:00,739,34232,1,170.5725,GBP
2010-02-15 00:00:00,2010-02-20 00:00:00,739,35226,1,170.5725,GBP
2010-02-15 00:00:00,2010-02-20 00:00:00,739,35760,1,170.5725,GBP
2010-02-15 00:00:00,2010-02-20 00:00:00,739,41572,1,170.5725,GBP
2010-02-15 00:00:00,2010-02-20 00:00:00,739,64801,1,170.5725,GBP
2010-02-15 00:00:00,2010-02-20 00:00:00,739,77494,1,170.5725,GBP
2010-02-15 00:00:00,2010-02-20 00:00:00,739,82633,1,170.5725,GBP
2010-02-15 00:00:00,2010-02-20 00:00:00,739,85650,1,170.5725,GBP
2010-02-15 00:00:00,2010-02-20 00:00:00,739,88310,1,170.5725,GBP
2010-02-15 00:00:00,2010-02-20 00:00:00,739,92346,1,170.5725,GBP
2010-02-15 00:00:00,2010-02-20 00:00:00,739,93117,1,170.5725,GBP
2010-02-15 00:00:00,2010-02-20 00:00:00,739,93243,1,170.5725,GBP
2010-02-15 00:00:00,2010-02-20 00:00:00,739,93460,1,170.5725,GBP
2010-02-15 00:00:00,2010-02-20 00:00:00,739,94506,1,170.5725,GBP
2010-02-15 00:00:00,2010-02-20 00:00:00,739,94550,2,341.145,GBP
2010-02-15 00:00:00,2010-02-20 00:00:00,739,95765,1,170.5725,GBP
2010-02-15 00:00:00,2010-02-20 00:00:00,740,02379,1,170.5725,GBP
2010-02-15 00:00:00,2010-02-20 00:00:00,740,19958,1,170.5725,GBP
2010-02-15 00:00:00,2010-02-20 00:00:00,740,32776,1,170.5725,GBP
2010-02-15 00:00:00,2010-02-20 00:00:00,740,42366,2,341.145,GBP
2010-02-15 00:00:00,2010-02-20 00:00:00,740,46112,1,170.5725,USD
2010-02-15 00:00:00,2010-02-20 00:00:00,740,64801,1,170.5725,GBP
2010-02-15 00:00:00,2010-02-20 00:00:00,740,75604,2,341.145,GBP
2010-02-15 00:00:00,2010-02-20 00:00:00,740,77043,1,167.9475,GBP
2010-02-15 00:00:00,2010-02-20 00:00:00,740,77590,1,170.5725,USD
2010-02-15 00:00:00,2010-02-20 00:00:00,740,79088,1,170.5725,GBP
2010-02-15 00:00:00,2010-02-20 00:00:00,740,83815,1,170.5725,GBP
2010-02-15 00:00:00,2010-02-20 00:00:00,740,84121,2,341.145,GBP
2010-02-15 00:00:00,2010-02-20 00:00:00,740,85044,1,170.5725,GBP
2010-02-15 00:00:00,2010-02-20 00:00:00,740,91709,1,170.5725,GBP
2010-02-15 00:00:00,2010-02-20 00:00:00,740,92028,1,170.5725,GBP
2010-02-15 00:00:00,2010-02-20 00:00:00,740,92346,1,170.5725,GBP
2010-02-15 00:00:00,2010-02-20 00:00:00,740,94550,2,341.145,GBP
2010-02-15 00:00:00,2010-02-20 00:00:00,740,97013,2,330.645,GBP
2010-02-15 00:00:00,2010-02-20 00:00:00,740,97702,1,165.3225,USD
2010-02-15 00:00:00,2010-02-20 00:00:00,744,53021,1,270.3225,GBP
2010-02-15 00:00:00,2010-02-20 00:00:00,747,25674,1,291.3225,GBP
2010-02-15 00:00:00,2010-02-20 00:00:00,747,29445,1,291.3225,USD
2010-02-15 00:00:00,2010-02-20 00:00:00,747,33480,1,291.3225,GBP
2010-02-15 00:00:00,2010-02-20 00:00:00,747,37042,1,291.3225,USD
2010-02-15 00:00:00,2010-02-20 00:00:00,747,41101,1,291.3225,GBP
2010-02-15 00:00:00,2010-02-20 00:00:00,747,84120,1,291.3225,USD
2010-02-15 00:00:00,2010-02-20 00:00:00,747,85284,1,291.3225,GBP
2010-02-15 00:00:00,2010-02-20 00:00:00,747,97054,1,291.3225,USD
2010-02-15 00:00:00,2010-02-20 00:00:00,748,37042,1,291.3225,USD
2010-02-15 00:00:00,2010-02-20 00:00:00,748,41101,1,291.3225,GBP
2010-02-15 00:00:00,2010-02-20 00:00:00,748,47610,1,291.3225,USD
2010-02-15 00:00:00,2010-02-20 00:00:00,748,79927,2,582.645,GBP
2010-02-15 00:00:00,2010-02-20 00:00:00,748,84104,1,291.3225,GBP
2010-02-15 00:00:00,2010-02-20 00:00:00,748,97470,1,291.3225,GBP
2010-02-15 00:00:00,2010-02-20 00:00:00,748,97760,1,291.3225,GBP
2010-02-15 00:00:00,2010-02-20 00:00:00,753,32732,1,244.0725,GBP
2010-02-15 00:00:00,2010-02-20 00:00:00,753,35405,1,241.4475,USD
2010-02-15 00:00:00,2010-02-20 00:00:00,753,75028,1,244.0725,USD
2010-02-15 00:00:00,2010-02-20 00:00:00,753,85326,1,244.0725,GBP
2010-02-15 00:00:00,2010-02-20 00:00:00,753,85381,1,244.0725,GBP
2010-02-15 00:00:00,2010-02-20 00:00:00,753,85650,1,244.0725,GBP
2010-02-15 00:00:00,2010-02-20 00:00:00,753,93243,1,244.0725,GBP
2010-02-15 00:00:00,2010-02-20 00:00:00,753,95120,2,488.145,GBP
2010-02-15 00:00:00,2010-02-20 00:00:00,753,95336,1,244.0725,USD
2010-02-15 00:00:00,2010-02-20 00:00:00,753,97034,1,244.0725,GBP
2010-02-15 00:00:00,2010-02-20 00:00:00,753,97266,1,241.4475,USD
2010-02-15 00:00:00,2010-02-20 00:00:00,754,35042,1,244.0725,GBP
2010-02-15 00:00:00,2010-02-20 00:00:00,754,35405,1,241.4475,GBP
2010-02-15 00:00:00,2010-02-20 00:00:00,754,64080,1,244.0725,USD
2010-02-15 00:00:00,2010-02-20 00:00:00,754,85233,1,244.0725,USD
2010-02-15 00:00:00,2010-02-20 00:00:00,754,97868,1,241.4475,USD
2010-02-15 00:00:00,2010-02-20 00:00:00,757,02062,1,83.9475,GBP
2010-02-15 00:00:00,2010-02-20 00:00:00,757,24853,1,83.9475,GBP
2010-02-15 00:00:00,2010-02-20 00:00:00,757,33823,1,83.9475,USD
2010-02-15 00:00:00,2010-02-20 00:00:00,757,38940,1,83.9475,GBP
2010-02-15 00:00:00,2010-02-20 00:00:00,757,46040,1,83.9475,USD
2010-02-15 00:00:00,2010-02-20 00:00:00,757,46375,1,83.9475,USD
2010-02-15 00:00:00,2010-02-20 00:00:00,757,50131,1,83.9475,GBP
2010-02-15 00:00:00,2010-02-20 00:00:00,757,54135,2,167.895,GBP
2010-02-15 00:00:00,2010-02-20 00:00:00,757,63348,1,83.9475,GBP
2010-02-15 00:00:00,2010-02-20 00:00:00,757,63601,1,83.9475,GBP
2010-02-15 00:00:00,2010-02-20 00:00:00,757,70356,1,83.9475,USD
2010-02-15 00:00:00,2010-02-20 00:00:00,757,73401,1,83.9475,USD
2010-02-15 00:00:00,2010-02-20 00:00:00,757,74137,1,83.9475,USD
2010-02-15 00:00:00,2010-02-20 00:00:00,757,90265,3,251.8425,USD
2010-02-15 00:00:00,2010-02-20 00:00:00,757,91362,1,83.9475,USD
2010-02-15 00:00:00,2010-02-20 00:00:00,757,92028,1,83.9475,USD
2010-02-15 00:00:00,2010-02-20 00:00:00,757,93306,1,83.9475,GBP
2010-02-15 00:00:00,2010-02-20 00:00:00,758,08876,1,83.9475,USD
2010-02-15 00:00:00,2010-02-20 00:00:00,758,25442,1,83.9475,USD
2010-02-15 00:00:00,2010-02-20 00:00:00,758,29323,1,83.9475,USD
2010-02-15 00:00:00,2010-02-20 00:00:00,758,29483,1,83.9475,GBP
2010-02-15 00:00:00,2010-02-20 00:00:00,758,32127,1,83.9475,USD
2010-02-15 00:00:00,2010-02-20 00:00:00,758,38851,1,83.9475,USD
2010-02-15 00:00:00,2010-02-20 00:00:00,758,40065,1,83.9475,GBP
2010-02-15 00:00:00,2010-02-20 00:00:00,758,46040,1,83.9475,USD
2010-02-15 00:00:00,2010-02-20 00:00:00,758,47403,1,83.9475,GBP
2010-02-15 00:00:00,2010-02-20 00:00:00,758,47670,1,83.9475,GBP
2010-02-15 00:00:00,2010-02-20 00:00:00,758,63348,1,83.9475,GBP
2010-02-15 00:00:00,2010-02-20 00:00:00,758,76087,1,83.9475,GBP
2010-02-15 00:00:00,2010-02-20 00:00:00,758,77429,1,83.9475,USD
2010-02-15 00:00:00,2010-02-20 00:00:00,758,83402,1,83.9475,GBP
2010-02-15 00:00:00,2010-02-20 00:00:00,758,84513,1,83.9475,GBP
2010-02-15 00:00:00,2010-02-20 00:00:00,758,90505,1,83.9475,USD
2010-02-15 00:00:00,2010-02-20 00:00:00,758,92585,1,83.9475,GBP
2010-02-15 00:00:00,2010-02-20 00:00:00,758,92672,1,83.9475,GBP
2010-02-15 00:00:00,2010-02-20 00:00:00,758,93908,1,83.9475,USD
2010-02-15 00:00:00,2010-02-20 00:00:00,767,29445,2,209.895,GBP
2010-02-15 00:00:00,2010-02-20 00:00:00,767,33782,1,104.9475,GBP
2010-02-15 00:00:00,2010-02-20 00:00:00,767,33872,1,104.9475,GBP
2010-02-15 00:00:00,2010-02-20 00:00:00,767,63011,1,104.9475,GBP
2010-02-15 00:00:00,2010-02-20 00:00:00,767,91741,1,104.9475,USD
2010-02-15 00:00:00,2010-02-20 00:00:00,767,94044,1,104.9475,GBP
2010-02-15 00:00:00,2010-02-20 00:00:00,768,29073,1,104.9475,GBP
2010-02-15 00:00:00,2010-02-20 00:00:00,768,33872,1,104.9475,USD
2010-02-15 00:00:00,2010-02-20 00:00:00,768,37166,1,102.3225,USD
2010-02-15 00:00:00,2010-02-20 00:00:00,768,42366,1,104.9475,GBP
2010-02-15 00:00:00,2010-02-20 00:00:00,768,74133,1,104.9475,GBP
2010-02-15 00:00:00,2010-02-20 00:00:00,768,74401,1,104.9475,USD
2010-02-15 00:00:00,2010-02-20 00:00:00,768,77612,1,104.9475,USD
2010-02-15 00:00:00,2010-02-20 00:00:00,768,85310,1,104.9475,USD
2010-02-15 00:00:00,2010-02-20 00:00:00,768,87532,1,104.9475,GBP
2010-02-15 00:00:00,2010-02-20 00:00:00,768,95014,1,104.9475,GBP
2010-02-15 00:00:00,2010-02-20 00:00:00,768,95051,1,104.9475,USD
2010-02-15 00:00:00,2010-02-20 00:00:00,768,95252,1,104.9475,USD
2010-02-15 00:00:00,2010-02-20 00:00:00,768,97426,1,104.9475,USD
2010-02-15 00:00:00,2010-02-20 00:00:00,769,08234,1,257.1975,GBP
2010-02-15 00:00:00,2010-02-20 00:00:00,769,08828,1,257.1975,GBP
2010-02-15 00:00:00,2010-02-20 00:00:00,769,20678,1,257.1975,USD
2010-02-15 00:00:00,2010-02-20 00:00:00,769,29445,1,257.1975,GBP
2010-02-15 00:00:00,2010-02-20 00:00:00,769,29461,1,257.1975,USD
2010-02-15 00:00:00,2010-02-20 00:00:00,769,39364,1,257.1975,USD
2010-02-15 00:00:00,2010-02-20 00:00:00,769,40336,1,257.1975,GBP
2010-02-15 00:00:00,2010-02-20 00:00:00,769,42553,1,257.1975,GBP
2010-02-15 00:00:00,2010-02-20 00:00:00,769,47611,1,257.1975,GBP
2010-02-15 00:00:00,2010-02-20 00:00:00,769,51053,1,257.1975,USD
2010-02-15 00:00:00,2010-02-20 00:00:00,769,54880,1,257.1975,GBP
2010-02-15 00:00:00,2010-02-20 00:00:00,769,66040,1,257.1975,USD
2010-02-15 00:00:00,2010-02-20 00:00:00,769,67401,1,257.1975,GBP
2010-02-15 00:00:00,2010-02-20 00:00:00,769,68135,1,257.1975,GBP
2010-02-15 00:00:00,2010-02-20 00:00:00,769,70791,1,257.1975,USD
2010-02-15 00:00:00,2010-02-20 00:00:00,769,73034,1,257.1975,GBP
2010-02-15 00:00:00,2010-02-20 00:00:00,769,73401,1,257.1975,USD
2010-02-15 00:00:00,2010-02-20 00:00:00,769,85648,1,257.1975,GBP
2010-02-15 00:00:00,2010-02-20 00:00:00,769,92314,1,257.1975,GBP
2010-02-15 00:00:00,2010-02-20 00:00:00,769,92562,1,257.1975,USD
2010-02-15 00:00:00,2010-02-20 00:00:00,769,95658,1,257.1975,GBP
2010-02-15 00:00:00,2010-02-20 00:00:00,769,97503,1,257.1975,USD
2010-02-15 00:00:00,2010-02-20 00:00:00,770,06010,1,257.1975,GBP
2010-02-15 00:00:00,2010-02-20 00:00:00,770,07607,1,257.1975,USD
2010-02-15 00:00:00,2010-02-20 00:00:00,770,08828,1,257.1975,GBP
2010-02-15 00:00:00,2010-02-20 00:00:00,770,29445,1,257.1975,GBP
2010-02-15 00:00:00,2010-02-20 00:00:00,770,29456,1,257.1975,USD
2010-02-15 00:00:00,2010-02-20 00:00:00,770,35096,1,257.1975,GBP
2010-02-15 00:00:00,2010-02-20 00:00:00,770,38311,1,251.9475,GBP
2010-02-15 00:00:00,2010-02-20 00:00:00,770,42553,1,514.395,GBP
2010-02-15 00:00:00,2010-02-20 00:00:00,770,42553,1,1028.79,USD
2010-02-15 00:00:00,2010-02-20 00:00:00,770,46808,1,257.1975,USD
2010-02-15 00:00:00,2010-02-20 00:00:00,770,47150,1,257.1975,GBP
2010-02-15 00:00:00,2010-02-20 00:00:00,770,53538,1,257.1975,USD
2010-02-15 00:00:00,2010-02-20 00:00:00,770,59803,1,257.1975,GBP
2010-02-15 00:00:00,2010-02-20 00:00:00,770,67401,1,257.1975,GBP
2010-02-15 00:00:00,2010-02-20 00:00:00,770,68836,1,257.1975,USD
2010-02-15 00:00:00,2010-02-20 00:00:00,770,71051,1,257.1975,GBP
2010-02-15 00:00:00,2010-02-20 00:00:00,770,71854,1,257.1975,USD
2010-02-15 00:00:00,2010-02-20 00:00:00,770,73401,1,257.1975,USD
2010-02-15 00:00:00,2010-02-20 00:00:00,770,77034,1,257.1975,GBP
2010-02-15 00:00:00,2010-02-20 00:00:00,770,79107,1,257.1975,GBP
2010-02-15 00:00:00,2010-02-20 00:00:00,770,89048,1,257.1975,USD
2010-02-15 00:00:00,2010-02-20 00:00:00,770,89103,1,257.1975,GBP
2010-02-15 00:00:00,2010-02-20 00:00:00,770,89129,1,257.1975,USD
2010-02-15 00:00:00,2010-02-20 00:00:00,770,99516,1,257.1975,USD
2010-02-15 00:00:00,2010-02-20 00:00:00,771,42301,1,165.3225,USD
2010-02-15 00:00:00,2010-02-20 00:00:00,771,63126,1,165.3225,USD
2010-02-15 00:00:00,2010-02-20 00:00:00,771,92055,1,165.3225,USD
2010-02-15 00:00:00,2010-02-20 00:00:00,771,92587,1,165.3225,GBP
2010-02-15 00:00:00,2010-02-20 00:00:00,772,21237,1,165.3225,GBP
2010-02-15 00:00:00,2010-02-20 00:00:00,772,84010,1,165.3225,GBP
2010-02-15 00:00:00,2010-02-20 00:00:00,772,87505,1,165.3225,GBP
2010-02-15 00:00:00,2010-02-20 00:00:00,772,92055,1,165.3225,GBP
2010-02-15 00:00:00,2010-02-20 00:00:00,772,92692,1,165.3225,GBP
2010-02-15 00:00:00,2010-02-20 00:00:00,772,94555,1,165.3225,GBP
2010-02-15 00:00:00,2010-02-20 00:00:00,795,08092,1,275.5725,USD
2010-02-15 00:00:00,2010-02-20 00:00:00,795,46807,1,272.9475,GBP
2010-02-15 00:00:00,2010-02-20 00:00:00,795,72762,1,275.5725,GBP
2010-02-15 00:00:00,2010-02-20 00:00:00,795,75061,1,275.5725,GBP
2010-02-15 00:00:00,2010-02-20 00:00:00,795,84119,1,275.5725,USD
2010-02-15 00:00:00,2010-02-20 00:00:00,795,84660,2,551.145,USD
2010-02-15 00:00:00,2010-02-20 00:00:00,795,85044,1,275.5725,USD
2010-02-15 00:00:00,2010-02-20 00:00:00,795,85711,1,275.5725,GBP
2010-02-15 00:00:00,2010-02-20 00:00:00,795,89706,1,275.5725,USD
2010-02-15 00:00:00,2010-02-20 00:00:00,795,91320,1,275.5725,GBP
2010-02-15 00:00:00,2010-02-20 00:00:00,795,92019,1,275.5725,USD
2010-02-15 00:00:00,2010-02-20 00:00:00,795,92071,2,551.145,GBP
2010-02-15 00:00:00,2010-02-20 00:00:00,795,93245,1,275.5725,GBP
2010-02-15 00:00:00,2010-02-20 00:00:00,795,93401,1,275.5725,USD
2010-02-15 00:00:00,2010-02-20 00:00:00,795,94030,1,275.5725,GBP
2010-02-15 00:00:00,2010-02-20 00:00:00,795,94923,1,275.5725,GBP
2010-02-15 00:00:00,2010-02-20 00:00:00,795,95703,1,275.5725,GBP
2010-02-15 00:00:00,2010-02-20 00:00:00,795,97123,1,275.5725,GBP
2010-02-15 00:00:00,2010-02-20 00:00:00,796,32779,1,272.9475,USD
2010-02-15 00:00:00,2010-02-20 00:00:00,796,63049,1,275.5725,USD
2010-02-15 00:00:00,2010-02-20 00:00:00,796,63143,1,275.5725,USD
2010-02-15 00:00:00,2010-02-20 00:00:00,796,73065,1,275.5725,GBP
2010-02-15 00:00:00,2010-02-20 00:00:00,796,83854,1,275.5725,USD
2010-02-15 00:00:00,2010-02-20 00:00:00,796,84660,2,551.145,USD
2010-02-15 00:00:00,2010-02-20 00:00:00,796,85027,1,275.5725,GBP
2010-02-15 00:00:00,2010-02-20 00:00:00,796,85711,1,275.5725,USD
2010-02-15 00:00:00,2010-02-20 00:00:00,796,87043,1,275.5725,GBP
2010-02-15 00:00:00,2010-02-20 00:00:00,796,89031,1,275.5725,GBP
2010-02-15 00:00:00,2010-02-20 00:00:00,796,91901,1,275.5725,GBP
2010-02-15 00:00:00,2010-02-20 00:00:00,796,92067,1,275.5725,USD
2010-02-15 00:00:00,2010-02-20 00:00:00,796,92672,1,275.5725,GBP
2010-02-15 00:00:00,2010-02-20 00:00:00,796,94030,1,275.5725,GBP
2010-02-15 00:00:00,2010-02-20 00:00:00,796,95703,1,275.5725,GBP
2010-02-15 00:00:00,2010-02-20 00:00:00,797,02333,1,301.8225,USD
2010-02-15 00:00:00,2010-02-20 00:00:00,797,06141,1,301.8225,USD
2010-02-15 00:00:00,2010-02-20 00:00:00,797,06410,1,301.8225,GBP
2010-02-15 00:00:00,2010-02-20 00:00:00,797,08016,1,301.8225,USD
2010-02-15 00:00:00,2010-02-20 00:00:00,797,08865,1,301.8225,GBP
2010-02-15 00:00:00,2010-02-20 00:00:00,797,21211,1,301.8225,GBP
2010-02-15 00:00:00,2010-02-20 00:00:00,797,29206,1,301.8225,GBP
2010-02-15 00:00:00,2010-02-20 00:00:00,797,29936,1,301.8225,USD
2010-02-15 00:00:00,2010-02-20 00:00:00,797,33809,1,301.8225,GBP
2010-02-15 00:00:00,2010-02-20 00:00:00,797,35173,1,301.8225,GBP
2010-02-15 00:00:00,2010-02-20 00:00:00,797,36851,1,301.8225,USD
2010-02-15 00:00:00,2010-02-20 00:00:00,797,39479,1,301.8225,USD
2010-02-15 00:00:00,2010-02-20 00:00:00,797,40515,1,301.8225,GBP
2010-02-15 00:00:00,2010-02-20 00:00:00,797,51529,1,301.8225,GBP
2010-02-15 00:00:00,2010-02-20 00:00:00,797,53188,1,301.8225,GBP
2010-02-15 00:00:00,2010-02-20 00:00:00,797,53227,1,603.645,GBP
2010-02-15 00:00:00,2010-02-20 00:00:00,797,53227,1,603.645,USD
2010-02-15 00:00:00,2010-02-20 00:00:00,797,57793,1,301.8225,GBP
2010-02-15 00:00:00,2010-02-20 00:00:00,797,71854,1,301.8225,GBP
2010-02-15 00:00:00,2010-02-20 00:00:00,797,74055,1,301.8225,GBP
2010-02-15 00:00:00,2010-02-20 00:00:00,797,75020,2,603.645,USD
2010-02-15 00:00:00,2010-02-20 00:00:00,797,75672,1,301.8225,USD
2010-02-15 00:00:00,2010-02-20 00:00:00,797,78004,1,301.8225,USD
2010-02-15 00:00:00,2010-02-20 00:00:00,797,78566,1,301.8225,GBP
2010-02-15 00:00:00,2010-02-20 00:00:00,797,84701,1,301.8225,USD
2010-02-15 00:00:00,2010-02-20 00:00:00,797,85213,1,301.8225,USD
2010-02-15 00:00:00,2010-02-20 00:00:00,797,85283,1,301.8225,GBP
2010-02-15 00:00:00,2010-02-20 00:00:00,797,85741,1,301.8225,USD
2010-02-15 00:00:00,2010-02-20 00:00:00,797,92562,1,301.8225,GBP
2010-02-15 00:00:00,2010-02-20 00:00:00,797,92705,1,301.8225,USD
2010-02-15 00:00:00,2010-02-20 00:00:00,797,93436,2,603.645,USD
2010-02-15 00:00:00,2010-02-20 00:00:00,797,93561,1,301.8225,USD
2010-02-15 00:00:00,2010-02-20 00:00:00,797,94513,1,301.8225,USD
2010-02-15 00:00:00,2010-02-20 00:00:00,797,94947,1,301.8225,USD
2010-02-15 00:00:00,2010-02-20 00:00:00,797,97007,1,301.8225,GBP
2010-02-15 00:00:00,2010-02-20 00:00:00,797,97756,1,301.8225,GBP
2010-02-15 00:00:00,2010-02-20 00:00:00,801,89047,1,291.3225,USD
2010-02-15 00:00:00,2010-02-20 00:00:00,801,92020,1,291.3225,USD
2010-02-15 00:00:00,2010-02-20 00:00:00,801,95330,1,291.3225,USD
2010-02-15 00:00:00,2010-02-20 00:00:00,823,08015,1,619.4475,USD
2010-02-15 00:00:00,2010-02-20 00:00:00,823,32926,1,619.4475,GBP
2010-02-15 00:00:00,2010-02-20 00:00:00,823,53132,1,619.4475,GBP
2010-02-15 00:00:00,2010-02-20 00:00:00,833,21211,1,803.1975,USD
2010-02-15 00:00:00,2010-02-20 00:00:00,833,25526,1,803.1975,USD
2010-02-15 00:00:00,2010-02-20 00:00:00,833,37027,1,787.4475,GBP
2010-02-15 00:00:00,2010-02-20 00:00:00,833,70435,1,792.6975,GBP
2010-02-15 00:00:00,2010-02-20 00:00:00,833,76006,1,787.4475,USD
2010-02-15 00:00:00,2010-02-20 00:00:00,833,76426,1,797.9475,USD
2010-02-15 00:00:00,2010-02-20 00:00:00,833,91730,1,797.9475,USD
2010-02-15 00:00:00,2010-02-20 00:00:00,837,06248,1,839.9475,USD
2010-02-15 00:00:00,2010-02-20 00:00:00,837,34695,1,813.6975,GBP
2010-02-15 00:00:00,2010-02-20 00:00:00,837,37130,1,839.9475,GBP
2010-02-15 00:00:00,2010-02-20 00:00:00,837,63129,1,813.6975,USD
2010-02-15 00:00:00,2010-02-20 00:00:00,837,74074,1,813.6975,USD
2010-02-15 00:00:00,2010-02-20 00:00:00,837,77388,1,813.6975,USD
2010-02-15 00:00:00,2010-02-20 00:00:00,837,82414,1,813.6975,USD
2010-02-15 00:00:00,2010-02-20 00:00:00,838,32110,1,929.1975,USD
2010-02-15 00:00:00,2010-02-20 00:00:00,838,33634,1,934.4475,USD
2010-02-15 00:00:00,2010-02-20 00:00:00,838,34452,1,934.4475,GBP
2010-02-15 00:00:00,2010-02-20 00:00:00,838,55112,1,934.4475,USD
2010-02-15 00:00:00,2010-02-20 00:00:00,838,55412,1,939.6975,USD
2010-02-15 00:00:00,2010-02-20 00:00:00,838,67144,1,934.4475,GBP
2010-02-15 00:00:00,2010-02-20 00:00:00,838,70802,1,944.9475,USD
2010-02-15 00:00:00,2010-02-20 00:00:00,838,73045,1,934.4475,USD
2010-02-15 00:00:00,2010-02-20 00:00:00,838,76542,1,934.4475,GBP
2010-02-15 00:00:00,2010-02-20 00:00:00,838,77571,1,918.6975,GBP
2010-02-15 00:00:00,2010-02-20 00:00:00,838,79536,1,944.9475,USD
2010-02-15 00:00:00,2010-02-20 00:00:00,838,85262,1,934.4475,USD
2010-02-15 00:00:00,2010-02-20 00:00:00,838,90260,1,934.4475,GBP
2010-02-15 00:00:00,2010-02-20 00:00:00,838,97321,1,913.4475,GBP
2010-02-15 00:00:00,2010-02-20 00:00:00,838,97867,1,934.4475,GBP
2010-02-15 00:00:00,2010-02-20 00:00:00,842,65109,1,750.6975,GBP
2010-02-15 00:00:00,2010-02-20 00:00:00,843,37737,1,524.9475,GBP
2010-02-15 00:00:00,2010-02-20 00:00:00,847,29360,1,577.4475,USD
2010-02-15 00:00:00,2010-02-20 00:00:00,847,34224,1,551.1975,USD
2010-02-15 00:00:00,2010-02-20 00:00:00,847,40205,1,577.4475,GBP
2010-02-15 00:00:00,2010-02-20 00:00:00,847,70615,1,603.6975,GBP
2010-02-15 00:00:00,2010-02-20 00:00:00,847,72374,1,577.4475,USD
2010-02-15 00:00:00,2010-02-20 00:00:00,847,74055,1,603.6975,USD
2010-02-15 00:00:00,2010-02-20 00:00:00,847,78516,1,551.1975,GBP
2010-02-15 00:00:00,2010-02-20 00:00:00,852,32724,1,745.4475,GBP
2010-02-15 00:00:00,2010-02-20 00:00:00,852,33186,1,745.4475,USD
2010-02-15 00:00:00,2010-02-20 00:00:00,852,34223,1,745.4475,GBP
2010-02-15 00:00:00,2010-02-20 00:00:00,852,34997,1,771.6975,GBP
2010-02-15 00:00:00,2010-02-20 00:00:00,852,70068,1,745.4475,USD
2010-02-15 00:00:00,2010-02-20 00:00:00,852,97267,1,745.4475,USD
2010-02-15 00:00:00,2010-02-20 00:00:00,862,71753,1,162.6975,GBP
2010-02-15 00:00:00,2010-02-20 00:00:00,862,85204,1,209.9475,USD
2010-02-15 00:00:00,2010-02-20 00:00:00,863,77479,1,299.1975,GBP
2010-02-15 00:00:00,2010-02-20 00:00:00,863,85609,1,304.4475,GBP
2010-02-15 00:00:00,2010-02-20 00:00:00,863,94595,1,304.4475,USD
2010-02-15 00:00:00,2010-02-20 00:00:00,901,01038,1,409.4475,GBP
2010-02-15 00:00:00,2010-02-20 00:00:00,901,07109,1,409.4475,USD
2010-02-15 00:00:00,2010-02-20 00:00:00,901,08108,1,409.4475,GBP
2010-02-15 00:00:00,2010-02-20 00:00:00,901,21784,1,409.4475,USD
2010-02-15 00:00:00,2010-02-20 00:00:00,901,33069,1,409.4475,GBP
2010-02-15 00:00:00,2010-02-20 00:00:00,901,34951,1,409.4475,USD
2010-02-15 00:00:00,2010-02-20 00:00:00,901,36870,1,409.4475,GBP
2010-02-15 00:00:00,2010-02-20 00:00:00,901,39531,1,409.4475,USD
2010-02-15 00:00:00,2010-02-20 00:00:00,901,84741,1,409.4475,USD
2010-02-15 00:00:00,2010-02-20 00:00:00,901,85035,1,409.4475,GBP
2010-02-15 00:00:00,2010-02-20 00:00:00,901,90057,2,818.895,GBP
2010-02-15 00:00:00,2010-02-20 00:00:00,901,97004,1,409.4475,GBP
2010-02-15 00:00:00,2010-02-20 00:00:00,910,02019,1,414.6975,USD
2010-02-15 00:00:00,2010-02-20 00:00:00,910,06108,1,414.6975,USD
2010-02-15 00:00:00,2010-02-20 00:00:00,910,07506,1,414.6975,USD
2010-02-15 00:00:00,2010-02-20 00:00:00,910,07747,1,414.6975,USD
2010-02-15 00:00:00,2010-02-20 00:00:00,910,07936,1,414.6975,USD
2010-02-15 00:00:00,2010-02-20 00:00:00,910,08902,1,414.6975,USD
2010-02-15 00:00:00,2010-02-20 00:00:00,910,25570,1,414.6975,USD
2010-02-15 00:00:00,2010-02-20 00:00:00,910,29039,1,414.6975,USD
2010-02-15 00:00:00,2010-02-20 00:00:00,910,29654,1,414.6975,USD
2010-02-15 00:00:00,2010-02-20 00:00:00,910,32034,1,414.6975,USD
2010-02-15 00:00:00,2010-02-20 00:00:00,910,32210,1,414.6975,USD
2010-02-15 00:00:00,2010-02-20 00:00:00,910,32312,1,414.6975,USD
2010-02-15 00:00:00,2010-02-20 00:00:00,910,32707,1,414.6975,USD
2010-02-15 00:00:00,2010-02-20 00:00:00,910,33912,1,414.6975,USD
2010-02-15 00:00:00,2010-02-20 00:00:00,910,35811,1,414.6975,USD
2010-02-15 00:00:00,2010-02-20 00:00:00,910,36832,1,414.6975,USD
2010-02-15 00:00:00,2010-02-20 00:00:00,910,39564,1,414.6975,USD
2010-02-15 00:00:00,2010-02-20 00:00:00,910,55109,1,414.6975,USD
2010-02-15 00:00:00,2010-02-20 00:00:00,910,63114,1,414.6975,USD
2010-02-15 00:00:00,2010-02-20 00:00:00,910,64601,1,414.6975,USD
2010-02-15 00:00:00,2010-02-20 00:00:00,910,67460,1,414.6975,USD
2010-02-15 00:00:00,2010-02-20 00:00:00,910,70360,1,414.6975,USD
2010-02-15 00:00:00,2010-02-20 00:00:00,910,71322,1,414.6975,GBP
2010-02-15 00:00:00,2010-02-20 00:00:00,910,73003,1,414.6975,USD
2010-02-15 00:00:00,2010-02-20 00:00:00,910,74434,1,414.6975,GBP
2010-02-15 00:00:00,2010-02-20 00:00:00,910,75706,1,414.6975,USD
2010-02-15 00:00:00,2010-02-20 00:00:00,910,76054,1,414.6975,USD
2010-02-15 00:00:00,2010-02-20 00:00:00,910,79764,1,414.6975,USD
2010-02-15 00:00:00,2010-02-20 00:00:00,910,85201,1,414.6975,USD
2010-02-15 00:00:00,2010-02-20 00:00:00,910,91932,1,414.6975,GBP
2010-02-15 00:00:00,2010-02-20 00:00:00,910,92201,1,414.6975,USD
2010-02-15 00:00:00,2010-02-20 00:00:00,910,94086,4,1658.79,USD
2010-02-15 00:00:00,2010-02-20 00:00:00,910,95814,1,414.6975,GBP
2010-02-15 00:00:00,2010-02-20 00:00:00,910,95825,1,414.6975,USD
2010-02-15 00:00:00,2010-02-20 00:00:00,910,97209,1,414.6975,USD
2010-02-15 00:00:00,2010-02-20 00:00:00,910,97306,1,414.6975,USD
2010-02-15 00:00:00,2010-02-20 00:00:00,914,52761,1,603.6975,USD
2010-02-15 00:00:00,2010-02-20 00:00:00,914,56128,1,603.6975,USD
2010-02-15 00:00:00,2010-02-20 00:00:00,914,75070,1,577.4475,GBP
2010-02-15 00:00:00,2010-02-20 00:00:00,914,87122,1,603.6975,GBP
2010-02-15 00:00:00,2010-02-20 00:00:00,914,94133,1,577.4475,USD
2010-02-15 00:00:00,2010-02-20 00:00:00,914,95131,1,577.4475,USD
2010-02-15 00:00:00,2010-02-20 00:00:00,921,33014,1,524.9475,GBP
2010-02-15 00:00:00,2010-02-20 00:00:00,921,38358,1,524.9475,USD
2010-02-15 00:00:00,2010-02-20 00:00:00,921,41164,1,524.9475,USD
2010-02-15 00:00:00,2010-02-20 00:00:00,921,75234,1,524.9475,USD
2010-02-15 00:00:00,2010-02-20 00:00:00,921,77450,1,524.9475,USD
2010-02-15 00:00:00,2010-02-20 00:00:00,921,77706,1,524.9475,USD
2010-02-15 00:00:00,2010-02-20 00:00:00,921,91766,1,524.9475,GBP
2010-02-15 00:00:00,2010-02-20 00:00:00,921,94015,2,1049.895,USD
2010-02-15 00:00:00,2010-02-20 00:00:00,922,79912,1,472.4475,USD
2010-02-15 00:00:00,2010-02-20 00:00:00,922,84118,1,472.4475,USD
2010-02-15 00:00:00,2010-02-20 00:00:00,922,92675,1,472.4475,USD
2010-02-15 00:00:00,2010-02-20 00:00:00,922,94544,1,472.4475,USD
2010-02-15 00:00:00,2010-02-20 00:00:00,932,66762,1,430.4475,USD
2010-02-15 00:00:00,2010-02-20 00:00:00,932,92028,1,430.4475,GBP
2010-02-15 00:00:00,2010-02-20 00:00:00,936,32256,1,498.6975,GBP
2010-02-15 00:00:00,2010-02-20 00:00:00,936,33411,1,498.6975,USD
2010-02-15 00:00:00,2010-02-20 00:00:00,936,33415,1,498.6975,GBP
2010-02-15 00:00:00,2010-02-20 00:00:00,936,36830,1,498.6975,USD
2010-02-15 00:00:00,2010-02-20 00:00:00,936,37343,1,498.6975,GBP
2010-02-15 00:00:00,2010-02-20 00:00:00,936,85007,1,498.6975,GBP
2010-02-15 00:00:00,2010-02-20 00:00:00,936,89511,1,498.6975,GBP
2010-02-15 00:00:00,2010-02-20 00:00:00,936,90066,1,498.6975,GBP
2010-02-15 00:00:00,2010-02-20 00:00:00,940,36613,1,687.6975,USD
2010-02-15 00:00:00,2010-02-20 00:00:00,940,77346,1,687.6975,GBP
2010-02-15 00:00:00,2010-02-20 00:00:00,940,85204,1,671.9475,GBP
2010-02-15 00:00:00,2010-02-20 00:00:00,940,92126,1,671.9475,GBP
2010-02-15 00:00:00,2010-02-20 00:00:00,940,93405,1,671.9475,GBP
2010-02-15 00:00:00,2010-02-20 00:00:00,940,95842,1,687.6975,GBP
2010-02-15 00:00:00,2010-02-20 00:00:00,952,85205,1,262.4475,GBP
2010-02-15 00:00:00,2010-02-20 00:00:00,962,33428,1,524.9475,GBP
2010-02-15 00:00:00,2010-02-20 00:00:00,962,33756,1,524.9475,GBP
2010-02-15 00:00:00,2010-02-20 00:00:00,962,55409,1,509.1975,USD
2010-02-15 00:00:00,2010-02-20 00:00:00,962,70508,1,509.1975,USD
2010-02-15 00:00:00,2010-02-20 00:00:00,962,70515,1,509.1975,USD
2010-02-15 00:00:00,2010-02-20 00:00:00,962,74003,1,524.9475,USD
2010-02-15 00:00:00,2010-02-20 00:00:00,962,79761,1,524.9475,USD
2010-02-15 00:00:00,2010-02-20 00:00:00,962,84103,1,524.9475,USD
2010-02-15 00:00:00,2010-02-20 00:00:00,962,85641,1,524.9475,USD
2010-02-15 00:00:00,2010-02-20 00:00:00,962,91001,1,509.1975,GBP
2010-02-15 00:00:00,2010-02-20 00:00:00,962,91320,1,524.9475,GBP
2010-02-15 00:00:00,2010-02-20 00:00:00,962,92503,1,524.9475,USD
2010-02-15 00:00:00,2010-02-20 00:00:00,964,32210,1,356.9475,USD
2010-02-15 00:00:00,2010-02-20 00:00:00,964,32569,1,356.9475,GBP
2010-02-15 00:00:00,2010-02-20 00:00:00,964,33433,1,356.9475,USD
2010-02-15 00:00:00,2010-02-20 00:00:00,964,34223,1,346.4475,GBP
2010-02-15 00:00:00,2010-02-20 00:00:00,964,34240,1,356.9475,GBP
2010-02-15 00:00:00,2010-02-20 00:00:00,964,34654,1,356.9475,USD
2010-02-15 00:00:00,2010-02-20 00:00:00,964,47620,1,356.9475,USD
2010-02-15 00:00:00,2010-02-20 00:00:00,964,54929,1,356.9475,GBP
2010-02-15 00:00:00,2010-02-20 00:00:00,964,77092,1,356.9475,GBP
2010-02-15 00:00:00,2010-02-20 00:00:00,964,77590,1,356.9475,USD
2010-02-15 00:00:00,2010-02-20 00:00:00,964,79936,1,346.4475,USD
2010-02-15 00:00:00,2010-02-20 00:00:00,964,85051,1,356.9475,USD
2010-02-15 00:00:00,2010-02-20 00:00:00,964,91911,1,346.4475,GBP
2010-02-15 00:00:00,2010-02-20 00:00:00,964,93030,1,346.4475,USD
2010-02-15 00:00:00,2010-02-20 00:00:00,964,95672,1,330.6975,USD
2010-02-15 00:00:00,2010-02-20 00:00:00,979,32094,1,409.4475,GBP
2010-02-15 00:00:00,2010-02-20 00:00:00,979,33149,1,393.6975,USD
2010-02-15 00:00:00,2010-02-20 00:00:00,979,33487,1,393.6975,USD
2010-02-15 00:00:00,2010-02-20 00:00:00,979,77520,1,409.4475,GBP
2010-02-15 00:00:00,2010-02-20 00:00:00,979,78728,1,409.4475,USD
2010-02-15 00:00:00,2010-02-20 00:00:00,979,85018,1,409.4475,USD
2010-02-15 00:00:00,2010-02-20 00:00:00,981,32643,1,157.4475,USD
2010-02-15 00:00:00,2010-02-20 00:00:00,981,33322,1,157.4475,USD
2010-02-15 00:00:00,2010-02-20 00:00:00,981,34788,1,167.9475,GBP
2010-02-15 00:00:00,2010-02-20 00:00:00,981,46184,1,157.4475,USD
2010-02-15 00:00:00,2010-02-20 00:00:00,981,78578,1,157.4475,GBP
2010-02-15 00:00:00,2010-02-20 00:00:00,981,95116,1,157.4475,USD
2010-02-15 00:00:00,2010-02-20 00:00:00,988,78728,1,414.6975,GBP
2010-02-15 00:00:00,2010-02-20 00:00:00,988,95503,1,414.6975,GBP
2010-02-15 00:00:00,2010-02-20 00:00:00,989,32233,1,451.4475,GBP
2010-02-15 00:00:00,2010-02-20 00:00:00,989,33463,1,467.1975,USD
2010-02-15 00:00:00,2010-02-20 00:00:00,989,35235,1,467.1975,GBP
2010-02-15 00:00:00,2010-02-20 00:00:00,989,35810,1,467.1975,GBP
2010-02-15 00:00:00,2010-02-20 00:00:00,989,38570,1,467.1975,USD
2010-02-15 00:00:00,2010-02-20 00:00:00,989,47348,1,451.4475,GBP
2010-02-15 00:00:00,2010-02-20 00:00:00,989,53066,1,451.4475,USD
2010-02-15 00:00:00,2010-02-20 00:00:00,989,65483,1,467.1975,GBP
2010-02-15 00:00:00,2010-02-20 00:00:00,989,68410,1,467.1975,GBP
2010-02-15 00:00:00,2010-02-20 00:00:00,989,77068,1,451.4475,GBP
2010-02-15 00:00:00,2010-02-20 00:00:00,989,77429,1,451.4475,USD
2010-02-15 00:00:00,2010-02-20 00:00:00,989,78028,1,451.4475,GBP
2010-02-15 00:00:00,2010-02-20 00:00:00,989,83706,1,467.1975,GBP
2010-02-15 00:00:00,2010-02-20 00:00:00,989,87124,1,451.4475,USD
2010-02-15 00:00:00,2010-02-20 00:00:00,989,97754,1,451.4475,GBP
2010-02-15 00:00:00,2010-02-20 00:00:00,990,29321,1,482.9475,USD
2010-02-15 00:00:00,2010-02-20 00:00:00,990,33029,1,530.1975,USD
2010-02-15 00:00:00,2010-02-20 00:00:00,990,33442,1,503.9475,USD
2010-02-15 00:00:00,2010-02-20 00:00:00,990,35952,1,472.4475,GBP
2010-02-15 00:00:00,2010-02-20 00:00:00,990,47421,1,503.9475,USD
2010-02-15 00:00:00,2010-02-20 00:00:00,990,50325,1,482.9475,GBP
2010-02-15 00:00:00,2010-02-20 00:00:00,990,70584,1,456.6975,GBP
2010-02-15 00:00:00,2010-02-20 00:00:00,990,70585,1,482.9475,GBP
2010-02-15 00:00:00,2010-02-20 00:00:00,990,73120,1,503.9475,USD
2010-02-15 00:00:00,2010-02-20 00:00:00,990,73460,1,472.4475,GBP
2010-02-15 00:00:00,2010-02-20 00:00:00,990,77044,1,456.6975,USD
2010-02-15 00:00:00,2010-02-20 00:00:00,990,77379,1,503.9475,USD
2010-02-15 00:00:00,2010-02-20 00:00:00,990,79607,1,472.4475,USD
2010-02-15 00:00:00,2010-02-20 00:00:00,990,85613,1,456.6975,USD
2010-02-15 00:00:00,2010-02-20 00:00:00,990,92365,1,530.1975,USD
2010-02-15 00:00:00,2010-02-20 00:00:00,990,92807,1,509.1975,GBP
2010-02-15 00:00:00,2010-02-20 00:00:00,990,93446,1,524.9475,USD
2010-02-15 00:00:00,2010-02-20 00:00:00,990,97032,1,482.9475,GBP
2010-02-15 00:00:00,2010-02-20 00:00:00,992,05159,1,288.6975,USD
2010-02-15 00:00:00,2010-02-20 00:00:00,992,32958,1,278.1975,USD
2010-02-15 00:00:00,2010-02-20 00:00:00,992,41042,1,288.6975,GBP
2010-02-15 00:00:00,2010-02-20 00:00:00,992,47040,1,314.9475,USD
2010-02-15 00:00:00,2010-02-20 00:00:00,992,65109,1,288.6975,USD
2010-02-15 00:00:00,2010-02-20 00:00:00,992,70633,1,288.6975,USD
2010-02-15 00:00:00,2010-02-20 00:00:00,992,72543,1,278.1975,USD
2010-02-15 00:00:00,2010-02-20 00:00:00,992,72714,1,288.6975,GBP
2010-02-15 00:00:00,2010-02-20 00:00:00,992,77049,1,288.6975,USD
2010-02-15 00:00:00,2010-02-20 00:00:00,992,85364,1,314.9475,USD
2010-02-15 00:00:00,2010-02-20 00:00:00,992,95122,1,314.9475,USD
2010-02-15 00:00:00,2010-02-20 00:00:00,993,21014,1,330.6975,USD
2010-02-15 00:00:00,2010-02-20 00:00:00,993,33012,1,330.6975,USD
2010-02-15 00:00:00,2010-02-20 00:00:00,1003,06810,2,173.145,USD
2010-02-15 00:00:00,2010-02-20 00:00:00,1003,25213,1,86.5725,USD
2010-02-15 00:00:00,2010-02-20 00:00:00,1003,33040,8,692.58,USD
2010-02-15 00:00:00,2010-02-20 00:00:00,1003,40212,1,173.145,GBP
2010-02-15 00:00:00,2010-02-20 00:00:00,1003,40212,1,86.5725,USD
2010-02-15 00:00:00,2010-02-20 00:00:00,1003,47804,1,952.2975,GBP
2010-02-15 00:00:00,2010-02-20 00:00:00,1003,47804,1,779.1525,USD
2010-02-15 00:00:00,2010-02-20 00:00:00,1003,47905,3,259.7175,USD
2010-02-15 00:00:00,2010-02-20 00:00:00,1003,89108,1,86.5725,USD
2010-02-15 00:00:00,2010-02-20 00:00:00,1005,39426,1,107.5725,GBP
2010-02-15 00:00:00,2010-02-20 00:00:00,1005,77036,1,107.5725,USD
2010-02-15 00:00:00,2010-02-20 00:00:00,1005,77630,1,107.5725,USD
2010-02-15 00:00:00,2010-02-20 00:00:00,1005,84010,1,107.5725,USD
2010-02-15 00:00:00,2010-02-20 00:00:00,1005,85027,1,104.9475,GBP
2010-02-15 00:00:00,2010-02-20 00:00:00,1005,95240,2,215.145,GBP
2010-02-15 00:00:00,2010-02-20 00:00:00,1008,32669,1,236.1975,GBP
2010-02-15 00:00:00,2010-02-20 00:00:00,1008,35123,1,236.1975,GBP
2010-02-15 00:00:00,2010-02-20 00:00:00,1008,35546,1,236.1975,GBP
2010-02-15 00:00:00,2010-02-20 00:00:00,1008,47348,1,236.1975,GBP
2010-02-15 00:00:00,2010-02-20 00:00:00,1008,70123,1,236.1975,USD
2010-02-15 00:00:00,2010-02-20 00:00:00,1008,71460,1,236.1975,USD
2010-02-15 00:00:00,2010-02-20 00:00:00,1008,74136,1,236.1975,USD
2010-02-15 00:00:00,2010-02-20 00:00:00,1008,77520,1,230.9475,USD
2010-02-15 00:00:00,2010-02-20 00:00:00,1008,91605,1,236.1975,USD
2010-02-15 00:00:00,2010-02-20 00:00:00,1008,92128,1,236.1975,GBP
2010-02-15 00:00:00,2010-02-20 00:00:00,1014,29702,1,86.5725,USD
2010-02-15 00:00:00,2010-02-20 00:00:00,1014,29810,1,86.5725,GBP
2010-02-15 00:00:00,2010-02-20 00:00:00,1014,53221,1,86.5725,GBP
2010-02-15 00:00:00,2010-02-20 00:00:00,1045,32608,1,207.3225,GBP
2010-02-15 00:00:00,2010-02-20 00:00:00,1045,77228,1,207.3225,GBP
2010-02-15 00:00:00,2010-02-20 00:00:00,1045,78261,1,207.3225,GBP
2010-02-15 00:00:00,2010-02-20 00:00:00,1045,83501,1,207.3225,GBP
2010-02-15 00:00:00,2010-02-20 00:00:00,1045,85202,1,207.3225,GBP
2010-02-15 00:00:00,2010-02-20 00:00:00,1046,08861,1,99.6975,USD
2010-02-15 00:00:00,2010-02-20 00:00:00,1046,65340,1,99.6975,GBP
2010-02-15 00:00:00,2010-02-20 00:00:00,1046,71701,1,99.6975,USD
2010-02-15 00:00:00,2010-02-20 00:00:00,1046,74134,2,199.395,GBP
2010-02-15 00:00:00,2010-02-20 00:00:00,1046,74344,1,99.6975,GBP
2010-02-15 00:00:00,2010-02-20 00:00:00,1046,78583,2,199.395,GBP
2010-02-15 00:00:00,2010-02-20 00:00:00,1046,85210,1,99.6975,GBP
2010-02-15 00:00:00,2010-02-20 00:00:00,1046,85737,1,99.6975,USD
2010-02-15 00:00:00,2010-02-20 00:00:00,1053,33196,1,251.9475,USD
2010-02-15 00:00:00,2010-02-20 00:00:00,1053,47542,1,251.9475,USD
2010-02-15 00:00:00,2010-02-20 00:00:00,1053,78041,1,251.9475,GBP
2010-02-15 00:00:00,2010-02-20 00:00:00,1053,89030,1,251.9475,USD
2010-02-15 00:00:00,2010-02-20 00:00:00,1053,97403,1,251.9475,USD
2010-02-15 00:00:00,2010-02-20 00:00:00,1053,97470,1,251.9475,USD
2010-02-15 00:00:00,2010-02-20 00:00:00,1063,35077,1,233.5725,GBP
2010-02-15 00:00:00,2010-02-20 00:00:00,1064,95954,1,233.5725,GBP
2010-02-15 00:00:00,2010-02-20 00:00:00,1065,02777,1,296.5725,GBP
2010-02-15 00:00:00,2010-02-20 00:00:00,1065,21237,1,296.5725,USD
2010-02-15 00:00:00,2010-02-20 00:00:00,1065,33634,1,296.5725,USD
2010-02-15 00:00:00,2010-02-20 00:00:00,1065,35594,1,296.5725,GBP
2010-02-15 00:00:00,2010-02-20 00:00:00,1065,37067,1,296.5725,USD
2010-02-15 00:00:00,2010-02-20 00:00:00,1065,40229,1,296.5725,GBP
2010-02-15 00:00:00,2010-02-20 00:00:00,1065,40229,1,296.5725,USD
2010-02-15 00:00:00,2010-02-20 00:00:00,1065,47918,1,296.5725,GBP
2010-02-15 00:00:00,2010-02-20 00:00:00,1065,47918,1,296.5725,USD
2010-02-15 00:00:00,2010-02-20 00:00:00,1065,63012,1,296.5725,USD
2010-02-15 00:00:00,2010-02-20 00:00:00,1065,72120,1,296.5725,USD
2010-02-15 00:00:00,2010-02-20 00:00:00,1065,73173,1,296.5725,USD
2010-02-15 00:00:00,2010-02-20 00:00:00,1065,75703,1,296.5725,USD
2010-02-15 00:00:00,2010-02-20 00:00:00,1065,77354,1,296.5725,GBP
2010-02-15 00:00:00,2010-02-20 00:00:00,1065,84401,1,296.5725,GBP
2010-02-15 00:00:00,2010-02-20 00:00:00,1065,85043,1,296.5725,USD
2010-02-15 00:00:00,2010-02-20 00:00:00,1065,85710,1,296.5725,GBP
2010-02-15 00:00:00,2010-02-20 00:00:00,1065,90275,1,296.5725,USD
2010-02-15 00:00:00,2010-02-20 00:00:00,1065,91709,1,296.5725,USD
2010-02-15 00:00:00,2010-02-20 00:00:00,1065,91711,1,296.5725,GBP
2010-02-15 00:00:00,2010-02-20 00:00:00,1065,91739,1,296.5725,USD
2010-02-15 00:00:00,2010-02-20 00:00:00,1065,92223,1,296.5725,GBP
2010-02-15 00:00:00,2010-02-20 00:00:00,1065,92587,1,296.5725,GBP
2010-02-15 00:00:00,2010-02-20 00:00:00,1065,93551,1,296.5725,USD
2010-02-15 00:00:00,2010-02-20 00:00:00,1065,93614,1,296.5725,GBP
2010-02-15 00:00:00,2010-02-20 00:00:00,1065,97206,1,296.5725,USD
2010-02-15 00:00:00,2010-02-20 00:00:00,1065,97224,1,296.5725,USD
2010-02-15 00:00:00,2010-02-20 00:00:00,1066,21157,1,296.5725,GBP
2010-02-15 00:00:00,2010-02-20 00:00:00,1066,25557,1,296.5725,GBP
2010-02-15 00:00:00,2010-02-20 00:00:00,1066,33181,1,296.5725,GBP
2010-02-15 00:00:00,2010-02-20 00:00:00,1066,33186,1,296.5725,GBP
2010-02-15 00:00:00,2010-02-20 00:00:00,1066,36507,1,296.5725,GBP
2010-02-15 00:00:00,2010-02-20 00:00:00,1066,37221,1,296.5725,GBP
2010-02-15 00:00:00,2010-02-20 00:00:00,1066,40229,1,889.7175,GBP
2010-02-15 00:00:00,2010-02-20 00:00:00,1066,40229,1,1186.29,USD
2010-02-15 00:00:00,2010-02-20 00:00:00,1066,40741,1,296.5725,GBP
2010-02-15 00:00:00,2010-02-20 00:00:00,1066,47918,1,889.7175,GBP
2010-02-15 00:00:00,2010-02-20 00:00:00,1066,47918,1,889.7175,USD
2010-02-15 00:00:00,2010-02-20 00:00:00,1066,50322,1,296.5725,GBP
2010-02-15 00:00:00,2010-02-20 00:00:00,1066,53550,1,296.5725,GBP
2010-02-15 00:00:00,2010-02-20 00:00:00,1066,55082,1,296.5725,GBP
2010-02-15 00:00:00,2010-02-20 00:00:00,1066,65804,1,296.5725,GBP
2010-02-15 00:00:00,2010-02-20 00:00:00,1066,66083,1,296.5725,GBP
2010-02-15 00:00:00,2010-02-20 00:00:00,1066,75093,1,296.5725,GBP
2010-02-15 00:00:00,2010-02-20 00:00:00,1066,76248,1,296.5725,GBP
2010-02-15 00:00:00,2010-02-20 00:00:00,1066,76367,1,296.5725,GBP
2010-02-15 00:00:00,2010-02-20 00:00:00,1066,77447,1,296.5725,GBP
2010-02-15 00:00:00,2010-02-20 00:00:00,1066,84660,1,296.5725,GBP
2010-02-15 00:00:00,2010-02-20 00:00:00,1066,87410,1,296.5725,GBP
2010-02-15 00:00:00,2010-02-20 00:00:00,1066,89031,1,296.5725,USD
2010-02-15 00:00:00,2010-02-20 00:00:00,1066,89135,1,296.5725,GBP
2010-02-15 00:00:00,2010-02-20 00:00:00,1066,90275,1,296.5725,GBP
2010-02-15 00:00:00,2010-02-20 00:00:00,1066,90620,1,296.5725,USD
2010-02-15 00:00:00,2010-02-20 00:00:00,1066,90815,1,296.5725,GBP
2010-02-15 00:00:00,2010-02-20 00:00:00,1066,91214,1,296.5725,GBP
2010-02-15 00:00:00,2010-02-20 00:00:00,1066,91739,1,296.5725,USD
2010-02-15 00:00:00,2010-02-20 00:00:00,1066,92083,1,296.5725,USD
2010-02-15 00:00:00,2010-02-20 00:00:00,1066,92382,1,296.5725,USD
2010-02-15 00:00:00,2010-02-20 00:00:00,1066,92585,1,296.5725,GBP
2010-02-15 00:00:00,2010-02-20 00:00:00,1066,92648,1,296.5725,GBP
2010-02-15 00:00:00,2010-02-20 00:00:00,1066,93065,2,593.145,USD
2010-02-15 00:00:00,2010-02-20 00:00:00,1066,97030,1,296.5725,USD
2010-02-15 00:00:00,2010-02-20 00:00:00,1079,08757,1,262.4475,GBP
2010-02-15 00:00:00,2010-02-20 00:00:00,1079,32052,1,262.4475,GBP
2010-02-15 00:00:00,2010-02-20 00:00:00,1079,89007,1,262.4475,GBP
2010-02-15 00:00:00,2010-02-20 00:00:00,1079,90405,1,262.4475,GBP
2010-02-15 00:00:00,2010-02-20 00:00:00,1080,89103,1,262.4475,GBP
2010-02-15 00:00:00,2010-02-20 00:00:00,1080,92345,2,524.895,USD
2010-02-15 00:00:00,2010-02-20 00:00:00,1080,92504,1,262.4475,USD
2010-02-15 00:00:00,2010-02-20 00:00:00,1081,53121,1,451.395,GBP
2010-02-15 00:00:00,2010-02-20 00:00:00,1081,53121,1,451.395,USD
2010-02-15 00:00:00,2010-02-20 00:00:00,1081,85206,1,225.6975,GBP
2010-02-15 00:00:00,2010-02-20 00:00:00,1081,97041,1,225.6975,GBP
2010-02-15 00:00:00,2010-02-20 00:00:00,1082,38503,1,225.6975,USD
2010-02-15 00:00:00,2010-02-20 00:00:00,1082,53121,1,225.6975,GBP
2010-02-15 00:00:00,2010-02-20 00:00:00,1082,53121,1,451.395,USD
2010-02-15 00:00:00,2010-02-20 00:00:00,1082,85206,1,225.6975,GBP
2010-02-15 00:00:00,2010-02-20 00:00:00,1082,97405,1,225.6975,GBP
2010-02-15 00:00:00,2010-02-20 00:00:00,1091,57301,1,169.5225,USD
2010-02-15 00:00:00,2010-02-20 00:00:00,1091,63124,1,169.5225,USD
2010-02-15 00:00:00,2010-02-20 00:00:00,1092,63124,1,169.5225,GBP
2010-02-15 00:00:00,2010-02-20 00:00:00,1105,29710,1,246.6975,GBP
2010-02-15 00:00:00,2010-02-20 00:00:00,1105,85016,1,246.6975,GBP
2010-02-15 00:00:00,2010-02-20 00:00:00,1105,95117,1,246.6975,GBP
2010-02-15 00:00:00,2010-02-20 00:00:00,1105,95405,1,246.6975,GBP
2010-02-15 00:00:00,2010-02-20 00:00:00,1106,29710,1,246.6975,USD
2010-02-15 00:00:00,2010-02-20 00:00:00,1106,37172,1,246.6975,USD
2010-02-15 00:00:00,2010-02-20 00:00:00,1106,83703,2,493.395,USD
2010-02-15 00:00:00,2010-02-20 00:00:00,1106,85257,1,246.6975,USD
2010-02-15 00:00:00,2010-02-20 00:00:00,1106,88201,1,246.6975,USD
2010-02-15 00:00:00,2010-02-20 00:00:00,1106,94110,1,246.6975,USD
2010-02-15 00:00:00,2010-02-20 00:00:00,1106,97267,1,246.6975,GBP
2010-02-15 00:00:00,2010-02-20 00:00:00,1109,07403,1,209.9475,GBP
2010-02-15 00:00:00,2010-02-20 00:00:00,1109,25504,1,209.9475,GBP
2010-02-15 00:00:00,2010-02-20 00:00:00,1109,40977,1,209.9475,GBP
2010-02-15 00:00:00,2010-02-20 00:00:00,1109,42303,1,209.9475,GBP
2010-02-15 00:00:00,2010-02-20 00:00:00,1109,47302,1,209.9475,USD
2010-02-15 00:00:00,2010-02-20 00:00:00,1109,50126,1,209.9475,GBP
2010-02-15 00:00:00,2010-02-20 00:00:00,1109,87042,1,209.9475,GBP
2010-02-15 00:00:00,2010-02-20 00:00:00,1109,92506,1,209.9475,GBP
2010-02-15 00:00:00,2010-02-20 00:00:00,1109,93543,1,209.9475,GBP
2010-02-15 00:00:00,2010-02-20 00:00:00,1109,95076,1,209.9475,GBP
2010-02-15 00:00:00,2010-02-20 00:00:00,1110,07438,1,209.9475,GBP
2010-02-15 00:00:00,2010-02-20 00:00:00,1110,33435,1,209.9475,USD
2010-02-15 00:00:00,2010-02-20 00:00:00,1110,35640,1,209.9475,USD
2010-02-15 00:00:00,2010-02-20 00:00:00,1110,50126,1,209.9475,GBP
2010-02-15 00:00:00,2010-02-20 00:00:00,1110,64505,1,209.9475,GBP
2010-02-15 00:00:00,2010-02-20 00:00:00,1110,75082,1,209.9475,GBP
2010-02-15 00:00:00,2010-02-20 00:00:00,1110,83336,1,209.9475,USD
2010-02-15 00:00:00,2010-02-20 00:00:00,1110,84123,2,419.895,GBP
2010-02-15 00:00:00,2010-02-20 00:00:00,1111,08028,1,116.4975,GBP
2010-02-15 00:00:00,2010-02-20 00:00:00,1111,08361,1,116.4975,USD
2010-02-15 00:00:00,2010-02-20 00:00:00,1111,21030,1,116.4975,GBP
2010-02-15 00:00:00,2010-02-20 00:00:00,1111,21052,1,116.4975,USD
2010-02-15 00:00:00,2010-02-20 00:00:00,1111,34251,1,116.4975,GBP
2010-02-15 00:00:00,2010-02-20 00:00:00,1111,46366,1,116.4975,USD
2010-02-15 00:00:00,2010-02-20 00:00:00,1111,52241,1,116.4975,GBP
2010-02-15 00:00:00,2010-02-20 00:00:00,1111,55362,1,116.4975,GBP
2010-02-15 00:00:00,2010-02-20 00:00:00,1111,59802,1,116.4975,GBP
2010-02-15 00:00:00,2010-02-20 00:00:00,1111,71292,1,116.4975,GBP
2010-02-15 00:00:00,2010-02-20 00:00:00,1111,73095,1,116.4975,GBP
2010-02-15 00:00:00,2010-02-20 00:00:00,1111,89430,1,116.4975,GBP
2010-02-15 00:00:00,2010-02-20 00:00:00,1111,91786,1,116.4975,GBP
2010-02-15 00:00:00,2010-02-20 00:00:00,1111,92543,1,116.4975,GBP
2010-02-15 00:00:00,2010-02-20 00:00:00,1111,95667,1,116.4975,USD
2010-02-15 00:00:00,2010-02-20 00:00:00,1112,21030,1,116.4975,GBP
2010-02-15 00:00:00,2010-02-20 00:00:00,1112,34683,1,116.4975,GBP
2010-02-15 00:00:00,2010-02-20 00:00:00,1112,46324,1,116.4975,USD
2010-02-15 00:00:00,2010-02-20 00:00:00,1112,71292,1,116.4975,GBP
2010-02-15 00:00:00,2010-02-20 00:00:00,1112,77562,1,116.4975,USD
2010-02-15 00:00:00,2010-02-20 00:00:00,1112,85024,1,116.4975,GBP
2010-02-15 00:00:00,2010-02-20 00:00:00,1112,88005,1,116.4975,GBP
2010-02-15 00:00:00,2010-02-20 00:00:00,1112,93560,1,116.4975,USD
2010-02-15 00:00:00,2010-02-20 00:00:00,1116,08822,1,251.9475,USD
2010-02-15 00:00:00,2010-02-20 00:00:00,1116,21122,1,251.9475,GBP
2010-02-15 00:00:00,2010-02-20 00:00:00,1116,38544,1,251.9475,USD
2010-02-15 00:00:00,2010-02-20 00:00:00,1116,46947,1,249.3225,GBP
2010-02-15 00:00:00,2010-02-20 00:00:00,1116,55362,1,251.9475,GBP
2010-02-15 00:00:00,2010-02-20 00:00:00,1116,65775,1,251.9475,USD
2010-02-15 00:00:00,2010-02-20 00:00:00,1116,71111,1,251.9475,USD
2010-02-15 00:00:00,2010-02-20 00:00:00,1116,72104,1,251.9475,GBP
2010-02-15 00:00:00,2010-02-20 00:00:00,1116,74008,1,251.9475,USD
2010-02-15 00:00:00,2010-02-20 00:00:00,1116,74134,1,251.9475,USD
2010-02-15 00:00:00,2010-02-20 00:00:00,1116,75862,1,251.9475,GBP
2010-02-15 00:00:00,2010-02-20 00:00:00,1116,85301,1,251.9475,GBP
2010-02-15 00:00:00,2010-02-20 00:00:00,1116,89506,1,251.9475,GBP
2010-02-15 00:00:00,2010-02-20 00:00:00,1116,91740,1,249.3225,USD
2010-02-15 00:00:00,2010-02-20 00:00:00,1116,92019,1,251.9475,USD
2010-02-15 00:00:00,2010-02-20 00:00:00,1116,92557,1,251.9475,GBP
2010-02-15 00:00:00,2010-02-20 00:00:00,1116,93274,1,251.9475,GBP
2010-02-15 00:00:00,2010-02-20 00:00:00,1120,21234,1,173.1975,GBP
2010-02-15 00:00:00,2010-02-20 00:00:00,1120,29745,1,173.1975,GBP
2010-02-15 00:00:00,2010-02-20 00:00:00,1120,37083,1,173.1975,GBP
2010-02-15 00:00:00,2010-02-20 00:00:00,1120,53012,1,173.1975,USD
2010-02-15 00:00:00,2010-02-20 00:00:00,1120,73521,1,173.1975,GBP
2010-02-15 00:00:00,2010-02-20 00:00:00,1120,77355,1,173.1975,GBP
2010-02-15 00:00:00,2010-02-20 00:00:00,1120,79705,1,173.1975,GBP
2010-02-15 00:00:00,2010-02-20 00:00:00,1120,85282,1,173.1975,GBP
2010-02-15 00:00:00,2010-02-20 00:00:00,1120,91901,1,173.1975,GBP
2010-02-15 00:00:00,2010-02-20 00:00:00,1120,94526,1,173.1975,GBP
2010-02-15 00:00:00,2010-02-20 00:00:00,1122,07882,1,157.4475,USD
2010-02-15 00:00:00,2010-02-20 00:00:00,1122,21043,1,139.0725,USD
2010-02-15 00:00:00,2010-02-20 00:00:00,1122,33634,1,157.4475,USD
2010-02-15 00:00:00,2010-02-20 00:00:00,1122,36024,1,157.4475,USD
2010-02-15 00:00:00,2010-02-20 00:00:00,1122,38464,1,157.4475,GBP
2010-02-15 00:00:00,2010-02-20 00:00:00,1122,46947,1,157.4475,GBP
2010-02-15 00:00:00,2010-02-20 00:00:00,1122,64083,1,157.4475,GBP
2010-02-15 00:00:00,2010-02-20 00:00:00,1122,75019,1,157.4475,GBP
2010-02-15 00:00:00,2010-02-20 00:00:00,1122,75050,1,157.4475,GBP
2010-02-15 00:00:00,2010-02-20 00:00:00,1122,79423,1,157.4475,USD
2010-02-15 00:00:00,2010-02-20 00:00:00,1122,85210,1,157.4475,USD
2010-02-15 00:00:00,2010-02-20 00:00:00,1122,90630,1,157.4475,USD
2010-02-15 00:00:00,2010-02-20 00:00:00,1122,91710,1,157.4475,GBP
2010-02-15 00:00:00,2010-02-20 00:00:00,1122,93560,1,157.4475,GBP
2010-02-15 00:00:00,2010-02-20 00:00:00,1131,32233,1,419.9475,GBP
2010-02-15 00:00:00,2010-02-20 00:00:00,1131,76205,1,419.9475,GBP
2010-02-15 00:00:00,2010-02-20 00:00:00,1132,32073,1,629.9475,GBP
2010-02-15 00:00:00,2010-02-20 00:00:00,1132,33157,1,629.9475,USD
2010-02-15 00:00:00,2010-02-20 00:00:00,1132,33782,1,629.9475,USD
2010-02-15 00:00:00,2010-02-20 00:00:00,1132,36027,1,629.9475,USD
2010-02-15 00:00:00,2010-02-20 00:00:00,1132,63376,1,629.9475,GBP
2010-02-15 00:00:00,2010-02-20 00:00:00,1132,70544,1,629.9475,USD
2010-02-15 00:00:00,2010-02-20 00:00:00,1132,72011,1,629.9475,USD
2010-02-15 00:00:00,2010-02-20 00:00:00,1132,72947,1,629.9475,GBP
2010-02-15 00:00:00,2010-02-20 00:00:00,1132,75052,1,629.9475,USD
2010-02-15 00:00:00,2010-02-20 00:00:00,1132,79936,1,629.9475,USD
2010-02-15 00:00:00,2010-02-20 00:00:00,1132,92503,1,629.9475,USD
2010-02-15 00:00:00,2010-02-20 00:00:00,1132,92508,1,629.9475,GBP
2010-02-15 00:00:00,2010-02-20 00:00:00,1132,95388,1,629.9475,GBP
2010-02-15 00:00:00,2010-02-20 00:00:00,1133,29102,1,629.9475,GBP
2010-02-15 00:00:00,2010-02-20 00:00:00,1133,34203,1,629.9475,GBP
2010-02-15 00:00:00,2010-02-20 00:00:00,1133,88002,1,629.9475,GBP
2010-02-15 00:00:00,2010-02-20 00:00:00,1133,92807,1,629.9475,GBP
2010-02-15 00:00:00,2010-02-20 00:00:00,1150,85009,2,785.4,USD
2010-02-15 00:00:00,2010-02-20 00:00:00,1150,90063,10,3927,GBP
2010-02-15 00:00:00,2010-02-20 00:00:00,1150,91773,1,392.7,GBP
2010-02-15 00:00:00,2010-02-20 00:00:00,1150,94022,3,1178.1,GBP
2010-02-15 00:00:00,2010-02-20 00:00:00,1157,08069,1,377.9475,GBP
2010-02-15 00:00:00,2010-02-20 00:00:00,1157,29061,1,377.9475,GBP
2010-02-15 00:00:00,2010-02-20 00:00:00,1157,33704,1,377.9475,GBP
2010-02-15 00:00:00,2010-02-20 00:00:00,1157,34652,1,377.9475,GBP
2010-02-15 00:00:00,2010-02-20 00:00:00,1157,46222,1,377.9475,GBP
2010-02-15 00:00:00,2010-02-20 00:00:00,1157,46755,1,377.9475,GBP
2010-02-15 00:00:00,2010-02-20 00:00:00,1157,53227,1,755.895,GBP
2010-02-15 00:00:00,2010-02-20 00:00:00,1157,53227,1,755.895,USD
2010-02-15 00:00:00,2010-02-20 00:00:00,1157,55068,1,377.9475,USD
2010-02-15 00:00:00,2010-02-20 00:00:00,1157,55412,1,377.9475,USD
2010-02-15 00:00:00,2010-02-20 00:00:00,1157,77355,1,377.9475,GBP
2010-02-15 00:00:00,2010-02-20 00:00:00,1157,77546,1,377.9475,USD
2010-02-15 00:00:00,2010-02-20 00:00:00,1166,29160,1,535.4475,USD
2010-02-15 00:00:00,2010-02-20 00:00:00,1168,20708,1,367.4475,USD
2010-02-15 00:00:00,2010-02-20 00:00:00,1168,36264,1,393.6975,USD
2010-02-15 00:00:00,2010-02-20 00:00:00,1168,39661,1,367.4475,GBP
2010-02-15 00:00:00,2010-02-20 00:00:00,1173,21102,1,524.9475,GBP
2010-02-15 00:00:00,2010-02-20 00:00:00,1173,21207,2,1049.895,GBP
2010-02-15 00:00:00,2010-02-20 00:00:00,1173,29690,1,524.9475,GBP
2010-02-15 00:00:00,2010-02-20 00:00:00,1173,33511,1,524.9475,USD
2010-02-15 00:00:00,2010-02-20 00:00:00,1173,33614,1,524.9475,GBP
2010-02-15 00:00:00,2010-02-20 00:00:00,1173,33905,1,524.9475,GBP
2010-02-15 00:00:00,2010-02-20 00:00:00,1173,47710,1,524.9475,GBP
2010-02-15 00:00:00,2010-02-20 00:00:00,1173,53578,1,524.9475,GBP
2010-02-15 00:00:00,2010-02-20 00:00:00,1173,70820,1,524.9475,GBP
2010-02-15 00:00:00,2010-02-20 00:00:00,1173,77627,1,524.9475,USD
2010-02-15 00:00:00,2010-02-20 00:00:00,1173,89523,1,524.9475,GBP
2010-02-15 00:00:00,2010-02-20 00:00:00,1173,91205,1,524.9475,GBP
2010-02-15 00:00:00,2010-02-20 00:00:00,1173,95129,1,524.9475,GBP
2010-02-15 00:00:00,2010-02-20 00:00:00,1182,20735,2,314.895,USD
2010-02-15 00:00:00,2010-02-20 00:00:00,1182,29693,1,157.4475,USD
2010-02-15 00:00:00,2010-02-20 00:00:00,1182,32825,1,157.4475,USD
2010-02-15 00:00:00,2010-02-20 00:00:00,1182,33762,1,157.4475,USD
2010-02-15 00:00:00,2010-02-20 00:00:00,1182,34119,1,157.4475,GBP
2010-02-15 00:00:00,2010-02-20 00:00:00,1182,36258,1,157.4475,GBP
2010-02-15 00:00:00,2010-02-20 00:00:00,1182,37216,1,157.4475,USD
2010-02-15 00:00:00,2010-02-20 00:00:00,1182,38104,1,157.4475,USD
2010-02-15 00:00:00,2010-02-20 00:00:00,1182,70058,1,157.4475,GBP
2010-02-15 00:00:00,2010-02-20 00:00:00,1182,74012,1,157.4475,GBP
2010-02-15 00:00:00,2010-02-20 00:00:00,1182,78332,1,157.4475,GBP
2010-02-15 00:00:00,2010-02-20 00:00:00,1182,85203,1,157.4475,GBP
2010-02-15 00:00:00,2010-02-20 00:00:00,1182,85219,1,157.4475,GBP
2010-02-15 00:00:00,2010-02-20 00:00:00,1182,85236,1,157.4475,USD
2010-02-15 00:00:00,2010-02-20 00:00:00,1182,89012,1,157.4475,USD
2010-02-15 00:00:00,2010-02-20 00:00:00,1182,89122,1,157.4475,GBP
2010-02-15 00:00:00,2010-02-20 00:00:00,1182,94044,1,157.4475,USD
2010-02-15 00:00:00,2010-02-20 00:00:00,1182,95037,1,157.4475,USD
2010-02-15 00:00:00,2010-02-20 00:00:00,1185,20603,1,419.9475,USD
2010-02-15 00:00:00,2010-02-20 00:00:00,1185,33155,1,419.9475,USD
2010-02-15 00:00:00,2010-02-20 00:00:00,1185,33169,1,419.9475,GBP
2010-02-15 00:00:00,2010-02-20 00:00:00,1185,39532,1,419.9475,USD
2010-02-15 00:00:00,2010-02-20 00:00:00,1185,53225,1,1679.79,GBP
2010-02-15 00:00:00,2010-02-20 00:00:00,1185,53225,1,419.9475,USD
2010-02-15 00:00:00,2010-02-20 00:00:00,1185,84068,1,419.9475,GBP
2010-02-15 00:00:00,2010-02-20 00:00:00,1185,90265,1,419.9475,GBP
2010-02-15 00:00:00,2010-02-20 00:00:00,1185,92116,1,419.9475,USD
2010-02-15 00:00:00,2010-02-20 00:00:00,1185,94117,2,839.895,GBP
2010-02-15 00:00:00,2010-02-20 00:00:00,1185,95661,1,419.9475,GBP
2010-02-15 00:00:00,2010-02-20 00:00:00,1188,07205,2,944.895,GBP
2010-02-15 00:00:00,2010-02-20 00:00:00,1188,38070,1,472.4475,USD
2010-02-15 00:00:00,2010-02-20 00:00:00,1188,76021,1,472.4475,GBP
2010-02-15 00:00:00,2010-02-20 00:00:00,1188,84068,1,472.4475,GBP
2010-02-15 00:00:00,2010-02-20 00:00:00,1188,89123,1,472.4475,GBP
2010-02-15 00:00:00,2010-02-20 00:00:00,1188,90278,1,472.4475,USD
2010-02-15 00:00:00,2010-02-20 00:00:00,1188,94533,1,472.4475,GBP
2010-02-15 00:00:00,2010-02-20 00:00:00,1191,46181,1,262.4475,GBP
2010-02-15 00:00:00,2010-02-20 00:00:00,1191,76528,1,262.4475,GBP
2010-02-15 00:00:00,2010-02-20 00:00:00,1191,77433,1,262.4475,USD
2010-02-15 00:00:00,2010-02-20 00:00:00,1191,85219,1,257.1975,USD
2010-02-15 00:00:00,2010-02-20 00:00:00,1203,32218,1,314.9475,USD
2010-02-15 00:00:00,2010-02-20 00:00:00,1203,68442,1,314.9475,USD
2010-02-15 00:00:00,2010-02-20 00:00:00,1203,87710,1,314.9475,GBP
2010-02-15 00:00:00,2010-02-20 00:00:00,1204,40356,1,419.9475,GBP
2010-02-15 00:00:00,2010-02-20 00:00:00,1204,75134,1,451.4475,GBP
2010-02-15 00:00:00,2010-02-20 00:00:00,1204,94928,1,451.4475,GBP
2010-02-15 00:00:00,2010-02-20 00:00:00,1205,42713,1,367.4475,USD
2010-02-15 00:00:00,2010-02-20 00:00:00,1205,58504,1,367.4475,USD
2010-02-15 00:00:00,2010-02-20 00:00:00,1206,74465,1,509.1975,GBP
2010-02-15 00:00:00,2010-02-20 00:00:00,1215,07302,1,356.9475,GBP
2010-02-15 00:00:00,2010-02-20 00:00:00,1215,20886,1,356.9475,GBP
2010-02-15 00:00:00,2010-02-20 00:00:00,1215,29693,1,356.9475,USD
2010-02-15 00:00:00,2010-02-20 00:00:00,1215,32073,1,356.9475,GBP
2010-02-15 00:00:00,2010-02-20 00:00:00,1215,33469,1,356.9475,GBP
2010-02-15 00:00:00,2010-02-20 00:00:00,1215,76155,1,356.9475,USD
2010-02-15 00:00:00,2010-02-20 00:00:00,1215,77531,1,356.9475,USD
2010-02-15 00:00:00,2010-02-20 00:00:00,1215,77581,1,356.9475,GBP
2010-02-15 00:00:00,2010-02-20 00:00:00,1215,78247,1,356.9475,GBP
2010-02-15 00:00:00,2010-02-20 00:00:00,1215,89128,1,356.9475,GBP
2010-02-15 00:00:00,2010-02-20 00:00:00,1215,92128,1,356.9475,GBP
2010-02-15 00:00:00,2010-02-20 00:00:00,1215,93614,1,356.9475,USD
2010-02-15 00:00:00,2010-02-20 00:00:00,1225,29445,1,236.1975,GBP
2010-02-15 00:00:00,2010-02-20 00:00:00,1225,29485,1,236.1975,GBP
2010-02-15 00:00:00,2010-02-20 00:00:00,1225,34202,1,236.1975,USD
2010-02-15 00:00:00,2010-02-20 00:00:00,1225,55051,1,246.6975,GBP
2010-02-15 00:00:00,2010-02-20 00:00:00,1225,74578,1,236.1975,USD
2010-02-15 00:00:00,2010-02-20 00:00:00,1225,83709,1,209.9475,GBP
2010-02-15 00:00:00,2010-02-20 00:00:00,1227,20853,1,314.9475,USD
2010-02-15 00:00:00,2010-02-20 00:00:00,1227,25071,1,314.9475,GBP
2010-02-15 00:00:00,2010-02-20 00:00:00,1227,29829,1,314.9475,GBP
2010-02-15 00:00:00,2010-02-20 00:00:00,1227,32176,1,314.9475,GBP
2010-02-15 00:00:00,2010-02-20 00:00:00,1227,33990,1,314.9475,USD
2010-02-15 00:00:00,2010-02-20 00:00:00,1227,40165,1,314.9475,USD
2010-02-15 00:00:00,2010-02-20 00:00:00,1227,59105,1,335.9475,GBP
2010-02-15 00:00:00,2010-02-20 00:00:00,1227,64037,1,335.9475,GBP
2010-02-15 00:00:00,2010-02-20 00:00:00,1227,70809,1,314.9475,USD
2010-02-15 00:00:00,2010-02-20 00:00:00,1227,71037,1,314.9475,GBP
2010-02-15 00:00:00,2010-02-20 00:00:00,1227,72601,1,314.9475,USD
2010-02-15 00:00:00,2010-02-20 00:00:00,1227,72734,1,314.9475,GBP
2010-02-15 00:00:00,2010-02-20 00:00:00,1227,77018,1,314.9475,USD
2010-02-15 00:00:00,2010-02-20 00:00:00,1227,77803,1,314.9475,USD
2010-02-15 00:00:00,2010-02-20 00:00:00,1227,85022,1,314.9475,GBP
2010-02-15 00:00:00,2010-02-20 00:00:00,1229,34609,1,236.1975,GBP
2010-02-15 00:00:00,2010-02-20 00:00:00,1229,95348,1,236.1975,USD
2010-02-15 00:00:00,2010-02-20 00:00:00,1230,29349,1,524.9475,GBP
2010-02-15 00:00:00,2010-02-20 00:00:00,1230,29505,1,524.9475,USD
2010-02-15 00:00:00,2010-02-20 00:00:00,1230,39440,1,519.6975,GBP
2010-02-15 00:00:00,2010-02-20 00:00:00,1230,46013,1,524.9475,GBP
2010-02-15 00:00:00,2010-02-20 00:00:00,1230,46201,1,524.9475,USD
2010-02-15 00:00:00,2010-02-20 00:00:00,1230,47805,1,4199.580000000001,GBP
2010-02-15 00:00:00,2010-02-20 00:00:00,1230,47805,1,3674.6325000000006,USD
2010-02-15 00:00:00,2010-02-20 00:00:00,1230,50321,1,1049.895,GBP
2010-02-15 00:00:00,2010-02-20 00:00:00,1230,50321,1,2099.79,USD
2010-02-15 00:00:00,2010-02-20 00:00:00,1230,51016,1,524.9475,GBP
2010-02-15 00:00:00,2010-02-20 00:00:00,1230,52041,1,524.9475,USD
2010-02-15 00:00:00,2010-02-20 00:00:00,1230,54952,1,519.6975,USD
2010-02-15 00:00:00,2010-02-20 00:00:00,1230,70083,1,519.6975,USD
2010-02-15 00:00:00,2010-02-20 00:00:00,1230,77521,1,524.9475,GBP
2010-02-15 00:00:00,2010-02-20 00:00:00,1230,85224,1,524.9475,GBP
2010-02-15 00:00:00,2010-02-20 00:00:00,1230,85308,1,524.9475,GBP
2010-02-15 00:00:00,2010-02-20 00:00:00,1230,89129,1,519.6975,USD
2010-02-15 00:00:00,2010-02-20 00:00:00,1298,07641,1,346.395,USD
2010-02-15 00:00:00,2010-02-20 00:00:00,1311,20601,1,356.8425,USD
2010-02-15 00:00:00,2010-02-20 00:00:00,1312,20601,1,356.8425,USD
2010-02-15 00:00:00,2010-02-20 00:00:00,1317,01566,1,307.02,USD
2010-02-15 00:00:00,2010-02-20 00:00:00,1317,35501,1,307.02,USD
2010-02-15 00:00:00,2010-02-20 00:00:00,1317,92027,1,307.02,USD
2010-02-15 00:00:00,2010-02-20 00:00:00,1329,36117,1,92.82,GBP
2010-02-15 00:00:00,2010-02-20 00:00:00,1329,89031,1,92.82,GBP
2010-02-15 00:00:00,2010-02-20 00:00:00,1329,92082,1,92.82,GBP
2010-02-15 00:00:00,2010-02-20 00:00:00,1330,29070,1,92.82,GBP
2010-02-15 00:00:00,2010-02-20 00:00:00,1330,59912,2,183.54,USD
2010-02-15 00:00:00,2010-02-20 00:00:00,1330,89031,1,92.82,USD
2010-02-15 00:00:00,2010-02-20 00:00:00,1330,92154,1,91.77,GBP
2010-02-15 00:00:00,2010-02-20 00:00:00,1330,95667,1,92.82,USD
2010-02-15 00:00:00,2010-02-20 00:00:00,1330,97304,1,92.82,GBP
2010-02-15 00:00:00,2010-02-20 00:00:00,1345,65781,1,304.395,GBP
2010-02-15 00:00:00,2010-02-20 00:00:00,1345,76302,1,304.395,GBP
2010-02-15 00:00:00,2010-02-20 00:00:00,1345,92677,1,304.395,GBP
2010-02-15 00:00:00,2010-02-20 00:00:00,1346,65781,1,304.395,GBP
2010-02-15 00:00:00,2010-02-20 00:00:00,1347,47918,1,897.435,GBP
2010-02-15 00:00:00,2010-02-20 00:00:00,1347,75028,1,299.145,USD
2010-02-15 00:00:00,2010-02-20 00:00:00,1347,92064,1,299.145,USD
2010-02-15 00:00:00,2010-02-20 00:00:00,1347,97862,1,299.145,GBP
2010-02-15 00:00:00,2010-02-20 00:00:00,1348,47918,1,299.145,GBP
2010-02-15 00:00:00,2010-02-20 00:00:00,1348,76111,1,299.145,GBP
2010-02-15 00:00:00,2010-02-20 00:00:00,1348,76306,1,299.145,USD
2010-02-15 00:00:00,2010-02-20 00:00:00,1351,34109,1,309.645,GBP
2010-02-15 00:00:00,2010-02-20 00:00:00,1351,56350,1,309.645,GBP
2010-02-15 00:00:00,2010-02-20 00:00:00,1351,70657,1,309.645,USD
2010-02-15 00:00:00,2010-02-20 00:00:00,1379,93555,1,314.895,GBP
2010-02-15 00:00:00,2010-02-20 00:00:00,1380,73160,1,314.895,USD
2010-02-15 00:00:00,2010-02-20 00:00:00,1425,51503,1,286.02,GBP
2010-02-15 00:00:00,2010-02-20 00:00:00,1426,32655,1,286.02,USD
2010-02-15 00:00:00,2010-02-20 00:00:00,1426,51503,1,286.02,GBP
2010-02-15 00:00:00,2010-02-20 00:00:00,1426,72735,1,286.02,GBP
2010-02-15 00:00:00,2010-02-20 00:00:00,1426,93001,1,286.02,GBP
2010-02-15 00:00:00,2010-02-20 00:00:00,1430,21162,1,283.395,USD
2010-02-15 00:00:00,2010-02-20 00:00:00,1435,66618,1,312.27,USD
2010-02-15 00:00:00,2010-02-20 00:00:00,1435,77024,1,312.27,GBP
2010-02-15 00:00:00,2010-02-20 00:00:00,1436,26062,1,312.27,GBP
2010-02-15 00:00:00,2010-02-20 00:00:00,1436,65037,2,624.54,GBP
2010-02-15 00:00:00,2010-02-20 00:00:00,1436,68404,1,312.27,USD
2010-02-15 00:00:00,2010-02-20 00:00:00,1436,85262,1,312.27,GBP
2010-02-15 00:00:00,2010-02-20 00:00:00,1436,92075,1,312.27,GBP
2010-02-15 00:00:00,2010-02-20 00:00:00,1449,32110,1,118.02,GBP
2010-02-15 00:00:00,2010-02-20 00:00:00,1449,35906,1,118.02,GBP
2010-02-15 00:00:00,2010-02-20 00:00:00,1449,91786,1,118.02,USD
2010-02-15 00:00:00,2010-02-20 00:00:00,1450,76039,1,118.02,GBP
2010-02-15 00:00:00,2010-02-20 00:00:00,1450,78130,1,118.02,USD
2010-02-15 00:00:00,2010-02-20 00:00:00,1450,92688,1,118.02,GBP
2010-02-15 00:00:00,2010-02-20 00:00:00,1477,53227,1,1270.08,GBP
2010-02-15 00:00:00,2010-02-20 00:00:00,1477,53227,1,635.04,USD
2010-02-15 00:00:00,2010-02-20 00:00:00,1477,63366,1,317.52,USD
2010-02-15 00:00:00,2010-02-20 00:00:00,1477,84321,1,317.52,GBP
2010-02-15 00:00:00,2010-02-20 00:00:00,1477,94062,1,317.52,GBP
2010-02-15 00:00:00,2010-02-20 00:00:00,1477,97128,1,317.52,GBP
2010-02-15 00:00:00,2010-02-20 00:00:00,1477,97131,1,317.52,USD
2010-02-15 00:00:00,2010-02-20 00:00:00,1478,06226,1,317.52,USD
2010-02-15 00:00:00,2010-02-20 00:00:00,1478,53227,1,635.04,GBP
2010-02-15 00:00:00,2010-02-20 00:00:00,1478,53227,1,635.04,USD
2010-02-15 00:00:00,2010-02-20 00:00:00,1478,69348,1,317.52,GBP
2010-02-15 00:00:00,2010-02-20 00:00:00,1478,97128,1,317.52,GBP
2010-02-15 00:00:00,2010-02-20 00:00:00,1490,65270,1,262.395,USD
2010-02-15 00:00:00,2010-02-20 00:00:00,1490,78602,1,262.395,GBP
2010-02-15 00:00:00,2010-02-20 00:00:00,1490,83442,1,220.395,GBP
2010-02-15 00:00:00,2010-02-20 00:00:00,1516,92054,1,333.27,USD
2010-02-15 00:00:00,2010-02-20 00:00:00,1517,19711,1,141.645,GBP
2010-02-15 00:00:00,2010-02-20 00:00:00,1517,25309,2,283.29,USD
2010-02-15 00:00:00,2010-02-20 00:00:00,1517,65712,1,141.645,USD
2010-02-15 00:00:00,2010-02-20 00:00:00,1517,74955,1,141.645,USD
2010-02-15 00:00:00,2010-02-20 00:00:00,1517,83713,1,141.645,USD
2010-02-15 00:00:00,2010-02-20 00:00:00,1517,89102,1,141.645,GBP
2010-02-15 00:00:00,2010-02-20 00:00:00,1518,06234,2,283.29,GBP
2010-02-15 00:00:00,2010-02-20 00:00:00,1518,37922,1,141.645,USD
2010-02-15 00:00:00,2010-02-20 00:00:00,1518,78753,2,283.29,GBP
2010-02-15 00:00:00,2010-02-20 00:00:00,1518,90212,1,141.645,USD
2010-02-15 00:00:00,2010-02-20 00:00:00,1518,96001,1,141.645,GBP
2010-02-15 00:00:00,2010-02-20 00:00:00,1535,91320,1,309.645,GBP
2010-02-15 00:00:00,2010-02-20 00:00:00,1554,78666,1,340.095,GBP
2010-02-15 00:00:00,2010-02-20 00:00:00,1641,26764,1,70.77,USD
2010-02-15 00:00:00,2010-02-20 00:00:00,1641,70001,1,70.77,GBP
2010-02-15 00:00:00,2010-02-20 00:00:00,1641,84790,1,70.77,GBP
2010-02-15 00:00:00,2010-02-20 00:00:00,1894,02333,1,682.2375,USD
2010-02-15 00:00:00,2010-02-20 00:00:00,1894,46236,1,682.2375,GBP
2010-02-15 00:00:00,2010-02-20 00:00:00,1894,46236,1,682.2375,USD
2010-02-15 00:00:00,2010-02-20 00:00:00,1894,55327,1,682.2375,USD
2010-02-15 00:00:00,2010-02-20 00:00:00,1894,64098,1,682.2375,GBP
2010-02-15 00:00:00,2010-02-20 00:00:00,1894,75049,1,682.2375,USD
2010-02-15 00:00:00,2010-02-20 00:00:00,1894,84095,1,682.2375,USD
2010-02-15 00:00:00,2010-02-20 00:00:00,1894,92064,1,682.2375,USD
2010-02-15 00:00:00,2010-02-20 00:00:00,1909,68065,1,199.4475,GBP
2010-02-15 00:00:00,2010-02-20 00:00:00,1909,85704,1,199.4475,USD
2010-02-15 00:00:00,2010-02-20 00:00:00,1911,36830,1,244.0725,USD
2010-02-15 00:00:00,2010-02-20 00:00:00,1911,39567,1,244.0725,GBP
2010-02-15 00:00:00,2010-02-20 00:00:00,1911,64056,1,241.4475,GBP
2010-02-15 00:00:00,2010-02-20 00:00:00,1911,76542,1,244.0725,USD
2010-02-15 00:00:00,2010-02-20 00:00:00,1911,78660,1,244.0725,USD
2010-02-15 00:00:00,2010-02-20 00:00:00,1911,92253,1,244.0725,GBP
2010-02-15 00:00:00,2010-02-20 00:00:00,1911,93637,1,244.0725,GBP
2010-02-15 00:00:00,2010-02-20 00:00:00,1914,77024,1,173.1975,GBP
2010-02-15 00:00:00,2010-02-20 00:00:00,1914,77627,1,173.1975,USD
2010-02-15 00:00:00,2010-02-20 00:00:00,1920,07423,1,280.8225,USD
2010-02-15 00:00:00,2010-02-20 00:00:00,1920,33484,1,280.8225,USD
2010-02-15 00:00:00,2010-02-20 00:00:00,1920,46923,1,280.8225,USD
2010-02-15 00:00:00,2010-02-20 00:00:00,1920,63124,1,280.8225,GBP
2010-02-15 00:00:00,2010-02-20 00:00:00,1920,89103,1,280.8225,GBP
2010-02-15 00:00:00,2010-02-20 00:00:00,1920,94133,1,280.8225,USD
2010-02-15 00:00:00,2010-02-20 00:00:00,1920,95959,1,280.8225,USD
2010-02-15 00:00:00,2010-02-20 00:00:00,1930,35125,1,286.0725,USD
2010-02-15 00:00:00,2010-02-20 00:00:00,1930,76022,1,286.0725,USD
2010-02-15 00:00:00,2010-02-20 00:00:00,1930,92683,1,283.4475,USD
2010-02-15 00:00:00,2010-02-20 00:00:00,1931,92683,1,283.4475,USD
2010-02-15 00:00:00,2010-02-20 00:00:00,1931,93401,1,283.4475,USD
2010-02-15 00:00:00,2010-02-20 00:00:00,1948,08210,1,296.5725,USD
2010-02-15 00:00:00,2010-02-20 00:00:00,1948,21093,1,296.5725,GBP
2010-02-15 00:00:00,2010-02-20 00:00:00,1948,29690,1,293.9475,GBP
2010-02-15 00:00:00,2010-02-20 00:00:00,1948,40601,1,296.5725,USD
2010-02-15 00:00:00,2010-02-20 00:00:00,1948,46011,1,296.5725,GBP
2010-02-15 00:00:00,2010-02-20 00:00:00,1948,47331,1,296.5725,GBP
2010-02-15 00:00:00,2010-02-20 00:00:00,1948,79423,1,296.5725,USD
2010-02-15 00:00:00,2010-02-20 00:00:00,1948,83333,1,296.5725,GBP
2010-02-15 00:00:00,2010-02-20 00:00:00,1948,85259,1,296.5725,USD
2010-02-15 00:00:00,2010-02-20 00:00:00,1948,85364,3,889.7175,USD
2010-02-15 00:00:00,2010-02-20 00:00:00,1948,93637,1,296.5725,GBP
2010-02-15 00:00:00,2010-02-20 00:00:00,1948,94553,1,296.5725,USD
2010-02-15 00:00:00,2010-02-20 00:00:00,1948,95519,1,296.5725,USD
2010-02-15 00:00:00,2010-02-20 00:00:00,1949,01230,1,296.5725,USD
2010-02-15 00:00:00,2010-02-20 00:00:00,1949,02840,1,296.5725,USD
2010-02-15 00:00:00,2010-02-20 00:00:00,1949,24981,1,296.5725,GBP
2010-02-15 00:00:00,2010-02-20 00:00:00,1949,32084,1,296.5725,USD
2010-02-15 00:00:00,2010-02-20 00:00:00,1949,32131,2,593.145,USD
2010-02-15 00:00:00,2010-02-20 00:00:00,1949,40336,1,296.5725,GBP
2010-02-15 00:00:00,2010-02-20 00:00:00,1949,51401,1,296.5725,GBP
2010-02-15 00:00:00,2010-02-20 00:00:00,1949,73107,1,296.5725,USD
2010-02-15 00:00:00,2010-02-20 00:00:00,1949,85023,1,296.5725,USD
2010-02-15 00:00:00,2010-02-20 00:00:00,1949,93065,1,296.5725,USD
2010-02-15 00:00:00,2010-02-20 00:00:00,1949,95127,1,296.5725,USD
2010-02-15 00:00:00,2010-02-20 00:00:00,1956,29020,1,153.7725,GBP
2010-02-15 00:00:00,2010-02-20 00:00:00,1956,32548,1,153.7725,GBP
2010-02-15 00:00:00,2010-02-20 00:00:00,1956,46514,1,922.6350000000001,GBP
2010-02-15 00:00:00,2010-02-20 00:00:00,1956,46514,1,615.09,USD
2010-02-15 00:00:00,2010-02-20 00:00:00,1956,55125,1,153.7725,GBP
2010-02-15 00:00:00,2010-02-20 00:00:00,1956,59602,1,153.7725,GBP
2010-02-15 00:00:00,2010-02-20 00:00:00,1956,93420,1,153.7725,USD
2010-02-15 00:00:00,2010-02-20 00:00:00,1956,95945,1,153.7725,GBP
2010-02-15 00:00:00,2010-02-20 00:00:00,1957,29072,2,307.545,USD
2010-02-15 00:00:00,2010-02-20 00:00:00,1957,32548,1,153.7725,GBP
2010-02-15 00:00:00,2010-02-20 00:00:00,1957,37691,1,153.7725,USD
2010-02-15 00:00:00,2010-02-20 00:00:00,1957,46514,1,153.7725,GBP
2010-02-15 00:00:00,2010-02-20 00:00:00,1957,46514,1,768.8625000000001,USD
2010-02-15 00:00:00,2010-02-20 00:00:00,1957,55125,1,153.7725,USD
2010-02-15 00:00:00,2010-02-20 00:00:00,1957,71901,1,153.7725,GBP
2010-02-15 00:00:00,2010-02-20 00:00:00,1957,77627,1,153.7725,USD
2010-02-15 00:00:00,2010-02-20 00:00:00,1957,92780,1,153.7725,GBP
2010-02-15 00:00:00,2010-02-20 00:00:00,1957,96003,1,153.7725,GBP
2010-02-15 00:00:00,2010-02-20 00:00:00,1960,01077,1,97.0725,GBP
2010-02-15 00:00:00,2010-02-20 00:00:00,1960,02852,1,97.0725,GBP
2010-02-15 00:00:00,2010-02-20 00:00:00,1960,29180,1,97.0725,GBP
2010-02-15 00:00:00,2010-02-20 00:00:00,1960,38863,1,97.0725,GBP
2010-02-15 00:00:00,2010-02-20 00:00:00,1960,87110,1,97.0725,GBP
2010-02-15 00:00:00,2010-02-20 00:00:00,1960,87401,1,97.0725,GBP
2010-02-15 00:00:00,2010-02-20 00:00:00,1960,88021,1,97.0725,USD
2010-02-15 00:00:00,2010-02-20 00:00:00,1960,92377,1,97.0725,USD
2010-02-15 00:00:00,2010-02-20 00:00:00,1960,95407,1,97.0725,USD
2010-02-15 00:00:00,2010-02-20 00:00:00,1960,96089,1,97.0725,GBP
2010-02-15 00:00:00,2010-02-20 00:00:00,1960,97544,1,97.0725,GBP
2010-02-15 00:00:00,2010-02-20 00:00:00,1960,97754,1,97.0725,GBP
2010-02-15 00:00:00,2010-02-20 00:00:00,1961,02048,1,97.0725,USD
2010-02-15 00:00:00,2010-02-20 00:00:00,1961,08087,1,97.0725,GBP
2010-02-15 00:00:00,2010-02-20 00:00:00,1961,29180,1,97.0725,USD
2010-02-15 00:00:00,2010-02-20 00:00:00,1968,02703,1,238.8225,GBP
2010-02-15 00:00:00,2010-02-20 00:00:00,1968,75979,1,238.8225,USD
2010-02-15 00:00:00,2010-02-20 00:00:00,1968,79201,1,238.8225,GBP
2010-02-15 00:00:00,2010-02-20 00:00:00,1968,79545,1,238.8225,GBP
2010-02-15 00:00:00,2010-02-20 00:00:00,1968,92692,1,238.8225,GBP
2010-02-15 00:00:00,2010-02-20 00:00:00,1968,92841,1,238.8225,GBP
2010-02-15 00:00:00,2010-02-20 00:00:00,1968,94588,1,236.1975,GBP
2010-02-15 00:00:00,2010-02-20 00:00:00,1969,21133,1,238.8225,USD
2010-02-15 00:00:00,2010-02-20 00:00:00,1969,79201,1,238.8225,USD
2010-02-15 00:00:00,2010-02-20 00:00:00,1974,35180,1,52.4475,USD
2010-02-15 00:00:00,2010-02-20 00:00:00,1974,36869,1,52.4475,GBP
2010-02-15 00:00:00,2010-02-20 00:00:00,1974,41701,1,52.4475,GBP
2010-02-15 00:00:00,2010-02-20 00:00:00,1974,53121,1,104.895,GBP
2010-02-15 00:00:00,2010-02-20 00:00:00,1974,53121,1,157.3425,USD
2010-02-15 00:00:00,2010-02-20 00:00:00,1974,57701,1,52.4475,GBP
2010-02-15 00:00:00,2010-02-20 00:00:00,1974,72904,1,52.4475,USD
2010-02-15 00:00:00,2010-02-20 00:00:00,1974,77044,1,52.4475,GBP
2010-02-15 00:00:00,2010-02-20 00:00:00,1974,85268,1,52.4475,USD
2010-02-15 00:00:00,2010-02-20 00:00:00,1975,02188,1,52.4475,GBP
2010-02-15 00:00:00,2010-02-20 00:00:00,1975,29575,1,52.4475,USD
2010-02-15 00:00:00,2010-02-20 00:00:00,1975,32503,1,52.4475,USD
2010-02-15 00:00:00,2010-02-20 00:00:00,1975,34747,1,52.4475,USD
2010-02-15 00:00:00,2010-02-20 00:00:00,1975,37748,1,52.4475,USD
2010-02-15 00:00:00,2010-02-20 00:00:00,1975,42301,1,52.4475,USD
2010-02-15 00:00:00,2010-02-20 00:00:00,1975,50248,1,52.4475,USD
2010-02-15 00:00:00,2010-02-20 00:00:00,1975,53121,1,104.895,GBP
2010-02-15 00:00:00,2010-02-20 00:00:00,1975,56304,1,52.4475,USD
2010-02-15 00:00:00,2010-02-20 00:00:00,1975,59828,1,52.4475,USD
2010-02-15 00:00:00,2010-02-20 00:00:00,1975,72904,1,52.4475,GBP
2010-02-15 00:00:00,2010-02-20 00:00:00,1975,90044,1,52.4475,USD
2010-02-15 00:00:00,2010-02-20 00:00:00,1975,92227,1,52.4475,USD
2010-02-15 00:00:00,2010-02-20 00:00:00,1978,19720,1,254.5725,GBP
2010-02-15 00:00:00,2010-02-20 00:00:00,1978,34668,1,249.3225,GBP
2010-02-15 00:00:00,2010-02-20 00:00:00,1990,02863,1,257.1975,GBP
2010-02-15 00:00:00,2010-02-20 00:00:00,1990,07675,1,257.1975,USD
2010-02-15 00:00:00,2010-02-20 00:00:00,1990,21227,1,257.1975,USD
2010-02-15 00:00:00,2010-02-20 00:00:00,1990,21234,1,257.1975,USD
2010-02-15 00:00:00,2010-02-20 00:00:00,1990,26201,1,257.1975,GBP
2010-02-15 00:00:00,2010-02-20 00:00:00,1990,34251,1,257.1975,USD
2010-02-15 00:00:00,2010-02-20 00:00:00,1990,46514,1,1285.9875,GBP
2010-02-15 00:00:00,2010-02-20 00:00:00,1990,46514,1,1285.9875,USD
2010-02-15 00:00:00,2010-02-20 00:00:00,1990,47711,1,257.1975,USD
2010-02-15 00:00:00,2010-02-20 00:00:00,1990,54729,2,514.395,USD
2010-02-15 00:00:00,2010-02-20 00:00:00,1990,55358,1,257.1975,USD
2010-02-15 00:00:00,2010-02-20 00:00:00,1990,75287,1,257.1975,USD
2010-02-15 00:00:00,2010-02-20 00:00:00,1990,78411,1,257.1975,USD
2010-02-15 00:00:00,2010-02-20 00:00:00,1990,84319,1,257.1975,USD
2010-02-15 00:00:00,2010-02-20 00:00:00,1990,92284,1,257.1975,GBP
2010-02-15 00:00:00,2010-02-20 00:00:00,1990,93401,1,257.1975,USD
2010-02-15 00:00:00,2010-02-20 00:00:00,1990,97111,1,257.1975,USD
2010-02-15 00:00:00,2010-02-20 00:00:00,2005,01220,1,304.4475,USD
2010-02-15 00:00:00,2010-02-20 00:00:00,2005,70090,1,304.4475,USD
2010-02-15 00:00:00,2010-02-20 00:00:00,2005,77586,1,299.1975,USD
2010-02-15 00:00:00,2010-02-20 00:00:00,2005,82009,1,299.1975,USD
2010-02-15 00:00:00,2010-02-20 00:00:00,2005,92507,1,299.1975,GBP
2010-02-15 00:00:00,2010-02-20 00:00:00,2012,03458,1,377.9475,USD
2010-02-15 00:00:00,2010-02-20 00:00:00,2012,33024,1,377.9475,GBP
2010-02-15 00:00:00,2010-02-20 00:00:00,2012,76544,1,377.9475,GBP
2010-02-15 00:00:00,2010-02-20 00:00:00,2012,77840,1,377.9475,USD
2010-02-15 00:00:00,2010-02-20 00:00:00,2012,94523,1,377.9475,USD
2010-02-15 00:00:00,2010-02-20 00:00:00,2012,95051,1,377.9475,GBP
2010-02-15 00:00:00,2010-02-20 00:00:00,2016,08055,1,299.1975,USD
2010-02-15 00:00:00,2010-02-20 00:00:00,2016,32097,1,299.1975,USD
2010-02-15 00:00:00,2010-02-20 00:00:00,2016,33143,1,299.1975,USD
2010-02-15 00:00:00,2010-02-20 00:00:00,2016,95822,1,299.1975,USD
2010-02-15 00:00:00,2010-02-20 00:00:00,2032,36269,1,223.0725,USD
2010-02-15 00:00:00,2010-02-20 00:00:00,2032,37055,1,223.0725,USD
2010-02-15 00:00:00,2010-02-20 00:00:00,2032,64735,1,215.1975,USD
2010-02-15 00:00:00,2010-02-20 00:00:00,2032,87505,1,223.0725,GBP
2010-02-15 00:00:00,2010-02-20 00:00:00,2032,90740,1,223.0725,USD
2010-02-15 00:00:00,2010-02-20 00:00:00,2045,06260,1,409.4475,GBP
2010-02-15 00:00:00,2010-02-20 00:00:00,2045,07036,1,409.4475,GBP
2010-02-15 00:00:00,2010-02-20 00:00:00,2045,20878,1,409.4475,USD
2010-02-15 00:00:00,2010-02-20 00:00:00,2045,21903,1,409.4475,GBP
2010-02-15 00:00:00,2010-02-20 00:00:00,2045,38671,1,409.4475,GBP
2010-02-15 00:00:00,2010-02-20 00:00:00,2045,52135,1,409.4475,GBP
2010-02-15 00:00:00,2010-02-20 00:00:00,2045,53115,1,409.4475,USD
2010-02-15 00:00:00,2010-02-20 00:00:00,2045,53146,1,409.4475,GBP
2010-02-15 00:00:00,2010-02-20 00:00:00,2045,70817,1,409.4475,GBP
2010-02-15 00:00:00,2010-02-20 00:00:00,2045,71115,1,409.4475,USD
2010-02-15 00:00:00,2010-02-20 00:00:00,2045,72015,1,409.4475,GBP
2010-02-15 00:00:00,2010-02-20 00:00:00,2045,75052,1,409.4475,GBP
2010-02-15 00:00:00,2010-02-20 00:00:00,2045,75141,1,409.4475,USD
2010-02-15 00:00:00,2010-02-20 00:00:00,2045,75149,1,409.4475,USD
2010-02-15 00:00:00,2010-02-20 00:00:00,2045,77706,1,409.4475,GBP
2010-02-15 00:00:00,2010-02-20 00:00:00,2045,85225,1,409.4475,USD
2010-02-15 00:00:00,2010-02-20 00:00:00,2045,91345,1,409.4475,GBP
2010-02-15 00:00:00,2010-02-20 00:00:00,2045,92220,1,409.4475,GBP
2010-02-15 00:00:00,2010-02-20 00:00:00,2045,93550,1,409.4475,GBP
2010-02-15 00:00:00,2010-02-20 00:00:00,2047,20002,1,377.9475,GBP
2010-02-15 00:00:00,2010-02-20 00:00:00,2047,38128,1,377.9475,GBP
2010-02-15 00:00:00,2010-02-20 00:00:00,2047,85258,1,377.9475,USD
2010-02-15 00:00:00,2010-02-20 00:00:00,2047,95125,1,377.9475,USD
2010-02-15 00:00:00,2010-02-20 00:00:00,2047,97123,1,377.9475,GBP
2010-02-15 00:00:00,2010-02-20 00:00:00,2048,33616,1,477.6975,GBP
2010-02-15 00:00:00,2010-02-20 00:00:00,2050,29063,1,498.6975,GBP
2010-02-15 00:00:00,2010-02-20 00:00:00,2050,29152,1,498.6975,USD
2010-02-15 00:00:00,2010-02-20 00:00:00,2050,32119,1,498.6975,GBP
2010-02-15 00:00:00,2010-02-20 00:00:00,2050,32534,1,498.6975,GBP
2010-02-15 00:00:00,2010-02-20 00:00:00,2050,33326,1,498.6975,USD
2010-02-15 00:00:00,2010-02-20 00:00:00,2050,33406,1,498.6975,GBP
2010-02-15 00:00:00,2010-02-20 00:00:00,2050,37379,1,498.6975,GBP
2010-02-15 00:00:00,2010-02-20 00:00:00,2050,46143,1,498.6975,GBP
2010-02-15 00:00:00,2010-02-20 00:00:00,2050,46938,1,498.6975,USD
2010-02-15 00:00:00,2010-02-20 00:00:00,2050,78240,1,498.6975,USD
2010-02-15 00:00:00,2010-02-20 00:00:00,2050,78624,1,498.6975,GBP
2010-02-15 00:00:00,2010-02-20 00:00:00,2050,90808,1,498.6975,GBP
2010-02-15 00:00:00,2010-02-20 00:00:00,2050,95219,1,498.6975,USD
2010-02-15 00:00:00,2010-02-20 00:00:00,2056,06511,2,645.645,USD
2010-02-15 00:00:00,2010-02-20 00:00:00,2056,19901,2,650.895,USD
2010-02-15 00:00:00,2010-02-20 00:00:00,2056,29505,1,325.4475,GBP
2010-02-15 00:00:00,2010-02-20 00:00:00,2056,33435,1,325.4475,GBP
2010-02-15 00:00:00,2010-02-20 00:00:00,2056,33991,1,325.4475,GBP
2010-02-15 00:00:00,2010-02-20 00:00:00,2056,34786,1,325.4475,GBP
2010-02-15 00:00:00,2010-02-20 00:00:00,2056,35064,1,325.4475,USD
2010-02-15 00:00:00,2010-02-20 00:00:00,2056,39532,1,325.4475,GBP
2010-02-15 00:00:00,2010-02-20 00:00:00,2056,46220,1,325.4475,GBP
2010-02-15 00:00:00,2010-02-20 00:00:00,2056,52403,1,325.4475,GBP
2010-02-15 00:00:00,2010-02-20 00:00:00,2056,54426,1,320.1975,GBP
2010-02-15 00:00:00,2010-02-20 00:00:00,2056,71603,1,320.1975,USD
2010-02-15 00:00:00,2010-02-20 00:00:00,2056,73003,1,325.4475,GBP
2010-02-15 00:00:00,2010-02-20 00:00:00,2056,85027,1,325.4475,USD
2010-02-15 00:00:00,2010-02-20 00:00:00,2056,89444,1,325.4475,GBP
2010-02-15 00:00:00,2010-02-20 00:00:00,2056,94114,1,325.4475,GBP
2010-02-15 00:00:00,2010-02-20 00:00:00,2056,95823,1,320.1975,USD
2010-02-15 00:00:00,2010-02-20 00:00:00,2056,97124,1,325.4475,GBP
2010-02-15 00:00:00,2010-02-20 00:00:00,2057,33030,1,472.4475,GBP
2010-02-15 00:00:00,2010-02-20 00:00:00,2057,92027,1,472.4475,GBP
2010-02-15 00:00:00,2010-02-20 00:00:00,2062,29130,1,551.1975,USD
2010-02-15 00:00:00,2010-02-20 00:00:00,2064,07442,1,488.1975,USD
2010-02-15 00:00:00,2010-02-20 00:00:00,2064,07840,1,488.1975,GBP
2010-02-15 00:00:00,2010-02-20 00:00:00,2064,29407,1,488.1975,USD
2010-02-15 00:00:00,2010-02-20 00:00:00,2064,29710,2,976.395,USD
2010-02-15 00:00:00,2010-02-20 00:00:00,2064,32068,1,488.1975,GBP
2010-02-15 00:00:00,2010-02-20 00:00:00,2064,33351,1,488.1975,GBP
2010-02-15 00:00:00,2010-02-20 00:00:00,2064,46203,1,488.1975,USD
2010-02-15 00:00:00,2010-02-20 00:00:00,2064,63031,1,488.1975,GBP
2010-02-15 00:00:00,2010-02-20 00:00:00,2064,64014,1,488.1975,USD
2010-02-15 00:00:00,2010-02-20 00:00:00,2064,65301,1,482.9475,USD
2010-02-15 00:00:00,2010-02-20 00:00:00,2064,70737,1,488.1975,USD
2010-02-15 00:00:00,2010-02-20 00:00:00,2064,71107,1,488.1975,USD
2010-02-15 00:00:00,2010-02-20 00:00:00,2064,78550,1,488.1975,USD
2010-02-15 00:00:00,2010-02-20 00:00:00,2064,89451,1,482.9475,GBP
2010-02-15 00:00:00,2010-02-20 00:00:00,2064,92704,1,488.1975,GBP
2010-02-15 00:00:00,2010-02-20 00:00:00,2064,94119,1,488.1975,GBP
2010-02-15 00:00:00,2010-02-20 00:00:00,2064,95691,1,488.1975,USD
2010-02-15 00:00:00,2010-02-20 00:00:00,2070,21701,1,519.6975,USD
2010-02-15 00:00:00,2010-02-20 00:00:00,2070,32725,1,519.6975,GBP
2010-02-15 00:00:00,2010-02-20 00:00:00,2070,34711,1,519.6975,USD
2010-02-15 00:00:00,2010-02-20 00:00:00,2070,35768,1,519.6975,GBP
2010-02-15 00:00:00,2010-02-20 00:00:00,2070,37821,2,1039.395,USD
2010-02-15 00:00:00,2010-02-20 00:00:00,2070,37879,1,519.6975,USD
2010-02-15 00:00:00,2010-02-20 00:00:00,2070,39483,1,519.6975,USD
2010-02-15 00:00:00,2010-02-20 00:00:00,2070,47918,2,2078.79,GBP
2010-02-15 00:00:00,2010-02-20 00:00:00,2070,47918,2,1039.395,USD
2010-02-15 00:00:00,2010-02-20 00:00:00,2070,64015,1,519.6975,GBP
2010-02-15 00:00:00,2010-02-20 00:00:00,2070,71854,1,519.6975,USD
2010-02-15 00:00:00,2010-02-20 00:00:00,2070,77044,1,519.6975,USD
2010-02-15 00:00:00,2010-02-20 00:00:00,2070,78416,1,519.6975,USD
2010-02-15 00:00:00,2010-02-20 00:00:00,2070,94115,1,519.6975,USD
2010-02-15 00:00:00,2010-02-20 00:00:00,2074,02842,1,328.0725,GBP
2010-02-15 00:00:00,2010-02-20 00:00:00,2074,08060,1,328.0725,GBP
2010-02-15 00:00:00,2010-02-20 00:00:00,2074,32205,1,328.0725,GBP
2010-02-15 00:00:00,2010-02-20 00:00:00,2074,32222,1,328.0725,GBP
2010-02-15 00:00:00,2010-02-20 00:00:00,2074,32501,1,328.0725,GBP
2010-02-15 00:00:00,2010-02-20 00:00:00,2074,33954,1,328.0725,GBP
2010-02-15 00:00:00,2010-02-20 00:00:00,2074,34957,1,328.0725,USD
2010-02-15 00:00:00,2010-02-20 00:00:00,2074,46236,1,328.0725,GBP
2010-02-15 00:00:00,2010-02-20 00:00:00,2074,46236,1,656.145,USD
2010-02-15 00:00:00,2010-02-20 00:00:00,2074,63116,1,328.0725,GBP
2010-02-15 00:00:00,2010-02-20 00:00:00,2074,72114,1,328.0725,GBP
2010-02-15 00:00:00,2010-02-20 00:00:00,2074,75050,1,328.0725,USD
2010-02-15 00:00:00,2010-02-20 00:00:00,2074,76522,1,328.0725,USD
2010-02-15 00:00:00,2010-02-20 00:00:00,2074,76657,1,328.0725,USD
2010-02-15 00:00:00,2010-02-20 00:00:00,2074,85345,1,328.0725,USD
2010-02-15 00:00:00,2010-02-20 00:00:00,2074,94518,1,328.0725,USD
2010-02-15 00:00:00,2010-02-20 00:00:00,2081,06438,1,220.4475,GBP
2010-02-15 00:00:00,2010-02-20 00:00:00,2081,08215,1,220.4475,USD
2010-02-15 00:00:00,2010-02-20 00:00:00,2081,21117,1,220.4475,USD
2010-02-15 00:00:00,2010-02-20 00:00:00,2081,21227,1,220.4475,USD
2010-02-15 00:00:00,2010-02-20 00:00:00,2081,32124,1,220.4475,GBP
2010-02-15 00:00:00,2010-02-20 00:00:00,2081,37322,1,220.4475,GBP
2010-02-15 00:00:00,2010-02-20 00:00:00,2081,40228,1,220.4475,USD
2010-02-15 00:00:00,2010-02-20 00:00:00,2081,54615,1,220.4475,GBP
2010-02-15 00:00:00,2010-02-20 00:00:00,2081,68124,1,220.4475,GBP
2010-02-15 00:00:00,2010-02-20 00:00:00,2081,76543,1,220.4475,GBP
2010-02-15 00:00:00,2010-02-20 00:00:00,2081,78232,1,220.4475,GBP
2010-02-15 00:00:00,2010-02-20 00:00:00,2081,92692,1,220.4475,USD
2010-02-15 00:00:00,2010-02-20 00:00:00,2081,95020,1,220.4475,GBP
2010-02-15 00:00:00,2010-02-20 00:00:00,2083,06382,1,309.6975,USD
2010-02-15 00:00:00,2010-02-20 00:00:00,2083,29544,1,309.6975,GBP
2010-02-15 00:00:00,2010-02-20 00:00:00,2083,32223,1,309.6975,USD
2010-02-15 00:00:00,2010-02-20 00:00:00,2083,32547,1,309.6975,GBP
2010-02-15 00:00:00,2010-02-20 00:00:00,2083,32757,1,309.6975,GBP
2010-02-15 00:00:00,2010-02-20 00:00:00,2083,33157,1,309.6975,GBP
2010-02-15 00:00:00,2010-02-20 00:00:00,2083,37601,1,309.6975,GBP
2010-02-15 00:00:00,2010-02-20 00:00:00,2083,38343,1,309.6975,GBP
2010-02-15 00:00:00,2010-02-20 00:00:00,2083,52208,1,309.6975,GBP
2010-02-15 00:00:00,2010-02-20 00:00:00,2083,53143,1,309.6975,GBP
2010-02-15 00:00:00,2010-02-20 00:00:00,2083,53406,1,309.6975,USD
2010-02-15 00:00:00,2010-02-20 00:00:00,2083,64114,1,309.6975,GBP
2010-02-15 00:00:00,2010-02-20 00:00:00,2083,76693,1,309.6975,GBP
2010-02-15 00:00:00,2010-02-20 00:00:00,2083,77550,1,309.6975,USD
2010-02-15 00:00:00,2010-02-20 00:00:00,2083,77590,1,309.6975,GBP
2010-02-15 00:00:00,2010-02-20 00:00:00,2083,77642,1,309.6975,USD
2010-02-15 00:00:00,2010-02-20 00:00:00,2091,32937,1,152.1975,USD
2010-02-15 00:00:00,2010-02-20 00:00:00,2091,33068,1,152.1975,GBP
2010-02-15 00:00:00,2010-02-20 00:00:00,2091,34947,1,152.1975,GBP
2010-02-15 00:00:00,2010-02-20 00:00:00,2091,66061,1,152.1975,USD
2010-02-15 00:00:00,2010-02-20 00:00:00,2091,66207,1,152.1975,USD
2010-02-15 00:00:00,2010-02-20 00:00:00,2091,66608,1,152.1975,GBP
2010-02-15 00:00:00,2010-02-20 00:00:00,2091,85236,1,152.1975,USD
2010-02-15 00:00:00,2010-02-20 00:00:00,2091,90036,1,152.1975,GBP
2010-02-15 00:00:00,2010-02-20 00:00:00,2094,21911,1,433.0725,GBP
2010-02-15 00:00:00,2010-02-20 00:00:00,2094,32114,1,433.0725,USD
2010-02-15 00:00:00,2010-02-20 00:00:00,2094,36587,1,433.0725,USD
2010-02-15 00:00:00,2010-02-20 00:00:00,2094,42464,1,433.0725,USD
2010-02-15 00:00:00,2010-02-20 00:00:00,2094,64063,1,433.0725,GBP
2010-02-15 00:00:00,2010-02-20 00:00:00,2094,65337,1,433.0725,GBP
2010-02-15 00:00:00,2010-02-20 00:00:00,2094,77968,1,433.0725,USD
2010-02-15 00:00:00,2010-02-20 00:00:00,2121,66206,1,629.7375,USD
2010-02-15 00:00:00,2010-02-20 00:00:00,2126,33872,1,472.2375,USD
2010-02-15 00:00:00,2010-02-20 00:00:00,2126,57005,1,472.2375,USD
2010-02-15 00:00:00,2010-02-20 00:00:00,2128,32526,1,398.7375,GBP
2010-02-15 00:00:00,2010-02-20 00:00:00,2128,91040,1,398.7375,USD
2010-02-15 00:00:00,2010-02-20 00:00:00,2128,94560,1,398.7375,GBP
2010-02-15 00:00:00,2010-02-20 00:00:00,2130,64154,1,472.2375,GBP
2010-02-15 00:00:00,2010-02-20 00:00:00,2130,78249,1,472.2375,GBP
2010-02-15 00:00:00,2010-02-20 00:00:00,2130,78582,1,461.7375,GBP
2010-02-15 00:00:00,2010-02-20 00:00:00,2135,07419,1,524.7375,GBP
2010-02-15 00:00:00,2010-02-20 00:00:00,2140,72903,1,550.9875,GBP
2010-02-15 00:00:00,2010-02-20 00:00:00,2140,77845,1,550.9875,GBP
2010-02-15 00:00:00,2010-02-20 00:00:00,2161,06078,1,571.9875,GBP
2010-02-15 00:00:00,2010-02-20 00:00:00,2161,89129,1,571.9875,GBP
2010-02-15 00:00:00,2010-02-20 00:00:00,2169,87505,1,535.2375,USD
2010-02-15 00:00:00,2010-02-20 00:00:00,2192,32034,1,202.0725,GBP
2010-02-15 00:00:00,2010-02-20 00:00:00,2192,32233,1,202.0725,GBP
2010-02-15 00:00:00,2010-02-20 00:00:00,2192,95003,1,202.0725,GBP
2010-02-15 00:00:00,2010-02-20 00:00:00,2199,33565,1,178.4475,USD
2010-02-15 00:00:00,2010-02-20 00:00:00,2199,85029,1,178.4475,USD
2010-02-15 00:00:00,2010-02-20 00:00:00,2199,85259,1,178.4475,USD
2010-02-15 00:00:00,2010-02-20 00:00:00,2199,88201,1,178.4475,GBP
2010-02-15 00:00:00,2010-02-20 00:00:00,2204,85310,1,173.1975,GBP
2010-02-15 00:00:00,2010-02-20 00:00:00,2204,92553,2,346.395,USD
2010-02-15 00:00:00,2010-02-20 00:00:00,2204,93013,1,173.1975,GBP
2010-02-15 00:00:00,2010-02-20 00:00:00,2204,95075,2,346.395,USD
2010-02-15 00:00:00,2010-02-20 00:00:00,2205,40422,1,173.1975,GBP
2010-02-15 00:00:00,2010-02-20 00:00:00,2205,84088,1,173.1975,USD
2010-02-15 00:00:00,2010-02-20 00:00:00,2205,90501,1,173.1975,GBP
2010-02-15 00:00:00,2010-02-20 00:00:00,2205,91911,2,346.395,USD
2010-02-15 00:00:00,2010-02-20 00:00:00,2205,92106,1,173.1975,GBP
2010-02-15 00:00:00,2010-02-20 00:00:00,2205,92553,2,346.395,GBP
2010-02-15 00:00:00,2010-02-20 00:00:00,2205,95336,2,346.395,USD
2010-02-15 00:00:00,2010-02-20 00:00:00,2210,02818,1,107.5725,USD
2010-02-15 00:00:00,2010-02-20 00:00:00,2210,29172,1,107.5725,USD
2010-02-15 00:00:00,2010-02-20 00:00:00,2210,29906,1,107.5725,GBP
2010-02-15 00:00:00,2010-02-20 00:00:00,2210,32754,1,107.5725,GBP
2010-02-15 00:00:00,2010-02-20 00:00:00,2210,35661,1,107.5725,GBP
2010-02-15 00:00:00,2010-02-20 00:00:00,2210,37363,1,107.5725,GBP
2010-02-15 00:00:00,2010-02-20 00:00:00,2210,37738,1,107.5725,USD
2010-02-15 00:00:00,2010-02-20 00:00:00,2210,75602,1,107.5725,GBP
2010-02-15 00:00:00,2010-02-20 00:00:00,2210,77035,1,107.5725,GBP
2010-02-15 00:00:00,2010-02-20 00:00:00,2210,87105,1,107.5725,GBP
2010-02-15 00:00:00,2010-02-20 00:00:00,2211,21702,1,107.5725,USD
2010-02-15 00:00:00,2010-02-20 00:00:00,2211,32177,2,215.145,GBP
2010-02-15 00:00:00,2010-02-20 00:00:00,2211,32233,1,107.5725,USD
2010-02-15 00:00:00,2010-02-20 00:00:00,2211,37363,1,107.5725,GBP
2010-02-15 00:00:00,2010-02-20 00:00:00,2211,58235,1,107.5725,USD
2010-02-15 00:00:00,2010-02-20 00:00:00,2211,77035,1,107.5725,USD
2010-02-15 00:00:00,2010-02-20 00:00:00,2211,77228,1,107.5725,USD
2010-02-15 00:00:00,2010-02-20 00:00:00,2211,85902,1,107.5725,USD
2010-02-15 00:00:00,2010-02-20 00:00:00,2211,92675,1,107.5725,GBP
2010-02-15 00:00:00,2010-02-20 00:00:00,2234,06492,1,65.5725,USD
2010-02-15 00:00:00,2010-02-20 00:00:00,2234,07860,2,131.145,USD
2010-02-15 00:00:00,2010-02-20 00:00:00,2234,19960,1,65.5725,USD
2010-02-15 00:00:00,2010-02-20 00:00:00,2234,20882,1,65.5725,USD
2010-02-15 00:00:00,2010-02-20 00:00:00,2234,21215,1,65.5725,GBP
2010-02-15 00:00:00,2010-02-20 00:00:00,2234,21797,1,65.5725,USD
2010-02-15 00:00:00,2010-02-20 00:00:00,2234,32725,2,131.145,USD
2010-02-15 00:00:00,2010-02-20 00:00:00,2234,32762,1,65.5725,USD
2010-02-15 00:00:00,2010-02-20 00:00:00,2234,33175,1,65.5725,USD
2010-02-15 00:00:00,2010-02-20 00:00:00,2234,33785,1,65.5725,USD
2010-02-15 00:00:00,2010-02-20 00:00:00,2234,34743,1,65.5725,USD
2010-02-15 00:00:00,2010-02-20 00:00:00,2234,34990,1,65.5725,USD
2010-02-15 00:00:00,2010-02-20 00:00:00,2234,35096,1,65.5725,USD
2010-02-15 00:00:00,2010-02-20 00:00:00,2234,37307,1,65.5725,USD
2010-02-15 00:00:00,2010-02-20 00:00:00,2234,40229,1,65.5725,GBP
2010-02-15 00:00:00,2010-02-20 00:00:00,2234,40229,1,196.71750000000003,USD
2010-02-15 00:00:00,2010-02-20 00:00:00,2234,42129,1,65.5725,USD
2010-02-15 00:00:00,2010-02-20 00:00:00,2234,42301,1,65.5725,USD
2010-02-15 00:00:00,2010-02-20 00:00:00,2234,47918,1,262.29,GBP
2010-02-15 00:00:00,2010-02-20 00:00:00,2234,47918,1,65.5725,USD
2010-02-15 00:00:00,2010-02-20 00:00:00,2234,47923,1,65.5725,GBP
2010-02-15 00:00:00,2010-02-20 00:00:00,2234,55079,1,65.5725,GBP
2010-02-15 00:00:00,2010-02-20 00:00:00,2234,63376,1,65.5725,USD
2010-02-15 00:00:00,2010-02-20 00:00:00,2234,70072,1,65.5725,GBP
2010-02-15 00:00:00,2010-02-20 00:00:00,2234,70354,1,65.5725,USD
2010-02-15 00:00:00,2010-02-20 00:00:00,2234,72209,1,65.5725,USD
2010-02-15 00:00:00,2010-02-20 00:00:00,2234,75189,1,65.5725,USD
2010-02-15 00:00:00,2010-02-20 00:00:00,2234,75224,1,65.5725,GBP
2010-02-15 00:00:00,2010-02-20 00:00:00,2234,76305,1,65.5725,USD
2010-02-15 00:00:00,2010-02-20 00:00:00,2234,76354,1,65.5725,USD
2010-02-15 00:00:00,2010-02-20 00:00:00,2234,77036,1,65.5725,GBP
2010-02-15 00:00:00,2010-02-20 00:00:00,2234,77338,1,65.5725,USD
2010-02-15 00:00:00,2010-02-20 00:00:00,2234,77660,1,65.5725,USD
2010-02-15 00:00:00,2010-02-20 00:00:00,2234,77707,1,65.5725,USD
2010-02-15 00:00:00,2010-02-20 00:00:00,2234,78570,1,65.5725,GBP
2010-02-15 00:00:00,2010-02-20 00:00:00,2234,85268,1,65.5725,USD
2010-02-15 00:00:00,2010-02-20 00:00:00,2234,85326,1,65.5725,USD
2010-02-15 00:00:00,2010-02-20 00:00:00,2234,86406,1,65.5725,USD
2010-02-15 00:00:00,2010-02-20 00:00:00,2234,90804,1,65.5725,USD
2010-02-15 00:00:00,2010-02-20 00:00:00,2234,91350,1,65.5725,USD
2010-02-15 00:00:00,2010-02-20 00:00:00,2234,92065,2,131.145,USD
2010-02-15 00:00:00,2010-02-20 00:00:00,2234,92082,1,65.5725,USD
2010-02-15 00:00:00,2010-02-20 00:00:00,2234,92084,3,196.7175,USD
2010-02-15 00:00:00,2010-02-20 00:00:00,2234,92210,1,65.5725,USD
2010-02-15 00:00:00,2010-02-20 00:00:00,2234,92509,1,65.5725,USD
2010-02-15 00:00:00,2010-02-20 00:00:00,2234,93390,2,131.145,USD
2010-02-15 00:00:00,2010-02-20 00:00:00,2234,97038,1,65.5725,USD
2010-02-15 00:00:00,2010-02-20 00:00:00,2234,97045,1,65.5725,USD
2010-02-15 00:00:00,2010-02-20 00:00:00,2234,97383,1,65.5725,USD
2010-02-15 00:00:00,2010-02-20 00:00:00,2235,07458,1,65.5725,GBP
2010-02-15 00:00:00,2010-02-20 00:00:00,2235,21163,1,65.5725,USD
2010-02-15 00:00:00,2010-02-20 00:00:00,2235,21227,1,65.5725,GBP
2010-02-15 00:00:00,2010-02-20 00:00:00,2235,21229,1,65.5725,USD
2010-02-15 00:00:00,2010-02-20 00:00:00,2235,29078,1,65.5725,USD
2010-02-15 00:00:00,2010-02-20 00:00:00,2235,32034,1,65.5725,GBP
2010-02-15 00:00:00,2010-02-20 00:00:00,2235,32762,1,65.5725,USD
2010-02-15 00:00:00,2010-02-20 00:00:00,2235,35633,1,65.5725,GBP
2010-02-15 00:00:00,2010-02-20 00:00:00,2235,35952,1,65.5725,USD
2010-02-15 00:00:00,2010-02-20 00:00:00,2235,37307,1,65.5725,GBP
2010-02-15 00:00:00,2010-02-20 00:00:00,2235,38866,1,65.5725,GBP
2010-02-15 00:00:00,2010-02-20 00:00:00,2235,40229,1,65.5725,GBP
2010-02-15 00:00:00,2010-02-20 00:00:00,2235,40229,1,65.5725,USD
2010-02-15 00:00:00,2010-02-20 00:00:00,2235,46804,1,65.5725,USD
2010-02-15 00:00:00,2010-02-20 00:00:00,2235,47040,1,65.5725,USD
2010-02-15 00:00:00,2010-02-20 00:00:00,2235,47905,1,65.5725,GBP
2010-02-15 00:00:00,2010-02-20 00:00:00,2235,47918,1,196.71750000000003,USD
2010-02-15 00:00:00,2010-02-20 00:00:00,2235,51501,1,65.5725,GBP
2010-02-15 00:00:00,2010-02-20 00:00:00,2235,54915,1,65.5725,GBP
2010-02-15 00:00:00,2010-02-20 00:00:00,2235,55079,1,65.5725,GBP
2010-02-15 00:00:00,2010-02-20 00:00:00,2235,55943,1,65.5725,USD
2010-02-15 00:00:00,2010-02-20 00:00:00,2235,65270,1,65.5725,USD
2010-02-15 00:00:00,2010-02-20 00:00:00,2235,70072,1,65.5725,GBP
2010-02-15 00:00:00,2010-02-20 00:00:00,2235,70353,1,65.5725,USD
2010-02-15 00:00:00,2010-02-20 00:00:00,2235,70363,1,65.5725,USD
2010-02-15 00:00:00,2010-02-20 00:00:00,2235,70560,1,65.5725,GBP
2010-02-15 00:00:00,2010-02-20 00:00:00,2235,71291,1,65.5725,GBP
2010-02-15 00:00:00,2010-02-20 00:00:00,2235,74801,1,65.5725,GBP
2010-02-15 00:00:00,2010-02-20 00:00:00,2235,77707,1,65.5725,USD
2010-02-15 00:00:00,2010-02-20 00:00:00,2235,82717,1,65.5725,USD
2010-02-15 00:00:00,2010-02-20 00:00:00,2235,83709,1,65.5725,GBP
2010-02-15 00:00:00,2010-02-20 00:00:00,2235,84302,1,65.5725,USD
2010-02-15 00:00:00,2010-02-20 00:00:00,2235,85226,2,131.145,GBP
2010-02-15 00:00:00,2010-02-20 00:00:00,2235,85326,1,65.5725,USD
2010-02-15 00:00:00,2010-02-20 00:00:00,2235,85742,1,65.5725,USD
2010-02-15 00:00:00,2010-02-20 00:00:00,2235,87062,1,65.5725,USD
2010-02-15 00:00:00,2010-02-20 00:00:00,2235,89445,1,65.5725,GBP
2010-02-15 00:00:00,2010-02-20 00:00:00,2235,91350,1,65.5725,USD
2010-02-15 00:00:00,2010-02-20 00:00:00,2235,91356,1,65.5725,USD
2010-02-15 00:00:00,2010-02-20 00:00:00,2235,91406,1,65.5725,GBP
2010-02-15 00:00:00,2010-02-20 00:00:00,2235,91711,1,65.5725,USD
2010-02-15 00:00:00,2010-02-20 00:00:00,2235,91911,1,65.5725,USD
2010-02-15 00:00:00,2010-02-20 00:00:00,2235,92024,1,65.5725,USD
2010-02-15 00:00:00,2010-02-20 00:00:00,2235,92083,1,65.5725,GBP
2010-02-15 00:00:00,2010-02-20 00:00:00,2235,93446,1,65.5725,USD
2010-02-15 00:00:00,2010-02-20 00:00:00,2235,93560,1,65.5725,GBP
2010-02-15 00:00:00,2010-02-20 00:00:00,2235,95361,1,65.5725,USD
2010-02-15 00:00:00,2010-02-20 00:00:00,2246,33169,1,131.1975,GBP
2010-02-15 00:00:00,2010-02-20 00:00:00,2246,72949,1,131.1975,GBP
2010-02-15 00:00:00,2010-02-20 00:00:00,2247,32810,1,131.1975,GBP
2010-02-15 00:00:00,2010-02-20 00:00:00,2247,37642,1,131.1975,GBP
2010-02-15 00:00:00,2010-02-20 00:00:00,2247,42431,1,131.1975,GBP
2010-02-15 00:00:00,2010-02-20 00:00:00,2247,72949,1,131.1975,USD
2010-02-15 00:00:00,2010-02-20 00:00:00,2254,01201,1,57.6975,USD
2010-02-15 00:00:00,2010-02-20 00:00:00,2254,06238,1,57.6975,USD
2010-02-15 00:00:00,2010-02-20 00:00:00,2254,29406,1,57.6975,USD
2010-02-15 00:00:00,2010-02-20 00:00:00,2254,29407,1,57.6975,GBP
2010-02-15 00:00:00,2010-02-20 00:00:00,2254,32033,1,57.6975,USD
2010-02-15 00:00:00,2010-02-20 00:00:00,2254,33868,1,57.6975,GBP
2010-02-15 00:00:00,2010-02-20 00:00:00,2254,34465,1,57.6975,USD
2010-02-15 00:00:00,2010-02-20 00:00:00,2254,34772,1,57.6975,USD
2010-02-15 00:00:00,2010-02-20 00:00:00,2254,38057,1,70.8225,GBP
2010-02-15 00:00:00,2010-02-20 00:00:00,2254,38754,1,57.6975,GBP
2010-02-15 00:00:00,2010-02-20 00:00:00,2254,39437,1,57.6975,GBP
2010-02-15 00:00:00,2010-02-20 00:00:00,2254,39503,1,57.6975,USD
2010-02-15 00:00:00,2010-02-20 00:00:00,2254,42262,1,57.6975,GBP
2010-02-15 00:00:00,2010-02-20 00:00:00,2254,46514,1,115.395,GBP
2010-02-15 00:00:00,2010-02-20 00:00:00,2254,46514,1,173.0925,USD
2010-02-15 00:00:00,2010-02-20 00:00:00,2254,46750,1,57.6975,GBP
2010-02-15 00:00:00,2010-02-20 00:00:00,2254,47348,1,57.6975,GBP
2010-02-15 00:00:00,2010-02-20 00:00:00,2254,47929,1,115.395,GBP
2010-02-15 00:00:00,2010-02-20 00:00:00,2254,47929,1,230.79,USD
2010-02-15 00:00:00,2010-02-20 00:00:00,2254,50645,1,57.6975,USD
2010-02-15 00:00:00,2010-02-20 00:00:00,2254,55721,1,57.6975,GBP
2010-02-15 00:00:00,2010-02-20 00:00:00,2254,72364,1,70.8225,GBP
2010-02-15 00:00:00,2010-02-20 00:00:00,2254,75062,1,57.6975,USD
2010-02-15 00:00:00,2010-02-20 00:00:00,2254,75089,1,57.6975,GBP
2010-02-15 00:00:00,2010-02-20 00:00:00,2254,78521,1,57.6975,GBP
2010-02-15 00:00:00,2010-02-20 00:00:00,2254,83860,1,57.6975,USD
2010-02-15 00:00:00,2010-02-20 00:00:00,2254,85233,1,57.6975,USD
2010-02-15 00:00:00,2010-02-20 00:00:00,2254,87566,1,57.6975,GBP
2010-02-15 00:00:00,2010-02-20 00:00:00,2254,89110,1,57.6975,USD
2010-02-15 00:00:00,2010-02-20 00:00:00,2254,89502,1,57.6975,USD
2010-02-15 00:00:00,2010-02-20 00:00:00,2254,91320,2,115.395,GBP
2010-02-15 00:00:00,2010-02-20 00:00:00,2254,91505,1,57.6975,GBP
2010-02-15 00:00:00,2010-02-20 00:00:00,2254,92029,1,57.6975,GBP
2010-02-15 00:00:00,2010-02-20 00:00:00,2254,92128,1,57.6975,USD
2010-02-15 00:00:00,2010-02-20 00:00:00,2254,92223,1,57.6975,GBP
2010-02-15 00:00:00,2010-02-20 00:00:00,2254,92329,1,57.6975,GBP
2010-02-15 00:00:00,2010-02-20 00:00:00,2254,92345,2,115.395,GBP
2010-02-15 00:00:00,2010-02-20 00:00:00,2254,92509,2,115.395,GBP
2010-02-15 00:00:00,2010-02-20 00:00:00,2254,92548,1,57.6975,GBP
2010-02-15 00:00:00,2010-02-20 00:00:00,2254,92570,1,57.6975,GBP
2010-02-15 00:00:00,2010-02-20 00:00:00,2254,93955,1,57.6975,GBP
2010-02-15 00:00:00,2010-02-20 00:00:00,2254,95127,1,57.6975,GBP
2010-02-15 00:00:00,2010-02-20 00:00:00,2254,95336,2,115.395,GBP
2010-02-15 00:00:00,2010-02-20 00:00:00,2254,95688,1,57.6975,GBP
2010-02-15 00:00:00,2010-02-20 00:00:00,2254,97029,1,57.6975,USD
2010-02-15 00:00:00,2010-02-20 00:00:00,2254,97301,1,57.6975,USD
2010-02-15 00:00:00,2010-02-20 00:00:00,2255,07045,1,57.6975,GBP
2010-02-15 00:00:00,2010-02-20 00:00:00,2255,29406,1,57.6975,USD
2010-02-15 00:00:00,2010-02-20 00:00:00,2255,32147,1,57.6975,USD
2010-02-15 00:00:00,2010-02-20 00:00:00,2255,33064,1,57.6975,USD
2010-02-15 00:00:00,2010-02-20 00:00:00,2255,37062,1,57.6975,GBP
2010-02-15 00:00:00,2010-02-20 00:00:00,2255,41339,1,57.6975,GBP
2010-02-15 00:00:00,2010-02-20 00:00:00,2255,46514,1,173.0925,USD
2010-02-15 00:00:00,2010-02-20 00:00:00,2255,46725,1,57.6975,GBP
2010-02-15 00:00:00,2010-02-20 00:00:00,2255,47201,1,57.6975,GBP
2010-02-15 00:00:00,2010-02-20 00:00:00,2255,47929,1,57.6975,GBP
2010-02-15 00:00:00,2010-02-20 00:00:00,2255,47929,1,57.6975,USD
2010-02-15 00:00:00,2010-02-20 00:00:00,2255,53705,1,57.6975,USD
2010-02-15 00:00:00,2010-02-20 00:00:00,2255,55033,1,57.6975,USD
2010-02-15 00:00:00,2010-02-20 00:00:00,2255,55721,1,57.6975,GBP
2010-02-15 00:00:00,2010-02-20 00:00:00,2255,59722,1,57.6975,GBP
2010-02-15 00:00:00,2010-02-20 00:00:00,2255,63640,1,57.6975,GBP
2010-02-15 00:00:00,2010-02-20 00:00:00,2255,67026,1,57.6975,USD
2010-02-15 00:00:00,2010-02-20 00:00:00,2255,67060,1,57.6975,GBP
2010-02-15 00:00:00,2010-02-20 00:00:00,2255,68048,1,57.6975,GBP
2010-02-15 00:00:00,2010-02-20 00:00:00,2255,75052,1,57.6975,GBP
2010-02-15 00:00:00,2010-02-20 00:00:00,2255,75418,1,57.6975,USD
2010-02-15 00:00:00,2010-02-20 00:00:00,2255,76073,1,57.6975,USD
2010-02-15 00:00:00,2010-02-20 00:00:00,2255,76140,1,57.6975,GBP
2010-02-15 00:00:00,2010-02-20 00:00:00,2255,77505,1,57.6975,GBP
2010-02-15 00:00:00,2010-02-20 00:00:00,2255,78521,1,57.6975,USD
2010-02-15 00:00:00,2010-02-20 00:00:00,2255,83501,1,57.6975,GBP
2010-02-15 00:00:00,2010-02-20 00:00:00,2255,83687,2,115.395,GBP
2010-02-15 00:00:00,2010-02-20 00:00:00,2255,85338,1,57.6975,GBP
2010-02-15 00:00:00,2010-02-20 00:00:00,2255,89110,1,57.6975,GBP
2010-02-15 00:00:00,2010-02-20 00:00:00,2255,91342,2,115.395,GBP
2010-02-15 00:00:00,2010-02-20 00:00:00,2255,92345,2,115.395,GBP
2010-02-15 00:00:00,2010-02-20 00:00:00,2255,92548,1,57.6975,USD
2010-02-15 00:00:00,2010-02-20 00:00:00,2255,92555,1,57.6975,GBP
2010-02-15 00:00:00,2010-02-20 00:00:00,2255,93065,3,173.0925,GBP
2010-02-15 00:00:00,2010-02-20 00:00:00,2255,93306,2,115.395,GBP
2010-02-15 00:00:00,2010-02-20 00:00:00,2255,93510,1,57.6975,GBP
2010-02-15 00:00:00,2010-02-20 00:00:00,2255,93555,2,115.395,GBP
2010-02-15 00:00:00,2010-02-20 00:00:00,2255,94558,1,57.6975,USD
2010-02-15 00:00:00,2010-02-20 00:00:00,2255,95336,2,115.395,USD
2010-02-15 00:00:00,2010-02-20 00:00:00,2255,97029,1,57.6975,GBP
2010-02-15 00:00:00,2010-02-20 00:00:00,2268,52353,1,309.6975,USD
2010-02-15 00:00:00,2010-02-20 00:00:00,2268,52803,1,309.6975,GBP
2010-02-15 00:00:00,2010-02-20 00:00:00,2268,54824,1,309.6975,GBP
2010-02-15 00:00:00,2010-02-20 00:00:00,2268,84117,1,309.6975,USD
2010-02-15 00:00:00,2010-02-20 00:00:00,2268,85234,1,309.6975,USD
2010-02-15 00:00:00,2010-02-20 00:00:00,2268,89113,1,309.6975,GBP
2010-02-15 00:00:00,2010-02-20 00:00:00,2277,01581,1,251.9475,USD
2010-02-15 00:00:00,2010-02-20 00:00:00,2277,05350,2,503.895,GBP
2010-02-15 00:00:00,2010-02-20 00:00:00,2277,06040,2,503.895,USD
2010-02-15 00:00:00,2010-02-20 00:00:00,2277,07022,1,251.9475,USD
2010-02-15 00:00:00,2010-02-20 00:00:00,2277,07463,1,251.9475,GBP
2010-02-15 00:00:00,2010-02-20 00:00:00,2277,07631,1,251.9475,USD
2010-02-15 00:00:00,2010-02-20 00:00:00,2277,07712,1,251.9475,GBP
2010-02-15 00:00:00,2010-02-20 00:00:00,2277,08514,1,251.9475,GBP
2010-02-15 00:00:00,2010-02-20 00:00:00,2277,33414,1,251.9475,GBP
2010-02-15 00:00:00,2010-02-20 00:00:00,2277,33496,1,251.9475,GBP
2010-02-15 00:00:00,2010-02-20 00:00:00,2277,37075,1,251.9475,USD
2010-02-15 00:00:00,2010-02-20 00:00:00,2277,38549,1,251.9475,USD
2010-02-15 00:00:00,2010-02-20 00:00:00,2277,52136,1,251.9475,GBP
2010-02-15 00:00:00,2010-02-20 00:00:00,2277,55056,1,251.9475,USD
2010-02-15 00:00:00,2010-02-20 00:00:00,2277,55079,1,251.9475,USD
2010-02-15 00:00:00,2010-02-20 00:00:00,2277,59901,1,251.9475,GBP
2010-02-15 00:00:00,2010-02-20 00:00:00,2277,63640,1,251.9475,GBP
2010-02-15 00:00:00,2010-02-20 00:00:00,2277,66205,1,251.9475,GBP
2010-02-15 00:00:00,2010-02-20 00:00:00,2277,72032,1,251.9475,GBP
2010-02-15 00:00:00,2010-02-20 00:00:00,2277,75149,1,251.9475,GBP
2010-02-15 00:00:00,2010-02-20 00:00:00,2277,75206,1,251.9475,GBP
2010-02-15 00:00:00,2010-02-20 00:00:00,2277,77049,1,251.9475,GBP
2010-02-15 00:00:00,2010-02-20 00:00:00,2277,77063,1,251.9475,GBP
2010-02-15 00:00:00,2010-02-20 00:00:00,2277,77095,1,251.9475,GBP
2010-02-15 00:00:00,2010-02-20 00:00:00,2277,78209,1,251.9475,USD
2010-02-15 00:00:00,2010-02-20 00:00:00,2277,78681,1,251.9475,GBP
2010-02-15 00:00:00,2010-02-20 00:00:00,2277,82718,1,251.9475,GBP
2010-02-15 00:00:00,2010-02-20 00:00:00,2277,83686,1,251.9475,GBP
2010-02-15 00:00:00,2010-02-20 00:00:00,2277,84029,1,251.9475,GBP
2010-02-15 00:00:00,2010-02-20 00:00:00,2277,84119,1,251.9475,USD
2010-02-15 00:00:00,2010-02-20 00:00:00,2277,84501,1,251.9475,GBP
2010-02-15 00:00:00,2010-02-20 00:00:00,2277,84720,1,251.9475,USD
2010-02-15 00:00:00,2010-02-20 00:00:00,2277,85018,1,251.9475,GBP
2010-02-15 00:00:00,2010-02-20 00:00:00,2277,85283,1,251.9475,GBP
2010-02-15 00:00:00,2010-02-20 00:00:00,2277,90250,1,251.9475,USD
2010-02-15 00:00:00,2010-02-20 00:00:00,2277,91901,2,503.895,GBP
2010-02-15 00:00:00,2010-02-20 00:00:00,2277,92082,1,251.9475,GBP
2010-02-15 00:00:00,2010-02-20 00:00:00,2277,92084,2,503.895,GBP
2010-02-15 00:00:00,2010-02-20 00:00:00,2277,93312,1,251.9475,USD
2010-02-15 00:00:00,2010-02-20 00:00:00,2277,95032,1,251.9475,GBP
2010-02-15 00:00:00,2010-02-20 00:00:00,2277,95111,1,251.9475,GBP
2010-02-15 00:00:00,2010-02-20 00:00:00,2277,95123,1,251.9475,USD
2010-02-15 00:00:00,2010-02-20 00:00:00,2279,35579,1,165.3225,GBP
2010-02-15 00:00:00,2010-02-20 00:00:00,2279,36801,1,165.3225,USD
2010-02-15 00:00:00,2010-02-20 00:00:00,2279,38829,1,165.3225,USD
2010-02-15 00:00:00,2010-02-20 00:00:00,2279,39056,1,165.3225,GBP
2010-02-15 00:00:00,2010-02-20 00:00:00,2279,41143,1,165.3225,USD
2010-02-15 00:00:00,2010-02-20 00:00:00,2279,68069,1,165.3225,USD
2010-02-15 00:00:00,2010-02-20 00:00:00,2279,70056,1,165.3225,GBP
2010-02-15 00:00:00,2010-02-20 00:00:00,2279,86401,1,165.3225,USD
2010-02-15 00:00:00,2010-02-20 00:00:00,2279,89502,1,165.3225,USD
2010-02-15 00:00:00,2010-02-20 00:00:00,2279,92069,3,495.9675,USD
2010-02-15 00:00:00,2010-02-20 00:00:00,2279,92314,1,165.3225,GBP
2010-02-15 00:00:00,2010-02-20 00:00:00,2279,92567,1,165.3225,USD
2010-02-15 00:00:00,2010-02-20 00:00:00,2279,95367,1,165.3225,GBP
2010-02-15 00:00:00,2010-02-20 00:00:00,2282,08807,1,304.4475,GBP
2010-02-15 00:00:00,2010-02-20 00:00:00,2282,08822,1,304.4475,USD
2010-02-15 00:00:00,2010-02-20 00:00:00,2282,20676,1,304.4475,GBP
2010-02-15 00:00:00,2010-02-20 00:00:00,2282,20874,1,304.4475,GBP
2010-02-15 00:00:00,2010-02-20 00:00:00,2282,32833,1,304.4475,GBP
2010-02-15 00:00:00,2010-02-20 00:00:00,2282,33441,1,304.4475,USD
2010-02-15 00:00:00,2010-02-20 00:00:00,2282,33953,1,304.4475,USD
2010-02-15 00:00:00,2010-02-20 00:00:00,2282,33991,1,304.4475,GBP
2010-02-15 00:00:00,2010-02-20 00:00:00,2282,46307,1,304.4475,USD
2010-02-15 00:00:00,2010-02-20 00:00:00,2282,46761,1,304.4475,GBP
2010-02-15 00:00:00,2010-02-20 00:00:00,2282,55382,1,304.4475,USD
2010-02-15 00:00:00,2010-02-20 00:00:00,2282,63822,1,304.4475,GBP
2010-02-15 00:00:00,2010-02-20 00:00:00,2282,64040,1,304.4475,USD
2010-02-15 00:00:00,2010-02-20 00:00:00,2282,70634,1,304.4475,GBP
2010-02-15 00:00:00,2010-02-20 00:00:00,2282,75633,1,304.4475,USD
2010-02-15 00:00:00,2010-02-20 00:00:00,2282,76134,1,304.4475,USD
2010-02-15 00:00:00,2010-02-20 00:00:00,2282,77064,1,304.4475,USD
2010-02-15 00:00:00,2010-02-20 00:00:00,2282,77073,1,304.4475,GBP
2010-02-15 00:00:00,2010-02-20 00:00:00,2282,83616,1,304.4475,USD
2010-02-15 00:00:00,2010-02-20 00:00:00,2282,84606,1,304.4475,GBP
2010-02-15 00:00:00,2010-02-20 00:00:00,2282,85013,1,304.4475,GBP
2010-02-15 00:00:00,2010-02-20 00:00:00,2282,85326,2,608.895,GBP
2010-02-15 00:00:00,2010-02-20 00:00:00,2282,85374,1,304.4475,GBP
2010-02-15 00:00:00,2010-02-20 00:00:00,2282,88240,1,304.4475,USD
2010-02-15 00:00:00,2010-02-20 00:00:00,2282,89301,1,304.4475,USD
2010-02-15 00:00:00,2010-02-20 00:00:00,2282,89523,1,304.4475,USD
2010-02-15 00:00:00,2010-02-20 00:00:00,2282,90277,1,304.4475,USD
2010-02-15 00:00:00,2010-02-20 00:00:00,2282,90293,1,304.4475,USD
2010-02-15 00:00:00,2010-02-20 00:00:00,2282,90603,2,608.895,USD
2010-02-15 00:00:00,2010-02-20 00:00:00,2282,91301,2,608.895,USD
2010-02-15 00:00:00,2010-02-20 00:00:00,2282,91902,1,304.4475,GBP
2010-02-15 00:00:00,2010-02-20 00:00:00,2282,92027,1,304.4475,GBP
2010-02-15 00:00:00,2010-02-20 00:00:00,2282,92084,3,913.3425,USD
2010-02-15 00:00:00,2010-02-20 00:00:00,2282,92345,2,608.895,USD
2010-02-15 00:00:00,2010-02-20 00:00:00,2282,92562,1,304.4475,GBP
2010-02-15 00:00:00,2010-02-20 00:00:00,2282,92675,1,304.4475,GBP
2010-02-15 00:00:00,2010-02-20 00:00:00,2282,92677,1,304.4475,GBP
2010-02-15 00:00:00,2010-02-20 00:00:00,2282,93447,1,304.4475,USD
2010-02-15 00:00:00,2010-02-20 00:00:00,2282,94947,1,304.4475,USD
2010-02-15 00:00:00,2010-02-20 00:00:00,2282,95111,1,304.4475,GBP
2010-02-15 00:00:00,2010-02-20 00:00:00,2282,96145,1,304.4475,USD
2010-02-15 00:00:00,2010-02-20 00:00:00,2282,97501,1,304.4475,USD
2010-02-15 00:00:00,2010-02-20 00:00:00,2282,97527,1,304.4475,GBP
2010-02-15 00:00:00,2010-02-20 00:00:00,2284,01507,1,293.9475,USD
2010-02-15 00:00:00,2010-02-20 00:00:00,2284,06255,1,293.9475,GBP
2010-02-15 00:00:00,2010-02-20 00:00:00,2284,08835,1,293.9475,USD
2010-02-15 00:00:00,2010-02-20 00:00:00,2284,08882,1,293.9475,USD
2010-02-15 00:00:00,2010-02-20 00:00:00,2284,21144,1,293.9475,USD
2010-02-15 00:00:00,2010-02-20 00:00:00,2284,29330,1,293.9475,GBP
2010-02-15 00:00:00,2010-02-20 00:00:00,2284,29710,2,587.895,GBP
2010-02-15 00:00:00,2010-02-20 00:00:00,2284,29906,1,293.9475,USD
2010-02-15 00:00:00,2010-02-20 00:00:00,2284,34145,1,293.9475,GBP
2010-02-15 00:00:00,2010-02-20 00:00:00,2284,35023,1,293.9475,GBP
2010-02-15 00:00:00,2010-02-20 00:00:00,2284,40216,1,293.9475,USD
2010-02-15 00:00:00,2010-02-20 00:00:00,2284,55049,1,293.9475,USD
2010-02-15 00:00:00,2010-02-20 00:00:00,2284,55305,1,293.9475,USD
2010-02-15 00:00:00,2010-02-20 00:00:00,2284,70043,1,293.9475,USD
2010-02-15 00:00:00,2010-02-20 00:00:00,2284,71238,1,293.9475,USD
2010-02-15 00:00:00,2010-02-20 00:00:00,2284,71964,1,293.9475,USD
2010-02-15 00:00:00,2010-02-20 00:00:00,2284,74354,1,293.9475,USD
2010-02-15 00:00:00,2010-02-20 00:00:00,2284,78747,1,293.9475,GBP
2010-02-15 00:00:00,2010-02-20 00:00:00,2284,82070,1,293.9475,USD
2010-02-15 00:00:00,2010-02-20 00:00:00,2284,83703,2,587.895,USD
2010-02-15 00:00:00,2010-02-20 00:00:00,2284,83704,1,293.9475,USD
2010-02-15 00:00:00,2010-02-20 00:00:00,2284,83855,1,293.9475,USD
2010-02-15 00:00:00,2010-02-20 00:00:00,2284,85208,1,293.9475,USD
2010-02-15 00:00:00,2010-02-20 00:00:00,2284,86047,1,293.9475,USD
2010-02-15 00:00:00,2010-02-20 00:00:00,2284,87124,2,587.895,GBP
2010-02-15 00:00:00,2010-02-20 00:00:00,2284,90277,1,293.9475,GBP
2010-02-15 00:00:00,2010-02-20 00:00:00,2284,91730,2,587.895,GBP
2010-02-15 00:00:00,2010-02-20 00:00:00,2284,91766,1,293.9475,GBP
2010-02-15 00:00:00,2010-02-20 00:00:00,2284,92019,3,881.8425,GBP
2010-02-15 00:00:00,2010-02-20 00:00:00,2284,92084,1,293.9475,USD
2010-02-15 00:00:00,2010-02-20 00:00:00,2284,92227,1,293.9475,USD
2010-02-15 00:00:00,2010-02-20 00:00:00,2284,92252,1,293.9475,USD
2010-02-15 00:00:00,2010-02-20 00:00:00,2284,92595,1,293.9475,GBP
2010-02-15 00:00:00,2010-02-20 00:00:00,2284,92886,1,293.9475,USD
2010-02-15 00:00:00,2010-02-20 00:00:00,2284,93308,1,293.9475,GBP
2010-02-15 00:00:00,2010-02-20 00:00:00,2284,94063,1,293.9475,GBP
2010-02-15 00:00:00,2010-02-20 00:00:00,2284,95076,2,587.895,GBP
2010-02-15 00:00:00,2010-02-20 00:00:00,2284,95354,12,3527.37,GBP
2010-02-15 00:00:00,2010-02-20 00:00:00,2284,96021,1,293.9475,USD
2010-02-15 00:00:00,2010-02-20 00:00:00,2284,97386,2,587.895,USD
2010-02-15 00:00:00,2010-02-20 00:00:00,2287,20747,1,839.9475,GBP
2010-02-15 00:00:00,2010-02-20 00:00:00,2287,29526,1,839.9475,GBP
2010-02-15 00:00:00,2010-02-20 00:00:00,2287,33042,1,839.9475,GBP
2010-02-15 00:00:00,2010-02-20 00:00:00,2287,34450,1,839.9475,GBP
2010-02-15 00:00:00,2010-02-20 00:00:00,2287,46142,1,839.9475,GBP
2010-02-15 00:00:00,2010-02-20 00:00:00,2287,51056,1,839.9475,GBP
2010-02-15 00:00:00,2010-02-20 00:00:00,2287,67124,1,839.9475,GBP
2010-02-15 00:00:00,2010-02-20 00:00:00,2290,73065,1,795.3225,USD
2010-02-15 00:00:00,2010-02-20 00:00:00,2290,96001,1,787.4475,GBP
2010-02-15 00:00:00,2010-02-20 00:00:00,2307,32951,1,278.1975,GBP
2010-02-15 00:00:00,2010-02-20 00:00:00,2328,77657,1,393.6975,USD
2010-02-15 00:00:00,2010-02-20 00:00:00,2331,01590,1,535.4475,USD
2010-02-15 00:00:00,2010-02-20 00:00:00,2331,20774,2,1070.895,GBP
2010-02-15 00:00:00,2010-02-20 00:00:00,2331,25649,1,535.4475,USD
2010-02-15 00:00:00,2010-02-20 00:00:00,2331,29006,1,535.4475,GBP
2010-02-15 00:00:00,2010-02-20 00:00:00,2331,29161,1,535.4475,USD
2010-02-15 00:00:00,2010-02-20 00:00:00,2331,29611,1,535.4475,USD
2010-02-15 00:00:00,2010-02-20 00:00:00,2331,32606,1,535.4475,GBP
2010-02-15 00:00:00,2010-02-20 00:00:00,2331,32839,1,535.4475,GBP
2010-02-15 00:00:00,2010-02-20 00:00:00,2331,33556,1,535.4475,GBP
2010-02-15 00:00:00,2010-02-20 00:00:00,2331,36301,1,535.4475,USD
2010-02-15 00:00:00,2010-02-20 00:00:00,2331,38141,1,535.4475,GBP
2010-02-15 00:00:00,2010-02-20 00:00:00,2331,39194,1,535.4475,GBP
2010-02-15 00:00:00,2010-02-20 00:00:00,2331,39507,1,535.4475,GBP
2010-02-15 00:00:00,2010-02-20 00:00:00,2331,40511,1,535.4475,GBP
2010-02-15 00:00:00,2010-02-20 00:00:00,2331,52328,1,535.4475,GBP
2010-02-15 00:00:00,2010-02-20 00:00:00,2331,53572,1,535.4475,USD
2010-02-15 00:00:00,2010-02-20 00:00:00,2331,63122,1,535.4475,USD
2010-02-15 00:00:00,2010-02-20 00:00:00,2331,64068,1,535.4475,USD
2010-02-15 00:00:00,2010-02-20 00:00:00,2331,70586,1,535.4475,USD
2010-02-15 00:00:00,2010-02-20 00:00:00,2331,75007,1,535.4475,USD
2010-02-15 00:00:00,2010-02-20 00:00:00,2331,75040,1,535.4475,GBP
2010-02-15 00:00:00,2010-02-20 00:00:00,2331,77493,1,535.4475,USD
2010-02-15 00:00:00,2010-02-20 00:00:00,2331,77706,1,535.4475,GBP
2010-02-15 00:00:00,2010-02-20 00:00:00,2331,85252,1,535.4475,USD
2010-02-15 00:00:00,2010-02-20 00:00:00,2331,85284,1,535.4475,GBP
2010-02-15 00:00:00,2010-02-20 00:00:00,2331,90008,1,535.4475,GBP
2010-02-15 00:00:00,2010-02-20 00:00:00,2331,90036,1,535.4475,GBP
2010-02-15 00:00:00,2010-02-20 00:00:00,2331,90042,1,535.4475,GBP
2010-02-15 00:00:00,2010-02-20 00:00:00,2331,90265,1,535.4475,USD
2010-02-15 00:00:00,2010-02-20 00:00:00,2331,91344,1,535.4475,GBP
2010-02-15 00:00:00,2010-02-20 00:00:00,2331,92084,1,535.4475,USD
2010-02-15 00:00:00,2010-02-20 00:00:00,2331,92508,1,535.4475,USD
2010-02-15 00:00:00,2010-02-20 00:00:00,2331,92705,1,535.4475,USD
2010-02-15 00:00:00,2010-02-20 00:00:00,2331,93720,1,535.4475,USD
2010-02-15 00:00:00,2010-02-20 00:00:00,2331,94065,1,535.4475,USD
2010-02-15 00:00:00,2010-02-20 00:00:00,2331,94124,1,535.4475,USD
2010-02-15 00:00:00,2010-02-20 00:00:00,2331,94501,1,535.4475,USD
2010-02-15 00:00:00,2010-02-20 00:00:00,2351,07112,1,314.9475,USD
2010-02-15 00:00:00,2010-02-20 00:00:00,2351,32504,1,314.9475,USD
2010-02-15 00:00:00,2010-02-20 00:00:00,2351,34744,1,314.9475,GBP
2010-02-15 00:00:00,2010-02-20 00:00:00,2351,67218,1,341.1975,GBP
2010-02-15 00:00:00,2010-02-20 00:00:00,2351,91932,1,314.9475,USD
2010-02-15 00:00:00,2010-02-20 00:00:00,2351,93309,1,314.9475,USD
2010-02-15 00:00:00,2010-02-20 00:00:00,2352,01550,2,734.895,GBP
2010-02-15 00:00:00,2010-02-20 00:00:00,2352,20866,1,367.4475,GBP
2010-02-15 00:00:00,2010-02-20 00:00:00,2352,29172,1,367.4475,USD
2010-02-15 00:00:00,2010-02-20 00:00:00,2352,32217,1,367.4475,USD
2010-02-15 00:00:00,2010-02-20 00:00:00,2352,37402,1,388.4475,GBP
2010-02-15 00:00:00,2010-02-20 00:00:00,2352,40353,1,367.4475,GBP
2010-02-15 00:00:00,2010-02-20 00:00:00,2352,40509,1,388.4475,GBP
2010-02-15 00:00:00,2010-02-20 00:00:00,2352,77802,1,367.4475,USD
2010-02-15 00:00:00,2010-02-20 00:00:00,2352,85044,1,388.4475,GBP
2010-02-15 00:00:00,2010-02-20 00:00:00,2352,92110,1,367.4475,USD
2010-02-15 00:00:00,2010-02-20 00:00:00,2352,92841,1,367.4475,GBP
2010-02-15 00:00:00,2010-02-20 00:00:00,2352,92845,1,367.4475,GBP
2010-02-15 00:00:00,2010-02-20 00:00:00,2352,93010,1,367.4475,GBP
2010-02-15 00:00:00,2010-02-20 00:00:00,2352,93422,1,388.4475,GBP
2010-02-15 00:00:00,2010-02-20 00:00:00,2352,95020,1,367.4475,USD
2010-02-15 00:00:00,2010-02-20 00:00:00,2357,32708,1,272.9475,GBP
2010-02-15 00:00:00,2010-02-20 00:00:00,2357,91342,1,278.1975,GBP
2010-02-15 00:00:00,2010-02-20 00:00:00,2357,93513,1,236.1975,GBP
2010-02-15 00:00:00,2010-02-20 00:00:00,2362,21701,1,732.3225,GBP
2010-02-15 00:00:00,2010-02-20 00:00:00,2362,33042,1,732.3225,GBP
2010-02-15 00:00:00,2010-02-20 00:00:00,2362,77072,1,751.8,GBP
2010-02-15 00:00:00,2010-02-20 00:00:00,2362,87105,1,818.9475,USD
2010-02-15 00:00:00,2010-02-20 00:00:00,2364,89451,1,335.9475,GBP
2010-02-15 00:00:00,2010-02-20 00:00:00,2364,93940,1,335.9475,GBP
2010-02-15 00:00:00,2010-02-20 00:00:00,2370,85213,1,708.6975,USD
2010-02-15 00:00:00,2010-02-20 00:00:00,2370,92336,1,721.8225,GBP
2010-02-15 00:00:00,2010-02-20 00:00:00,2371,71115,1,551.1975,USD
2010-02-15 00:00:00,2010-02-20 00:00:00,2371,74940,1,551.1975,GBP
2010-02-15 00:00:00,2010-02-20 00:00:00,2371,97123,1,551.1975,GBP
2010-02-15 00:00:00,2010-02-20 00:00:00,2372,32466,1,398.9475,GBP
2010-02-15 00:00:00,2010-02-20 00:00:00,2372,47567,1,398.9475,GBP
2010-02-15 00:00:00,2010-02-20 00:00:00,2372,70607,1,398.9475,GBP
2010-02-15 00:00:00,2010-02-20 00:00:00,2372,74873,1,398.9475,GBP
2010-02-15 00:00:00,2010-02-20 00:00:00,2372,92555,1,398.9475,GBP
2010-02-15 00:00:00,2010-02-20 00:00:00,2373,08070,1,551.1975,GBP
2010-02-15 00:00:00,2010-02-20 00:00:00,2373,21154,1,551.1975,GBP
2010-02-15 00:00:00,2010-02-20 00:00:00,2373,26501,1,551.1975,GBP
2010-02-15 00:00:00,2010-02-20 00:00:00,2373,33065,1,551.1975,USD
2010-02-15 00:00:00,2010-02-20 00:00:00,2373,36303,1,551.1975,GBP
2010-02-15 00:00:00,2010-02-20 00:00:00,2373,39360,1,551.1975,GBP
2010-02-15 00:00:00,2010-02-20 00:00:00,2373,40228,1,551.1975,GBP
2010-02-15 00:00:00,2010-02-20 00:00:00,2373,53403,1,551.1975,GBP
2010-02-15 00:00:00,2010-02-20 00:00:00,2373,55442,1,551.1975,USD
2010-02-15 00:00:00,2010-02-20 00:00:00,2373,59911,1,551.1975,USD
2010-02-15 00:00:00,2010-02-20 00:00:00,2373,70714,1,551.1975,USD
2010-02-15 00:00:00,2010-02-20 00:00:00,2373,71770,1,551.1975,GBP
2010-02-15 00:00:00,2010-02-20 00:00:00,2373,74403,1,551.1975,GBP
2010-02-15 00:00:00,2010-02-20 00:00:00,2373,75092,1,551.1975,GBP
2010-02-15 00:00:00,2010-02-20 00:00:00,2373,77584,1,551.1975,GBP
2010-02-15 00:00:00,2010-02-20 00:00:00,2373,77833,1,551.1975,USD
2010-02-15 00:00:00,2010-02-20 00:00:00,2373,79109,1,551.1975,USD
2010-02-15 00:00:00,2010-02-20 00:00:00,2373,85204,1,551.1975,GBP
2010-02-15 00:00:00,2010-02-20 00:00:00,2373,92234,1,551.1975,GBP
2010-02-15 00:00:00,2010-02-20 00:00:00,2373,92629,1,551.1975,USD
2010-02-15 00:00:00,2010-02-20 00:00:00,2373,92802,1,551.1975,GBP
2010-02-15 00:00:00,2010-02-20 00:00:00,2373,93454,1,551.1975,USD
2010-02-15 00:00:00,2010-02-20 00:00:00,2374,32738,1,629.9475,USD
2010-02-15 00:00:00,2010-02-20 00:00:00,2374,32812,1,629.9475,USD
2010-02-15 00:00:00,2010-02-20 00:00:00,2374,33647,1,629.9475,USD
2010-02-15 00:00:00,2010-02-20 00:00:00,2374,72802,1,629.9475,GBP
2010-02-15 00:00:00,2010-02-20 00:00:00,2374,75115,1,629.9475,USD
2010-02-15 00:00:00,2010-02-20 00:00:00,2374,75501,1,629.9475,USD
2010-02-15 00:00:00,2010-02-20 00:00:00,2374,77050,1,629.9475,GBP
2010-02-15 00:00:00,2010-02-20 00:00:00,2379,33144,1,173.1975,GBP
2010-02-15 00:00:00,2010-02-20 00:00:00,2379,40217,1,692.79,GBP
2010-02-15 00:00:00,2010-02-20 00:00:00,2379,40217,1,865.9875,USD
2010-02-15 00:00:00,2010-02-20 00:00:00,2379,46222,1,173.1975,USD
2010-02-15 00:00:00,2010-02-20 00:00:00,2379,76137,1,173.1975,USD
2010-02-15 00:00:00,2010-02-20 00:00:00,2380,08110,1,309.6975,GBP
2010-02-15 00:00:00,2010-02-20 00:00:00,2380,33125,1,309.6975,USD
2010-02-15 00:00:00,2010-02-20 00:00:00,2380,51501,1,309.6975,GBP
2010-02-15 00:00:00,2010-02-20 00:00:00,2380,73030,1,309.6975,USD
2010-02-15 00:00:00,2010-02-20 00:00:00,2388,08562,1,309.6975,USD
2010-02-15 00:00:00,2010-02-20 00:00:00,2388,21061,1,309.6975,GBP
2010-02-15 00:00:00,2010-02-20 00:00:00,2388,29204,1,309.6975,USD
2010-02-15 00:00:00,2010-02-20 00:00:00,2388,29209,1,309.6975,USD
2010-02-15 00:00:00,2010-02-20 00:00:00,2388,29906,1,309.6975,USD
2010-02-15 00:00:00,2010-02-20 00:00:00,2388,32250,1,309.6975,USD
2010-02-15 00:00:00,2010-02-20 00:00:00,2388,32765,1,309.6975,USD
2010-02-15 00:00:00,2010-02-20 00:00:00,2388,33037,2,619.395,GBP
2010-02-15 00:00:00,2010-02-20 00:00:00,2388,33433,2,619.395,GBP
2010-02-15 00:00:00,2010-02-20 00:00:00,2388,33610,2,619.395,USD
2010-02-15 00:00:00,2010-02-20 00:00:00,2388,35243,1,309.6975,USD
2010-02-15 00:00:00,2010-02-20 00:00:00,2388,35810,1,309.6975,USD
2010-02-15 00:00:00,2010-02-20 00:00:00,2388,35904,1,309.6975,USD
2010-02-15 00:00:00,2010-02-20 00:00:00,2388,36203,1,309.6975,USD
2010-02-15 00:00:00,2010-02-20 00:00:00,2388,40212,1,619.395,GBP
2010-02-15 00:00:00,2010-02-20 00:00:00,2388,40212,1,619.395,USD
2010-02-15 00:00:00,2010-02-20 00:00:00,2388,41169,1,3096.9750000000004,GBP
2010-02-15 00:00:00,2010-02-20 00:00:00,2388,41169,1,2787.2775,USD
2010-02-15 00:00:00,2010-02-20 00:00:00,2388,47006,1,309.6975,USD
2010-02-15 00:00:00,2010-02-20 00:00:00,2388,47805,1,2787.2775,GBP
2010-02-15 00:00:00,2010-02-20 00:00:00,2388,47805,1,1858.185,USD
2010-02-15 00:00:00,2010-02-20 00:00:00,2388,56156,1,309.6975,USD
2010-02-15 00:00:00,2010-02-20 00:00:00,2388,70003,2,619.395,USD
2010-02-15 00:00:00,2010-02-20 00:00:00,2388,70576,1,309.6975,GBP
2010-02-15 00:00:00,2010-02-20 00:00:00,2388,70785,1,309.6975,GBP
2010-02-15 00:00:00,2010-02-20 00:00:00,2388,73013,1,309.6975,GBP
2010-02-15 00:00:00,2010-02-20 00:00:00,2388,75067,1,309.6975,USD
2010-02-15 00:00:00,2010-02-20 00:00:00,2388,77356,2,619.395,GBP
2010-02-15 00:00:00,2010-02-20 00:00:00,2388,85210,1,309.6975,USD
2010-02-15 00:00:00,2010-02-20 00:00:00,2388,85730,1,309.6975,USD
2010-02-15 00:00:00,2010-02-20 00:00:00,2388,86426,1,309.6975,USD
2010-02-15 00:00:00,2010-02-20 00:00:00,2388,88310,1,309.6975,GBP
2010-02-15 00:00:00,2010-02-20 00:00:00,2388,90603,1,309.6975,GBP
2010-02-15 00:00:00,2010-02-20 00:00:00,2388,91737,1,309.6975,USD
2010-02-15 00:00:00,2010-02-20 00:00:00,2388,92025,1,309.6975,USD
2010-02-15 00:00:00,2010-02-20 00:00:00,2388,92345,1,309.6975,USD
2010-02-15 00:00:00,2010-02-20 00:00:00,2388,93727,1,309.6975,USD
2010-02-15 00:00:00,2010-02-20 00:00:00,2388,97501,1,309.6975,USD
2010-02-15 00:00:00,2010-02-20 00:00:00,2401,32541,1,157.4475,GBP
2010-02-15 00:00:00,2010-02-20 00:00:00,2401,33186,1,162.6975,GBP
2010-02-15 00:00:00,2010-02-20 00:00:00,2401,71913,1,162.6975,GBP
2010-02-15 00:00:00,2010-02-20 00:00:00,2406,33024,1,89.1975,USD
2010-02-15 00:00:00,2010-02-20 00:00:00,2406,33486,1,89.1975,USD
2010-02-15 00:00:00,2010-02-20 00:00:00,2406,38018,1,89.1975,USD
2010-02-15 00:00:00,2010-02-20 00:00:00,2406,50211,1,89.1975,USD
2010-02-15 00:00:00,2010-02-20 00:00:00,2407,29020,2,146.895,GBP
2010-02-15 00:00:00,2010-02-20 00:00:00,2407,29325,1,73.4475,USD
2010-02-15 00:00:00,2010-02-20 00:00:00,2407,36609,1,73.4475,GBP
2010-02-15 00:00:00,2010-02-20 00:00:00,2407,46750,1,73.4475,USD
2010-02-15 00:00:00,2010-02-20 00:00:00,2407,46804,2,146.895,GBP
2010-02-15 00:00:00,2010-02-20 00:00:00,2407,46992,1,73.4475,GBP
2010-02-15 00:00:00,2010-02-20 00:00:00,2407,70764,2,146.895,GBP
2010-02-15 00:00:00,2010-02-20 00:00:00,2407,73008,1,73.4475,GBP
2010-02-15 00:00:00,2010-02-20 00:00:00,2407,78539,1,73.4475,USD
2010-02-15 00:00:00,2010-02-20 00:00:00,2407,87740,1,73.4475,GBP
2010-02-15 00:00:00,2010-02-20 00:00:00,2407,92102,1,73.4475,GBP
2010-02-15 00:00:00,2010-02-20 00:00:00,2410,29861,1,99.6975,GBP
2010-02-15 00:00:00,2010-02-20 00:00:00,2410,32327,1,99.6975,GBP
2010-02-15 00:00:00,2010-02-20 00:00:00,2410,33411,1,99.6975,USD
2010-02-15 00:00:00,2010-02-20 00:00:00,2410,33415,1,99.6975,GBP
2010-02-15 00:00:00,2010-02-20 00:00:00,2410,34429,1,99.6975,USD
2010-02-15 00:00:00,2010-02-20 00:00:00,2410,34476,2,199.395,USD
2010-02-15 00:00:00,2010-02-20 00:00:00,2410,42450,1,99.6975,GBP
2010-02-15 00:00:00,2010-02-20 00:00:00,2410,55092,1,99.6975,USD
2010-02-15 00:00:00,2010-02-20 00:00:00,2410,85233,1,99.6975,USD
2010-02-15 00:00:00,2010-02-20 00:00:00,2410,89030,1,99.6975,GBP
2010-02-15 00:00:00,2010-02-20 00:00:00,2410,92102,1,99.6975,USD
2010-02-15 00:00:00,2010-02-20 00:00:00,2410,94804,1,99.6975,USD
2010-02-15 00:00:00,2010-02-20 00:00:00,2410,97219,1,99.6975,USD
2010-02-15 00:00:00,2010-02-21 00:00:00,25,33133,1,792.75,USD
2010-02-15 00:00:00,2010-02-21 00:00:00,25,33404,1,792.75,USD
2010-02-15 00:00:00,2010-02-21 00:00:00,25,90035,1,792.75,GBP
2010-02-15 00:00:00,2010-02-21 00:00:00,25,93103,1,792.75,GBP
2010-02-15 00:00:00,2010-02-21 00:00:00,25,97302,1,792.75,USD
2010-02-15 00:00:00,2010-02-21 00:00:00,32,90068,1,711.375,GBP
2010-02-15 00:00:00,2010-02-21 00:00:00,33,75088,1,734.475,USD
2010-02-15 00:00:00,2010-02-21 00:00:00,36,78737,1,414.75,GBP
2010-02-15 00:00:00,2010-02-21 00:00:00,36,92008,2,829.5,GBP
2010-02-15 00:00:00,2010-02-21 00:00:00,36,95624,1,414.75,USD
2010-02-15 00:00:00,2010-02-21 00:00:00,36,97217,1,414.75,USD
2010-02-15 00:00:00,2010-02-21 00:00:00,94,06897,2,1705.725,GBP
2010-02-15 00:00:00,2010-02-21 00:00:00,94,29577,1,866.25,GBP
2010-02-15 00:00:00,2010-02-21 00:00:00,94,29607,1,866.25,GBP
2010-02-15 00:00:00,2010-02-21 00:00:00,94,32114,3,2598.75,GBP
2010-02-15 00:00:00,2010-02-21 00:00:00,94,37922,1,866.25,GBP
2010-02-15 00:00:00,2010-02-21 00:00:00,94,38134,1,866.25,GBP
2010-02-15 00:00:00,2010-02-21 00:00:00,94,85716,1,866.25,USD
2010-02-15 00:00:00,2010-02-21 00:00:00,94,92564,1,866.25,GBP
2010-02-15 00:00:00,2010-02-21 00:00:00,120,21029,1,829.5,GBP
2010-02-15 00:00:00,2010-02-21 00:00:00,120,21029,1,829.5,USD
2010-02-15 00:00:00,2010-02-21 00:00:00,120,37803,1,829.5,GBP
2010-02-15 00:00:00,2010-02-21 00:00:00,120,37918,1,829.5,USD
2010-02-15 00:00:00,2010-02-21 00:00:00,120,46278,1,829.5,USD
2010-02-15 00:00:00,2010-02-21 00:00:00,120,84790,1,829.5,USD
2010-02-15 00:00:00,2010-02-21 00:00:00,120,95828,1,829.5,GBP
2010-02-15 00:00:00,2010-02-21 00:00:00,139,21037,1,1092,GBP
2010-02-15 00:00:00,2010-02-21 00:00:00,139,21037,1,546,USD
2010-02-15 00:00:00,2010-02-21 00:00:00,157,95662,1,619.5,USD
2010-02-15 00:00:00,2010-02-21 00:00:00,184,92109,1,729.75,GBP
2010-02-15 00:00:00,2010-02-21 00:00:00,187,20886,1,819,GBP
2010-02-15 00:00:00,2010-02-21 00:00:00,187,53089,1,819,GBP
2010-02-15 00:00:00,2010-02-21 00:00:00,187,78751,1,819,GBP
2010-02-15 00:00:00,2010-02-21 00:00:00,187,88201,1,819,GBP
2010-02-15 00:00:00,2010-02-21 00:00:00,187,91977,1,819,GBP
2010-02-15 00:00:00,2010-02-21 00:00:00,195,33326,1,750.225,GBP
2010-02-15 00:00:00,2010-02-21 00:00:00,195,46227,1,750.225,USD
2010-02-15 00:00:00,2010-02-21 00:00:00,195,46240,1,750.225,GBP
2010-02-15 00:00:00,2010-02-21 00:00:00,195,46902,1,750.225,USD
2010-02-15 00:00:00,2010-02-21 00:00:00,195,53092,1,750.225,GBP
2010-02-15 00:00:00,2010-02-21 00:00:00,195,74120,1,750.225,USD
2010-02-15 00:00:00,2010-02-21 00:00:00,195,75067,1,750.225,USD
2010-02-15 00:00:00,2010-02-21 00:00:00,195,95065,1,750.225,USD
2010-02-15 00:00:00,2010-02-21 00:00:00,195,97218,1,750.225,USD
2010-02-15 00:00:00,2010-02-21 00:00:00,226,20772,1,760.9875,USD
2010-02-15 00:00:00,2010-02-21 00:00:00,226,92840,1,760.9875,USD
2010-02-15 00:00:00,2010-02-21 00:00:00,226,97404,1,760.9875,USD
2010-02-15 00:00:00,2010-02-21 00:00:00,234,07002,1,403.9875,GBP
2010-02-15 00:00:00,2010-02-21 00:00:00,234,87544,1,403.9875,USD
2010-02-15 00:00:00,2010-02-21 00:00:00,247,85345,1,367.2375,GBP
2010-02-15 00:00:00,2010-02-21 00:00:00,248,32720,1,561.4875,USD
2010-02-15 00:00:00,2010-02-21 00:00:00,248,94080,1,561.4875,USD
2010-02-15 00:00:00,2010-02-21 00:00:00,248,94553,2,1049.475,GBP
2010-02-15 00:00:00,2010-02-21 00:00:00,297,93460,1,708.4875,GBP
2010-02-15 00:00:00,2010-02-21 00:00:00,297,95076,1,708.4875,USD
2010-02-15 00:00:00,2010-02-21 00:00:00,318,34741,1,865.9875,GBP
2010-02-15 00:00:00,2010-02-21 00:00:00,318,64016,1,865.9875,GBP
2010-02-15 00:00:00,2010-02-21 00:00:00,318,97355,1,865.9875,USD
2010-02-15 00:00:00,2010-02-21 00:00:00,326,02071,1,708.4875,USD
2010-02-15 00:00:00,2010-02-21 00:00:00,330,53562,1,577.2375,GBP
2010-02-15 00:00:00,2010-02-21 00:00:00,330,64113,1,577.2375,USD
2010-02-15 00:00:00,2010-02-21 00:00:00,330,67501,1,577.2375,GBP
2010-02-15 00:00:00,2010-02-21 00:00:00,330,85014,1,577.2375,USD
2010-02-15 00:00:00,2010-02-21 00:00:00,330,94123,1,577.2375,USD
2010-02-15 00:00:00,2010-02-21 00:00:00,330,95376,1,577.2375,USD
2010-02-15 00:00:00,2010-02-21 00:00:00,330,95973,1,577.2375,USD
2010-02-15 00:00:00,2010-02-21 00:00:00,355,06820,1,435.4875,USD
2010-02-15 00:00:00,2010-02-21 00:00:00,355,94577,1,435.4875,GBP
2010-02-15 00:00:00,2010-02-21 00:00:00,396,02359,1,857.0625,GBP
2010-02-15 00:00:00,2010-02-21 00:00:00,396,02379,1,857.0625,GBP
2010-02-15 00:00:00,2010-02-21 00:00:00,396,06057,1,857.0625,GBP
2010-02-15 00:00:00,2010-02-21 00:00:00,396,06226,1,857.0625,GBP
2010-02-15 00:00:00,2010-02-21 00:00:00,396,06489,1,857.0625,GBP
2010-02-15 00:00:00,2010-02-21 00:00:00,396,06605,1,857.0625,USD
2010-02-15 00:00:00,2010-02-21 00:00:00,396,07747,2,1714.125,USD
2010-02-15 00:00:00,2010-02-21 00:00:00,396,07821,1,857.0625,USD
2010-02-15 00:00:00,2010-02-21 00:00:00,396,08318,1,857.0625,USD
2010-02-15 00:00:00,2010-02-21 00:00:00,396,08401,1,857.0625,GBP
2010-02-15 00:00:00,2010-02-21 00:00:00,396,08753,1,857.0625,GBP
2010-02-15 00:00:00,2010-02-21 00:00:00,396,08822,1,857.0625,USD
2010-02-15 00:00:00,2010-02-21 00:00:00,396,20613,1,857.0625,GBP
2010-02-15 00:00:00,2010-02-21 00:00:00,396,20854,1,857.0625,USD
2010-02-15 00:00:00,2010-02-21 00:00:00,396,21009,1,857.0625,USD
2010-02-15 00:00:00,2010-02-21 00:00:00,396,21030,1,857.0625,USD
2010-02-15 00:00:00,2010-02-21 00:00:00,396,21075,1,857.0625,GBP
2010-02-15 00:00:00,2010-02-21 00:00:00,396,21666,1,857.0625,GBP
2010-02-15 00:00:00,2010-02-21 00:00:00,396,29579,2,1714.125,USD
2010-02-15 00:00:00,2010-02-21 00:00:00,396,29926,1,857.0625,GBP
2010-02-15 00:00:00,2010-02-21 00:00:00,396,32139,1,857.0625,GBP
2010-02-15 00:00:00,2010-02-21 00:00:00,396,32713,1,857.0625,USD
2010-02-15 00:00:00,2010-02-21 00:00:00,396,32726,1,857.0625,GBP
2010-02-15 00:00:00,2010-02-21 00:00:00,396,32819,2,1714.125,GBP
2010-02-15 00:00:00,2010-02-21 00:00:00,396,33157,1,857.0625,USD
2010-02-15 00:00:00,2010-02-21 00:00:00,396,33304,1,857.0625,GBP
2010-02-15 00:00:00,2010-02-21 00:00:00,396,33901,1,857.0625,USD
2010-02-15 00:00:00,2010-02-21 00:00:00,396,33919,1,857.0625,USD
2010-02-15 00:00:00,2010-02-21 00:00:00,396,33955,1,857.0625,GBP
2010-02-15 00:00:00,2010-02-21 00:00:00,396,34654,1,857.0625,GBP
2010-02-15 00:00:00,2010-02-21 00:00:00,396,35124,1,857.0625,USD
2010-02-15 00:00:00,2010-02-21 00:00:00,396,35226,1,857.0625,GBP
2010-02-15 00:00:00,2010-02-21 00:00:00,396,36544,1,857.0625,GBP
2010-02-15 00:00:00,2010-02-21 00:00:00,396,37043,1,857.0625,USD
2010-02-15 00:00:00,2010-02-21 00:00:00,396,38655,1,857.0625,GBP
2010-02-15 00:00:00,2010-02-21 00:00:00,396,39301,1,857.0625,GBP
2010-02-15 00:00:00,2010-02-21 00:00:00,396,42420,1,857.0625,USD
2010-02-15 00:00:00,2010-02-21 00:00:00,396,46033,1,857.0625,USD
2010-02-15 00:00:00,2010-02-21 00:00:00,396,46825,1,857.0625,USD
2010-02-15 00:00:00,2010-02-21 00:00:00,396,53105,1,857.0625,USD
2010-02-15 00:00:00,2010-02-21 00:00:00,396,53110,1,857.0625,USD
2010-02-15 00:00:00,2010-02-21 00:00:00,396,53121,1,857.0625,GBP
2010-02-15 00:00:00,2010-02-21 00:00:00,396,53121,1,857.0625,USD
2010-02-15 00:00:00,2010-02-21 00:00:00,396,53151,3,2571.1875,GBP
2010-02-15 00:00:00,2010-02-21 00:00:00,396,53225,2,8570.625,GBP
2010-02-15 00:00:00,2010-02-21 00:00:00,396,53225,2,8570.625,USD
2010-02-15 00:00:00,2010-02-21 00:00:00,396,53545,1,857.0625,GBP
2010-02-15 00:00:00,2010-02-21 00:00:00,396,54241,1,857.0625,USD
2010-02-15 00:00:00,2010-02-21 00:00:00,396,54455,1,857.0625,GBP
2010-02-15 00:00:00,2010-02-21 00:00:00,396,54467,1,857.0625,GBP
2010-02-15 00:00:00,2010-02-21 00:00:00,396,54568,1,857.0625,USD
2010-02-15 00:00:00,2010-02-21 00:00:00,396,54669,1,857.0625,USD
2010-02-15 00:00:00,2010-02-21 00:00:00,396,55378,1,857.0625,USD
2010-02-15 00:00:00,2010-02-21 00:00:00,396,57104,1,857.0625,GBP
2010-02-15 00:00:00,2010-02-21 00:00:00,396,57703,1,857.0625,GBP
2010-02-15 00:00:00,2010-02-21 00:00:00,396,58554,2,1714.125,USD
2010-02-15 00:00:00,2010-02-21 00:00:00,396,63301,1,857.0625,GBP
2010-02-15 00:00:00,2010-02-21 00:00:00,396,65616,1,857.0625,GBP
2010-02-15 00:00:00,2010-02-21 00:00:00,396,67005,2,1714.125,USD
2010-02-15 00:00:00,2010-02-21 00:00:00,396,68164,1,857.0625,GBP
2010-02-15 00:00:00,2010-02-21 00:00:00,396,68409,1,857.0625,USD
2010-02-15 00:00:00,2010-02-21 00:00:00,396,70611,1,857.0625,USD
2010-02-15 00:00:00,2010-02-21 00:00:00,396,71107,2,1714.125,USD
2010-02-15 00:00:00,2010-02-21 00:00:00,396,71270,1,857.0625,GBP
2010-02-15 00:00:00,2010-02-21 00:00:00,396,72404,1,857.0625,GBP
2010-02-15 00:00:00,2010-02-21 00:00:00,396,75006,2,1714.125,USD
2010-02-15 00:00:00,2010-02-21 00:00:00,396,75077,1,857.0625,GBP
2010-02-15 00:00:00,2010-02-21 00:00:00,396,76087,1,857.0625,USD
2010-02-15 00:00:00,2010-02-21 00:00:00,396,76901,1,857.0625,GBP
2010-02-15 00:00:00,2010-02-21 00:00:00,396,77041,1,857.0625,USD
2010-02-15 00:00:00,2010-02-21 00:00:00,396,77301,1,857.0625,USD
2010-02-15 00:00:00,2010-02-21 00:00:00,396,78029,1,857.0625,USD
2010-02-15 00:00:00,2010-02-21 00:00:00,396,79109,1,857.0625,USD
2010-02-15 00:00:00,2010-02-21 00:00:00,396,79512,1,857.0625,USD
2010-02-15 00:00:00,2010-02-21 00:00:00,396,83711,1,857.0625,USD
2010-02-15 00:00:00,2010-02-21 00:00:00,396,84041,1,857.0625,GBP
2010-02-15 00:00:00,2010-02-21 00:00:00,396,85250,1,857.0625,GBP
2010-02-15 00:00:00,2010-02-21 00:00:00,396,85259,1,857.0625,USD
2010-02-15 00:00:00,2010-02-21 00:00:00,396,85749,2,1714.125,GBP
2010-02-15 00:00:00,2010-02-21 00:00:00,396,87113,1,857.0625,GBP
2010-02-15 00:00:00,2010-02-21 00:00:00,396,89015,1,857.0625,USD
2010-02-15 00:00:00,2010-02-21 00:00:00,396,91303,1,857.0625,USD
2010-02-15 00:00:00,2010-02-21 00:00:00,396,91739,1,857.0625,GBP
2010-02-15 00:00:00,2010-02-21 00:00:00,396,92040,2,1714.125,USD
2010-02-15 00:00:00,2010-02-21 00:00:00,396,92592,1,857.0625,GBP
2010-02-15 00:00:00,2010-02-21 00:00:00,396,93003,1,857.0625,GBP
2010-02-15 00:00:00,2010-02-21 00:00:00,396,93101,1,857.0625,USD
2010-02-15 00:00:00,2010-02-21 00:00:00,396,93108,1,857.0625,GBP
2010-02-15 00:00:00,2010-02-21 00:00:00,396,93420,1,857.0625,USD
2010-02-15 00:00:00,2010-02-21 00:00:00,396,94102,1,857.0625,GBP
2010-02-15 00:00:00,2010-02-21 00:00:00,396,95356,1,857.0625,USD
2010-02-15 00:00:00,2010-02-21 00:00:00,396,95677,2,1714.125,USD
2010-02-15 00:00:00,2010-02-21 00:00:00,396,97101,1,857.0625,GBP
2010-02-15 00:00:00,2010-02-21 00:00:00,396,97437,1,857.0625,USD
2010-02-15 00:00:00,2010-02-21 00:00:00,396,97470,2,1714.125,USD
2010-02-15 00:00:00,2010-02-21 00:00:00,396,99577,2,1714.125,GBP
2010-02-15 00:00:00,2010-02-21 00:00:00,400,02816,1,683.8125,USD
2010-02-15 00:00:00,2010-02-21 00:00:00,400,07070,1,683.8125,USD
2010-02-15 00:00:00,2010-02-21 00:00:00,400,07095,1,683.8125,GBP
2010-02-15 00:00:00,2010-02-21 00:00:00,400,21701,1,683.8125,GBP
2010-02-15 00:00:00,2010-02-21 00:00:00,400,32130,1,3419.0625,USD
2010-02-15 00:00:00,2010-02-21 00:00:00,400,37209,1,683.8125,USD
2010-02-15 00:00:00,2010-02-21 00:00:00,400,46563,1,683.8125,GBP
2010-02-15 00:00:00,2010-02-21 00:00:00,400,47432,1,683.8125,GBP
2010-02-15 00:00:00,2010-02-21 00:00:00,400,51106,1,683.8125,GBP
2010-02-15 00:00:00,2010-02-21 00:00:00,400,53121,1,683.8125,USD
2010-02-15 00:00:00,2010-02-21 00:00:00,400,54914,2,1367.625,GBP
2010-02-15 00:00:00,2010-02-21 00:00:00,400,54915,1,683.8125,GBP
2010-02-15 00:00:00,2010-02-21 00:00:00,400,65705,1,683.8125,GBP
2010-02-15 00:00:00,2010-02-21 00:00:00,400,79423,1,683.8125,USD
2010-02-15 00:00:00,2010-02-21 00:00:00,400,90716,1,697.725,USD
2010-02-15 00:00:00,2010-02-21 00:00:00,400,91710,1,697.725,GBP
2010-02-15 00:00:00,2010-02-21 00:00:00,400,93454,1,697.725,GBP
2010-02-15 00:00:00,2010-02-21 00:00:00,415,02879,1,482.7375,GBP
2010-02-15 00:00:00,2010-02-21 00:00:00,415,06770,1,495.8625,GBP
2010-02-15 00:00:00,2010-02-21 00:00:00,415,54104,1,482.7375,GBP
2010-02-15 00:00:00,2010-02-21 00:00:00,415,64034,1,482.7375,GBP
2010-02-15 00:00:00,2010-02-21 00:00:00,415,77015,1,495.8625,GBP
2010-02-15 00:00:00,2010-02-21 00:00:00,415,77087,1,495.8625,GBP
2010-02-15 00:00:00,2010-02-21 00:00:00,426,53012,1,795.1125,GBP
2010-02-15 00:00:00,2010-02-21 00:00:00,426,89131,1,795.1125,GBP
2010-02-15 00:00:00,2010-02-21 00:00:00,433,01746,1,804.3,GBP
2010-02-15 00:00:00,2010-02-21 00:00:00,433,21037,1,804.3,GBP
2010-02-15 00:00:00,2010-02-21 00:00:00,433,21037,1,1608.6,USD
2010-02-15 00:00:00,2010-02-21 00:00:00,433,46804,1,804.3,GBP
2010-02-15 00:00:00,2010-02-21 00:00:00,433,53051,1,804.3,GBP
2010-02-15 00:00:00,2010-02-21 00:00:00,433,53225,1,804.3,GBP
2010-02-15 00:00:00,2010-02-21 00:00:00,433,53225,1,4021.5,USD
2010-02-15 00:00:00,2010-02-21 00:00:00,433,56282,1,804.3,USD
2010-02-15 00:00:00,2010-02-21 00:00:00,433,77479,1,804.3,USD
2010-02-15 00:00:00,2010-02-21 00:00:00,433,83709,1,804.3,USD
2010-02-15 00:00:00,2010-02-21 00:00:00,443,02368,1,790.9125,USD
2010-02-15 00:00:00,2010-02-21 00:00:00,443,07656,1,790.9125,USD
2010-02-15 00:00:00,2010-02-21 00:00:00,443,07746,1,790.9125,GBP
2010-02-15 00:00:00,2010-02-21 00:00:00,443,08402,1,790.9125,USD
2010-02-15 00:00:00,2010-02-21 00:00:00,443,32137,1,790.9125,USD
2010-02-15 00:00:00,2010-02-21 00:00:00,443,32608,1,790.9125,GBP
2010-02-15 00:00:00,2010-02-21 00:00:00,443,32909,1,790.9125,USD
2010-02-15 00:00:00,2010-02-21 00:00:00,443,33020,1,790.9125,USD
2010-02-15 00:00:00,2010-02-21 00:00:00,443,33549,1,790.9125,USD
2010-02-15 00:00:00,2010-02-21 00:00:00,443,33767,1,790.9125,GBP
2010-02-15 00:00:00,2010-02-21 00:00:00,443,33873,1,790.9125,GBP
2010-02-15 00:00:00,2010-02-21 00:00:00,443,33919,1,790.9125,GBP
2010-02-15 00:00:00,2010-02-21 00:00:00,443,35226,1,790.9125,USD
2010-02-15 00:00:00,2010-02-21 00:00:00,443,36619,1,790.9125,GBP
2010-02-15 00:00:00,2010-02-21 00:00:00,443,38242,1,790.9125,GBP
2010-02-15 00:00:00,2010-02-21 00:00:00,443,38506,1,790.9125,GBP
2010-02-15 00:00:00,2010-02-21 00:00:00,443,40356,1,790.9125,GBP
2010-02-15 00:00:00,2010-02-21 00:00:00,443,46580,1,790.9125,USD
2010-02-15 00:00:00,2010-02-21 00:00:00,443,47404,1,790.9125,GBP
2010-02-15 00:00:00,2010-02-21 00:00:00,443,52040,1,790.9125,GBP
2010-02-15 00:00:00,2010-02-21 00:00:00,443,54467,1,790.9125,GBP
2010-02-15 00:00:00,2010-02-21 00:00:00,443,54487,1,790.9125,USD
2010-02-15 00:00:00,2010-02-21 00:00:00,443,54494,1,790.9125,USD
2010-02-15 00:00:00,2010-02-21 00:00:00,443,55044,1,790.9125,GBP
2010-02-15 00:00:00,2010-02-21 00:00:00,443,59803,1,790.9125,USD
2010-02-15 00:00:00,2010-02-21 00:00:00,443,66720,1,790.9125,GBP
2010-02-15 00:00:00,2010-02-21 00:00:00,443,70006,1,790.9125,GBP
2010-02-15 00:00:00,2010-02-21 00:00:00,443,70570,1,790.9125,GBP
2010-02-15 00:00:00,2010-02-21 00:00:00,443,78148,1,790.9125,USD
2010-02-15 00:00:00,2010-02-21 00:00:00,443,79241,1,790.9125,GBP
2010-02-15 00:00:00,2010-02-21 00:00:00,443,79424,1,790.9125,GBP
2010-02-15 00:00:00,2010-02-21 00:00:00,443,82901,1,790.9125,GBP
2010-02-15 00:00:00,2010-02-21 00:00:00,443,85037,1,790.9125,GBP
2010-02-15 00:00:00,2010-02-21 00:00:00,443,85254,1,790.9125,GBP
2010-02-15 00:00:00,2010-02-21 00:00:00,443,95050,1,804.825,GBP
2010-02-15 00:00:00,2010-02-21 00:00:00,443,95815,1,804.825,USD
2010-02-15 00:00:00,2010-02-21 00:00:00,443,95926,1,804.825,GBP
2010-02-15 00:00:00,2010-02-21 00:00:00,443,97202,1,790.9125,GBP
2010-02-15 00:00:00,2010-02-21 00:00:00,464,77084,1,566.2125,GBP
2010-02-15 00:00:00,2010-02-21 00:00:00,464,77444,1,566.2125,USD
2010-02-15 00:00:00,2010-02-21 00:00:00,475,01520,1,970.2,GBP
2010-02-15 00:00:00,2010-02-21 00:00:00,475,05201,1,970.2,USD
2010-02-15 00:00:00,2010-02-21 00:00:00,475,06424,1,970.2,USD
2010-02-15 00:00:00,2010-02-21 00:00:00,475,07860,1,970.2,USD
2010-02-15 00:00:00,2010-02-21 00:00:00,475,08012,1,970.2,GBP
2010-02-15 00:00:00,2010-02-21 00:00:00,475,20723,1,970.2,USD
2010-02-15 00:00:00,2010-02-21 00:00:00,475,36608,1,970.2,GBP
2010-02-15 00:00:00,2010-02-21 00:00:00,475,37143,1,970.2,GBP
2010-02-15 00:00:00,2010-02-21 00:00:00,475,42701,1,970.2,GBP
2010-02-15 00:00:00,2010-02-21 00:00:00,475,46507,1,970.2,USD
2010-02-15 00:00:00,2010-02-21 00:00:00,475,47591,1,970.2,USD
2010-02-15 00:00:00,2010-02-21 00:00:00,475,50401,1,970.2,GBP
2010-02-15 00:00:00,2010-02-21 00:00:00,475,53225,1,1940.4,GBP
2010-02-15 00:00:00,2010-02-21 00:00:00,475,53225,1,3880.8,USD
2010-02-15 00:00:00,2010-02-21 00:00:00,475,53406,1,970.2,USD
2010-02-15 00:00:00,2010-02-21 00:00:00,475,54241,1,970.2,GBP
2010-02-15 00:00:00,2010-02-21 00:00:00,475,54601,1,970.2,GBP
2010-02-15 00:00:00,2010-02-21 00:00:00,475,55347,1,970.2,USD
2010-02-15 00:00:00,2010-02-21 00:00:00,475,55362,1,970.2,USD
2010-02-15 00:00:00,2010-02-21 00:00:00,475,55441,1,970.2,GBP
2010-02-15 00:00:00,2010-02-21 00:00:00,475,56345,1,970.2,USD
2010-02-15 00:00:00,2010-02-21 00:00:00,475,58103,1,970.2,USD
2010-02-15 00:00:00,2010-02-21 00:00:00,475,63775,1,970.2,USD
2010-02-15 00:00:00,2010-02-21 00:00:00,475,64034,1,970.2,USD
2010-02-15 00:00:00,2010-02-21 00:00:00,475,65536,1,970.2,USD
2010-02-15 00:00:00,2010-02-21 00:00:00,475,70605,1,970.2,GBP
2010-02-15 00:00:00,2010-02-21 00:00:00,475,70611,1,970.2,GBP
2010-02-15 00:00:00,2010-02-21 00:00:00,475,72764,1,970.2,USD
2010-02-15 00:00:00,2010-02-21 00:00:00,475,73069,1,970.2,GBP
2010-02-15 00:00:00,2010-02-21 00:00:00,475,73521,1,970.2,USD
2010-02-15 00:00:00,2010-02-21 00:00:00,475,84095,1,970.2,USD
2010-02-15 00:00:00,2010-02-21 00:00:00,475,85296,1,975.45,USD
2010-02-15 00:00:00,2010-02-21 00:00:00,488,53089,1,970.2,GBP
2010-02-15 00:00:00,2010-02-21 00:00:00,488,53119,1,8731.8,GBP
2010-02-15 00:00:00,2010-02-21 00:00:00,488,53119,1,8731.8,USD
2010-02-15 00:00:00,2010-02-21 00:00:00,488,87401,1,970.2,USD
2010-02-15 00:00:00,2010-02-21 00:00:00,491,01453,1,815.325,GBP
2010-02-15 00:00:00,2010-02-21 00:00:00,491,06415,1,815.325,USD
2010-02-15 00:00:00,2010-02-21 00:00:00,491,06437,1,815.325,GBP
2010-02-15 00:00:00,2010-02-21 00:00:00,491,08080,1,815.325,GBP
2010-02-15 00:00:00,2010-02-21 00:00:00,491,19973,1,815.325,GBP
2010-02-15 00:00:00,2010-02-21 00:00:00,491,20906,1,815.325,GBP
2010-02-15 00:00:00,2010-02-21 00:00:00,491,29675,1,815.325,USD
2010-02-15 00:00:00,2010-02-21 00:00:00,491,32818,1,815.325,GBP
2010-02-15 00:00:00,2010-02-21 00:00:00,491,32835,1,815.325,USD
2010-02-15 00:00:00,2010-02-21 00:00:00,491,33157,1,815.325,USD
2010-02-15 00:00:00,2010-02-21 00:00:00,491,35801,1,815.325,USD
2010-02-15 00:00:00,2010-02-21 00:00:00,491,38125,1,815.325,USD
2010-02-15 00:00:00,2010-02-21 00:00:00,491,38501,1,815.325,USD
2010-02-15 00:00:00,2010-02-21 00:00:00,491,40206,1,815.325,USD
2010-02-15 00:00:00,2010-02-21 00:00:00,491,46038,1,801.9375,GBP
2010-02-15 00:00:00,2010-02-21 00:00:00,491,46219,1,815.325,USD
2010-02-15 00:00:00,2010-02-21 00:00:00,491,47805,1,6522.599999999999,GBP
2010-02-15 00:00:00,2010-02-21 00:00:00,491,47805,1,4076.625,USD
2010-02-15 00:00:00,2010-02-21 00:00:00,491,50219,1,815.325,USD
2010-02-15 00:00:00,2010-02-21 00:00:00,491,54868,1,815.325,USD
2010-02-15 00:00:00,2010-02-21 00:00:00,491,55040,1,815.325,USD
2010-02-15 00:00:00,2010-02-21 00:00:00,491,55112,1,815.325,USD
2010-02-15 00:00:00,2010-02-21 00:00:00,491,70072,1,815.325,USD
2010-02-15 00:00:00,2010-02-21 00:00:00,491,71136,1,815.325,USD
2010-02-15 00:00:00,2010-02-21 00:00:00,491,73505,1,815.325,GBP
2010-02-15 00:00:00,2010-02-21 00:00:00,491,73632,1,815.325,GBP
2010-02-15 00:00:00,2010-02-21 00:00:00,491,75662,1,815.325,USD
2010-02-15 00:00:00,2010-02-21 00:00:00,491,76023,1,815.325,USD
2010-02-15 00:00:00,2010-02-21 00:00:00,491,78259,1,815.325,USD
2010-02-15 00:00:00,2010-02-21 00:00:00,491,99803,1,815.325,USD
2010-02-15 00:00:00,2010-02-21 00:00:00,495,32218,1,560.9625,GBP
2010-02-15 00:00:00,2010-02-21 00:00:00,495,32311,1,560.9625,GBP
2010-02-15 00:00:00,2010-02-21 00:00:00,495,46237,1,560.9625,USD
2010-02-15 00:00:00,2010-02-21 00:00:00,495,47905,1,560.9625,GBP
2010-02-15 00:00:00,2010-02-21 00:00:00,495,63074,1,560.9625,USD
2010-02-15 00:00:00,2010-02-21 00:00:00,499,02817,1,846.3,GBP
2010-02-15 00:00:00,2010-02-21 00:00:00,499,07727,1,846.3,GBP
2010-02-15 00:00:00,2010-02-21 00:00:00,499,07871,1,846.3,GBP
2010-02-15 00:00:00,2010-02-21 00:00:00,499,25425,1,846.3,GBP
2010-02-15 00:00:00,2010-02-21 00:00:00,499,33301,1,846.3,GBP
2010-02-15 00:00:00,2010-02-21 00:00:00,499,33328,1,846.3,GBP
2010-02-15 00:00:00,2010-02-21 00:00:00,499,37745,1,846.3,USD
2010-02-15 00:00:00,2010-02-21 00:00:00,499,47018,1,846.3,GBP
2010-02-15 00:00:00,2010-02-21 00:00:00,499,52001,1,846.3,USD
2010-02-15 00:00:00,2010-02-21 00:00:00,499,52748,1,846.3,USD
2010-02-15 00:00:00,2010-02-21 00:00:00,499,53038,1,846.3,GBP
2010-02-15 00:00:00,2010-02-21 00:00:00,499,55413,1,846.3,GBP
2010-02-15 00:00:00,2010-02-21 00:00:00,499,58324,1,846.3,USD
2010-02-15 00:00:00,2010-02-21 00:00:00,499,71360,1,846.3,GBP
2010-02-15 00:00:00,2010-02-21 00:00:00,499,79065,1,846.3,GBP
2010-02-15 00:00:00,2010-02-21 00:00:00,499,82716,1,846.3,GBP
2010-02-15 00:00:00,2010-02-21 00:00:00,499,92029,1,851.55,GBP
2010-02-15 00:00:00,2010-02-21 00:00:00,499,94591,1,851.55,USD
2010-02-15 00:00:00,2010-02-21 00:00:00,499,96002,1,851.55,USD
2010-02-15 00:00:00,2010-02-21 00:00:00,510,36542,1,837.1125,USD
2010-02-15 00:00:00,2010-02-21 00:00:00,510,89511,1,837.1125,USD
2010-02-15 00:00:00,2010-02-21 00:00:00,510,94589,1,842.3625,GBP
2010-02-15 00:00:00,2010-02-21 00:00:00,513,07002,1,451.4475,USD
2010-02-15 00:00:00,2010-02-21 00:00:00,513,53142,1,451.4475,GBP
2010-02-15 00:00:00,2010-02-21 00:00:00,513,78247,1,451.4475,GBP
2010-02-15 00:00:00,2010-02-21 00:00:00,530,21037,1,629.9475,USD
2010-02-15 00:00:00,2010-02-21 00:00:00,532,07083,1,556.4475,GBP
2010-02-15 00:00:00,2010-02-21 00:00:00,532,26003,1,556.4475,USD
2010-02-15 00:00:00,2010-02-21 00:00:00,532,46122,1,556.4475,USD
2010-02-15 00:00:00,2010-02-21 00:00:00,532,46236,1,556.4475,GBP
2010-02-15 00:00:00,2010-02-21 00:00:00,532,85254,1,556.4475,USD
2010-02-15 00:00:00,2010-02-21 00:00:00,532,92866,1,561.6975,USD
2010-02-15 00:00:00,2010-02-21 00:00:00,550,07730,1,403.9875,USD
2010-02-15 00:00:00,2010-02-21 00:00:00,550,21157,1,403.9875,USD
2010-02-15 00:00:00,2010-02-21 00:00:00,550,29415,1,403.9875,GBP
2010-02-15 00:00:00,2010-02-21 00:00:00,550,29715,1,403.9875,GBP
2010-02-15 00:00:00,2010-02-21 00:00:00,550,32085,1,403.9875,GBP
2010-02-15 00:00:00,2010-02-21 00:00:00,550,34786,1,403.9875,USD
2010-02-15 00:00:00,2010-02-21 00:00:00,550,37138,1,403.9875,GBP
2010-02-15 00:00:00,2010-02-21 00:00:00,550,46237,1,403.9875,GBP
2010-02-15 00:00:00,2010-02-21 00:00:00,550,46303,1,403.9875,USD
2010-02-15 00:00:00,2010-02-21 00:00:00,550,46383,1,403.9875,GBP
2010-02-15 00:00:00,2010-02-21 00:00:00,550,47620,1,403.9875,USD
2010-02-15 00:00:00,2010-02-21 00:00:00,550,53716,1,403.9875,GBP
2010-02-15 00:00:00,2010-02-21 00:00:00,550,54173,1,403.9875,USD
2010-02-15 00:00:00,2010-02-21 00:00:00,550,54949,1,403.9875,GBP
2010-02-15 00:00:00,2010-02-21 00:00:00,550,56097,1,403.9875,USD
2010-02-15 00:00:00,2010-02-21 00:00:00,550,70043,1,403.9875,USD
2010-02-15 00:00:00,2010-02-21 00:00:00,550,75935,1,403.9875,USD
2010-02-15 00:00:00,2010-02-21 00:00:00,550,76544,1,403.9875,USD
2010-02-15 00:00:00,2010-02-21 00:00:00,550,82523,1,403.9875,GBP
2010-02-15 00:00:00,2010-02-21 00:00:00,550,82935,1,403.9875,GBP
2010-02-15 00:00:00,2010-02-21 00:00:00,550,87111,1,403.9875,GBP
2010-02-15 00:00:00,2010-02-21 00:00:00,550,89506,1,403.9875,GBP
2010-02-15 00:00:00,2010-02-21 00:00:00,550,95842,1,410.2875,GBP
2010-02-15 00:00:00,2010-02-21 00:00:00,559,07002,1,585.6375,GBP
2010-02-15 00:00:00,2010-02-21 00:00:00,559,20853,1,585.6375,GBP
2010-02-15 00:00:00,2010-02-21 00:00:00,559,21102,1,585.6375,GBP
2010-02-15 00:00:00,2010-02-21 00:00:00,559,29853,1,585.6375,USD
2010-02-15 00:00:00,2010-02-21 00:00:00,559,33183,1,585.6375,USD
2010-02-15 00:00:00,2010-02-21 00:00:00,559,34479,1,585.6375,GBP
2010-02-15 00:00:00,2010-02-21 00:00:00,559,34602,1,585.6375,GBP
2010-02-15 00:00:00,2010-02-21 00:00:00,559,34748,1,585.6375,GBP
2010-02-15 00:00:00,2010-02-21 00:00:00,559,37064,1,585.6375,GBP
2010-02-15 00:00:00,2010-02-21 00:00:00,559,46410,1,585.6375,GBP
2010-02-15 00:00:00,2010-02-21 00:00:00,559,52255,1,585.6375,GBP
2010-02-15 00:00:00,2010-02-21 00:00:00,559,52804,1,585.6375,GBP
2010-02-15 00:00:00,2010-02-21 00:00:00,559,56379,1,585.6375,GBP
2010-02-15 00:00:00,2010-02-21 00:00:00,559,59101,1,585.6375,GBP
2010-02-15 00:00:00,2010-02-21 00:00:00,559,63366,1,585.6375,GBP
2010-02-15 00:00:00,2010-02-21 00:00:00,559,71203,1,585.6375,GBP
2010-02-15 00:00:00,2010-02-21 00:00:00,559,72455,1,585.6375,USD
2010-02-15 00:00:00,2010-02-21 00:00:00,559,72476,1,585.6375,USD
2010-02-15 00:00:00,2010-02-21 00:00:00,559,78232,1,585.6375,USD
2010-02-15 00:00:00,2010-02-21 00:00:00,559,79404,1,585.6375,GBP
2010-02-15 00:00:00,2010-02-21 00:00:00,559,87112,1,585.6375,USD
2010-02-15 00:00:00,2010-02-21 00:00:00,559,91764,1,600.6,USD
2010-02-15 00:00:00,2010-02-21 00:00:00,559,92307,1,600.6,USD
2010-02-15 00:00:00,2010-02-21 00:00:00,559,93021,1,600.6,USD
2010-02-15 00:00:00,2010-02-21 00:00:00,559,94037,1,600.6,GBP
2010-02-15 00:00:00,2010-02-21 00:00:00,559,94591,1,600.6,GBP
2010-02-15 00:00:00,2010-02-21 00:00:00,559,95372,1,600.6,USD
2010-02-15 00:00:00,2010-02-21 00:00:00,559,95437,1,600.6,USD
2010-02-15 00:00:00,2010-02-21 00:00:00,559,97206,1,585.6375,USD
2010-02-15 00:00:00,2010-02-21 00:00:00,573,01606,1,280.6125,GBP
2010-02-15 00:00:00,2010-02-21 00:00:00,573,06037,1,280.6125,GBP
2010-02-15 00:00:00,2010-02-21 00:00:00,573,06382,1,280.6125,GBP
2010-02-15 00:00:00,2010-02-21 00:00:00,573,06716,1,280.6125,USD
2010-02-15 00:00:00,2010-02-21 00:00:00,573,07470,1,280.6125,GBP
2010-02-15 00:00:00,2010-02-21 00:00:00,573,32822,1,280.6125,USD
2010-02-15 00:00:00,2010-02-21 00:00:00,573,33021,1,280.6125,GBP
2010-02-15 00:00:00,2010-02-21 00:00:00,573,33156,1,280.6125,GBP
2010-02-15 00:00:00,2010-02-21 00:00:00,573,33777,1,280.6125,GBP
2010-02-15 00:00:00,2010-02-21 00:00:00,573,34120,1,280.6125,GBP
2010-02-15 00:00:00,2010-02-21 00:00:00,573,37397,1,280.6125,GBP
2010-02-15 00:00:00,2010-02-21 00:00:00,573,39437,1,280.6125,GBP
2010-02-15 00:00:00,2010-02-21 00:00:00,573,46012,1,280.6125,GBP
2010-02-15 00:00:00,2010-02-21 00:00:00,573,52002,1,280.6125,GBP
2010-02-15 00:00:00,2010-02-21 00:00:00,573,52772,1,280.6125,GBP
2010-02-15 00:00:00,2010-02-21 00:00:00,573,54002,1,280.6125,USD
2010-02-15 00:00:00,2010-02-21 00:00:00,573,58601,2,561.225,GBP
2010-02-15 00:00:00,2010-02-21 00:00:00,573,63966,1,275.3625,USD
2010-02-15 00:00:00,2010-02-21 00:00:00,573,75007,1,280.6125,GBP
2010-02-15 00:00:00,2010-02-21 00:00:00,573,84010,1,280.6125,GBP
2010-02-15 00:00:00,2010-02-21 00:00:00,573,89121,1,280.6125,GBP
2010-02-15 00:00:00,2010-02-21 00:00:00,573,90815,1,286.9125,GBP
2010-02-15 00:00:00,2010-02-21 00:00:00,573,92065,1,286.9125,USD
2010-02-15 00:00:00,2010-02-21 00:00:00,573,92692,1,286.9125,USD
2010-02-15 00:00:00,2010-02-21 00:00:00,573,95020,1,286.9125,USD
2010-02-15 00:00:00,2010-02-21 00:00:00,573,95662,1,286.9125,USD
2010-02-15 00:00:00,2010-02-21 00:00:00,573,95973,1,286.9125,GBP
2010-02-15 00:00:00,2010-02-21 00:00:00,574,92840,1,830.55,GBP
2010-02-15 00:00:00,2010-02-21 00:00:00,574,93035,1,830.55,GBP
2010-02-15 00:00:00,2010-02-21 00:00:00,574,93720,1,830.55,GBP
2010-02-15 00:00:00,2010-02-21 00:00:00,574,94089,1,830.55,GBP
2010-02-15 00:00:00,2010-02-21 00:00:00,574,94509,1,830.55,GBP
2010-02-15 00:00:00,2010-02-21 00:00:00,574,95120,1,830.55,USD
2010-02-15 00:00:00,2010-02-21 00:00:00,574,95138,1,830.55,GBP
2010-02-15 00:00:00,2010-02-21 00:00:00,574,95630,1,830.55,USD
2010-02-15 00:00:00,2010-02-21 00:00:00,580,06405,1,734.7375,USD
2010-02-15 00:00:00,2010-02-21 00:00:00,580,08533,1,734.7375,GBP
2010-02-15 00:00:00,2010-02-21 00:00:00,580,19707,1,734.7375,USD
2010-02-15 00:00:00,2010-02-21 00:00:00,580,32024,1,734.7375,USD
2010-02-15 00:00:00,2010-02-21 00:00:00,580,32211,1,734.7375,GBP
2010-02-15 00:00:00,2010-02-21 00:00:00,580,32233,1,734.7375,USD
2010-02-15 00:00:00,2010-02-21 00:00:00,580,33432,1,734.7375,USD
2010-02-15 00:00:00,2010-02-21 00:00:00,580,34667,1,734.7375,USD
2010-02-15 00:00:00,2010-02-21 00:00:00,580,36744,1,734.7375,GBP
2010-02-15 00:00:00,2010-02-21 00:00:00,580,46143,1,734.7375,USD
2010-02-15 00:00:00,2010-02-21 00:00:00,580,46151,1,734.7375,USD
2010-02-15 00:00:00,2010-02-21 00:00:00,580,63026,1,734.7375,USD
2010-02-15 00:00:00,2010-02-21 00:00:00,580,68137,1,734.7375,GBP
2010-02-15 00:00:00,2010-02-21 00:00:00,580,70555,1,734.7375,USD
2010-02-15 00:00:00,2010-02-21 00:00:00,580,77301,1,734.7375,USD
2010-02-15 00:00:00,2010-02-21 00:00:00,580,77573,1,734.7375,GBP
2010-02-15 00:00:00,2010-02-21 00:00:00,580,78628,1,734.7375,USD
2010-02-15 00:00:00,2010-02-21 00:00:00,580,78840,1,734.7375,USD
2010-02-15 00:00:00,2010-02-21 00:00:00,580,90505,1,749.9625,USD
2010-02-15 00:00:00,2010-02-21 00:00:00,580,91710,1,749.9625,USD
2010-02-15 00:00:00,2010-02-21 00:00:00,580,95405,1,749.9625,USD
2010-02-15 00:00:00,2010-02-21 00:00:00,596,02360,2,1493.1,USD
2010-02-15 00:00:00,2010-02-21 00:00:00,596,07920,1,746.55,USD
2010-02-15 00:00:00,2010-02-21 00:00:00,596,20744,1,746.55,GBP
2010-02-15 00:00:00,2010-02-21 00:00:00,596,32561,1,746.55,GBP
2010-02-15 00:00:00,2010-02-21 00:00:00,596,39073,1,746.55,GBP
2010-02-15 00:00:00,2010-02-21 00:00:00,596,46163,1,746.55,USD
2010-02-15 00:00:00,2010-02-21 00:00:00,596,50322,1,746.55,GBP
2010-02-15 00:00:00,2010-02-21 00:00:00,596,53105,1,746.55,USD
2010-02-15 00:00:00,2010-02-21 00:00:00,596,53125,1,746.55,USD
2010-02-15 00:00:00,2010-02-21 00:00:00,596,53186,1,746.55,USD
2010-02-15 00:00:00,2010-02-21 00:00:00,596,56073,1,746.55,USD
2010-02-15 00:00:00,2010-02-21 00:00:00,596,65807,1,746.55,GBP
2010-02-15 00:00:00,2010-02-21 00:00:00,596,70372,1,746.55,GBP
2010-02-15 00:00:00,2010-02-21 00:00:00,596,73109,1,746.55,USD
2010-02-15 00:00:00,2010-02-21 00:00:00,596,75243,1,746.55,USD
2010-02-15 00:00:00,2010-02-21 00:00:00,596,76548,1,746.55,GBP
2010-02-15 00:00:00,2010-02-21 00:00:00,596,79424,1,746.55,USD
2010-02-15 00:00:00,2010-02-21 00:00:00,596,84075,1,746.55,GBP
2010-02-15 00:00:00,2010-02-21 00:00:00,596,84092,1,746.55,USD
2010-02-15 00:00:00,2010-02-21 00:00:00,596,84414,1,746.55,USD
2010-02-15 00:00:00,2010-02-21 00:00:00,596,85284,1,746.55,USD
2010-02-15 00:00:00,2010-02-21 00:00:00,596,92604,1,761.5125,USD
2010-02-15 00:00:00,2010-02-21 00:00:00,596,93312,1,761.5125,GBP
2010-02-15 00:00:00,2010-02-21 00:00:00,596,93389,1,761.5125,GBP
2010-02-15 00:00:00,2010-02-21 00:00:00,596,95129,1,761.5125,GBP
2010-02-15 00:00:00,2010-02-21 00:00:00,596,97223,1,746.55,GBP
2010-02-15 00:00:00,2010-02-21 00:00:00,597,33442,1,892.2375,USD
2010-02-15 00:00:00,2010-02-21 00:00:00,597,37075,1,892.2375,GBP
2010-02-15 00:00:00,2010-02-21 00:00:00,597,46224,1,892.2375,GBP
2010-02-15 00:00:00,2010-02-21 00:00:00,597,53086,1,892.2375,USD
2010-02-15 00:00:00,2010-02-21 00:00:00,597,53545,1,892.2375,GBP
2010-02-15 00:00:00,2010-02-21 00:00:00,597,54639,1,892.2375,GBP
2010-02-15 00:00:00,2010-02-21 00:00:00,597,55803,1,892.2375,GBP
2010-02-15 00:00:00,2010-02-21 00:00:00,597,70360,1,892.2375,GBP
2010-02-15 00:00:00,2010-02-21 00:00:00,597,75038,1,892.2375,USD
2010-02-15 00:00:00,2010-02-21 00:00:00,597,77067,1,892.2375,GBP
2010-02-15 00:00:00,2010-02-21 00:00:00,597,95126,1,892.2375,GBP
2010-02-15 00:00:00,2010-02-21 00:00:00,597,97385,1,892.2375,GBP
2010-02-15 00:00:00,2010-02-21 00:00:00,599,06040,1,753.6375,GBP
2010-02-15 00:00:00,2010-02-21 00:00:00,599,06484,1,753.6375,GBP
2010-02-15 00:00:00,2010-02-21 00:00:00,599,06787,1,753.6375,GBP
2010-02-15 00:00:00,2010-02-21 00:00:00,599,07927,1,753.6375,GBP
2010-02-15 00:00:00,2010-02-21 00:00:00,599,21771,1,753.6375,GBP
2010-02-15 00:00:00,2010-02-21 00:00:00,599,25411,1,753.6375,GBP
2010-02-15 00:00:00,2010-02-21 00:00:00,599,29650,1,753.6375,GBP
2010-02-15 00:00:00,2010-02-21 00:00:00,599,33862,1,753.6375,GBP
2010-02-15 00:00:00,2010-02-21 00:00:00,599,46368,1,753.6375,GBP
2010-02-15 00:00:00,2010-02-21 00:00:00,599,47711,1,753.6375,GBP
2010-02-15 00:00:00,2010-02-21 00:00:00,599,47932,1,753.6375,GBP
2010-02-15 00:00:00,2010-02-21 00:00:00,599,50129,1,1507.275,GBP
2010-02-15 00:00:00,2010-02-21 00:00:00,599,50129,1,2260.9125000000004,USD
2010-02-15 00:00:00,2010-02-21 00:00:00,599,53129,1,753.6375,USD
2010-02-15 00:00:00,2010-02-21 00:00:00,599,54165,1,753.6375,GBP
2010-02-15 00:00:00,2010-02-21 00:00:00,599,55976,1,753.6375,GBP
2010-02-15 00:00:00,2010-02-21 00:00:00,599,56007,1,753.6375,USD
2010-02-15 00:00:00,2010-02-21 00:00:00,599,56529,1,753.6375,USD
2010-02-15 00:00:00,2010-02-21 00:00:00,599,58078,1,753.6375,GBP
2010-02-15 00:00:00,2010-02-21 00:00:00,599,64152,1,753.6375,USD
2010-02-15 00:00:00,2010-02-21 00:00:00,599,65202,1,753.6375,USD
2010-02-15 00:00:00,2010-02-21 00:00:00,599,66086,1,753.6375,GBP
2010-02-15 00:00:00,2010-02-21 00:00:00,599,70520,1,753.6375,GBP
2010-02-15 00:00:00,2010-02-21 00:00:00,599,75022,1,753.6375,USD
2010-02-15 00:00:00,2010-02-21 00:00:00,599,75093,1,753.6375,GBP
2010-02-15 00:00:00,2010-02-21 00:00:00,599,75758,1,753.6375,GBP
2010-02-15 00:00:00,2010-02-21 00:00:00,599,75859,1,753.6375,USD
2010-02-15 00:00:00,2010-02-21 00:00:00,599,76301,1,753.6375,GBP
2010-02-15 00:00:00,2010-02-21 00:00:00,599,76548,1,753.6375,GBP
2010-02-15 00:00:00,2010-02-21 00:00:00,599,79741,1,753.6375,USD
2010-02-15 00:00:00,2010-02-21 00:00:00,599,84004,1,753.6375,USD
2010-02-15 00:00:00,2010-02-21 00:00:00,599,85367,1,741.5625,GBP
2010-02-15 00:00:00,2010-02-21 00:00:00,599,92071,1,753.6375,GBP
2010-02-15 00:00:00,2010-02-21 00:00:00,599,97756,1,753.6375,GBP
2010-02-15 00:00:00,2010-02-21 00:00:00,604,01337,1,461.7375,USD
2010-02-15 00:00:00,2010-02-21 00:00:00,604,01523,1,461.7375,GBP
2010-02-15 00:00:00,2010-02-21 00:00:00,604,02920,1,461.7375,USD
2010-02-15 00:00:00,2010-02-21 00:00:00,604,06062,1,461.7375,USD
2010-02-15 00:00:00,2010-02-21 00:00:00,604,07003,1,461.7375,GBP
2010-02-15 00:00:00,2010-02-21 00:00:00,604,07204,1,461.7375,USD
2010-02-15 00:00:00,2010-02-21 00:00:00,604,08033,1,461.7375,GBP
2010-02-15 00:00:00,2010-02-21 00:00:00,604,08201,1,461.7375,GBP
2010-02-15 00:00:00,2010-02-21 00:00:00,604,21075,1,461.7375,USD
2010-02-15 00:00:00,2010-02-21 00:00:00,604,21813,1,461.7375,GBP
2010-02-15 00:00:00,2010-02-21 00:00:00,604,29512,1,461.7375,GBP
2010-02-15 00:00:00,2010-02-21 00:00:00,604,32803,1,461.7375,USD
2010-02-15 00:00:00,2010-02-21 00:00:00,604,33317,1,461.7375,GBP
2010-02-15 00:00:00,2010-02-21 00:00:00,604,33484,1,461.7375,USD
2010-02-15 00:00:00,2010-02-21 00:00:00,604,33801,1,461.7375,USD
2010-02-15 00:00:00,2010-02-21 00:00:00,604,34109,1,461.7375,USD
2010-02-15 00:00:00,2010-02-21 00:00:00,604,35044,1,461.7375,USD
2010-02-15 00:00:00,2010-02-21 00:00:00,604,35824,1,461.7375,USD
2010-02-15 00:00:00,2010-02-21 00:00:00,604,37043,1,461.7375,USD
2010-02-15 00:00:00,2010-02-21 00:00:00,604,37641,1,461.7375,USD
2010-02-15 00:00:00,2010-02-21 00:00:00,604,38019,1,461.7375,USD
2010-02-15 00:00:00,2010-02-21 00:00:00,604,38261,1,461.7375,USD
2010-02-15 00:00:00,2010-02-21 00:00:00,604,40160,1,461.7375,USD
2010-02-15 00:00:00,2010-02-21 00:00:00,604,46236,1,461.7375,USD
2010-02-15 00:00:00,2010-02-21 00:00:00,604,46514,1,3232.1625000000004,GBP
2010-02-15 00:00:00,2010-02-21 00:00:00,604,46514,1,1385.2125,USD
2010-02-15 00:00:00,2010-02-21 00:00:00,604,46902,1,461.7375,GBP
2010-02-15 00:00:00,2010-02-21 00:00:00,604,47401,1,461.7375,USD
2010-02-15 00:00:00,2010-02-21 00:00:00,604,50010,1,461.7375,GBP
2010-02-15 00:00:00,2010-02-21 00:00:00,604,50014,1,461.7375,USD
2010-02-15 00:00:00,2010-02-21 00:00:00,604,50131,1,461.7375,USD
2010-02-15 00:00:00,2010-02-21 00:00:00,604,50166,1,461.7375,GBP
2010-02-15 00:00:00,2010-02-21 00:00:00,604,51012,1,461.7375,GBP
2010-02-15 00:00:00,2010-02-21 00:00:00,604,51401,1,461.7375,GBP
2010-02-15 00:00:00,2010-02-21 00:00:00,604,51503,1,461.7375,GBP
2010-02-15 00:00:00,2010-02-21 00:00:00,604,53005,1,461.7375,GBP
2010-02-15 00:00:00,2010-02-21 00:00:00,604,53095,2,923.475,GBP
2010-02-15 00:00:00,2010-02-21 00:00:00,604,54017,1,461.7375,GBP
2010-02-15 00:00:00,2010-02-21 00:00:00,604,54868,1,461.7375,USD
2010-02-15 00:00:00,2010-02-21 00:00:00,604,55118,2,923.475,GBP
2010-02-15 00:00:00,2010-02-21 00:00:00,604,55328,1,461.7375,GBP
2010-02-15 00:00:00,2010-02-21 00:00:00,604,55337,1,461.7375,GBP
2010-02-15 00:00:00,2010-02-21 00:00:00,604,55347,1,461.7375,USD
2010-02-15 00:00:00,2010-02-21 00:00:00,604,57709,1,461.7375,GBP
2010-02-15 00:00:00,2010-02-21 00:00:00,604,63376,1,461.7375,GBP
2010-02-15 00:00:00,2010-02-21 00:00:00,604,64015,1,461.7375,USD
2010-02-15 00:00:00,2010-02-21 00:00:00,604,64801,1,461.7375,USD
2010-02-15 00:00:00,2010-02-21 00:00:00,604,66839,1,461.7375,GBP
2010-02-15 00:00:00,2010-02-21 00:00:00,604,67601,1,461.7375,USD
2010-02-15 00:00:00,2010-02-21 00:00:00,604,68107,1,461.7375,GBP
2010-02-15 00:00:00,2010-02-21 00:00:00,604,68801,1,461.7375,GBP
2010-02-15 00:00:00,2010-02-21 00:00:00,604,70605,1,461.7375,GBP
2010-02-15 00:00:00,2010-02-21 00:00:00,604,74053,1,461.7375,GBP
2010-02-15 00:00:00,2010-02-21 00:00:00,604,75501,1,461.7375,GBP
2010-02-15 00:00:00,2010-02-21 00:00:00,604,75703,1,461.7375,GBP
2010-02-15 00:00:00,2010-02-21 00:00:00,604,77301,1,461.7375,GBP
2010-02-15 00:00:00,2010-02-21 00:00:00,604,77546,1,461.7375,GBP
2010-02-15 00:00:00,2010-02-21 00:00:00,604,78415,1,461.7375,GBP
2010-02-15 00:00:00,2010-02-21 00:00:00,604,78833,1,461.7375,USD
2010-02-15 00:00:00,2010-02-21 00:00:00,604,79720,2,923.475,USD
2010-02-15 00:00:00,2010-02-21 00:00:00,604,79925,1,461.7375,GBP
2010-02-15 00:00:00,2010-02-21 00:00:00,604,85020,1,461.7375,GBP
2010-02-15 00:00:00,2010-02-21 00:00:00,604,89502,1,461.7375,GBP
2010-02-15 00:00:00,2010-02-21 00:00:00,604,91405,1,468.0375,GBP
2010-02-15 00:00:00,2010-02-21 00:00:00,604,92284,1,468.0375,USD
2010-02-15 00:00:00,2010-02-21 00:00:00,604,92833,1,468.0375,GBP
2010-02-15 00:00:00,2010-02-21 00:00:00,604,94596,1,468.0375,USD
2010-02-15 00:00:00,2010-02-21 00:00:00,604,94621,1,468.0375,GBP
2010-02-15 00:00:00,2010-02-21 00:00:00,604,95062,1,468.0375,USD
2010-02-15 00:00:00,2010-02-21 00:00:00,604,95961,1,468.0375,USD
2010-02-15 00:00:00,2010-02-21 00:00:00,604,97875,1,461.7375,GBP
2010-02-15 00:00:00,2010-02-21 00:00:00,606,08108,1,314.7375,USD
2010-02-15 00:00:00,2010-02-21 00:00:00,606,25560,1,314.7375,USD
2010-02-15 00:00:00,2010-02-21 00:00:00,606,34997,1,314.7375,USD
2010-02-15 00:00:00,2010-02-21 00:00:00,606,35401,1,314.7375,USD
2010-02-15 00:00:00,2010-02-21 00:00:00,606,37745,1,314.7375,USD
2010-02-15 00:00:00,2010-02-21 00:00:00,606,46122,1,314.7375,USD
2010-02-15 00:00:00,2010-02-21 00:00:00,606,46168,1,314.7375,GBP
2010-02-15 00:00:00,2010-02-21 00:00:00,606,53227,1,1573.6875,GBP
2010-02-15 00:00:00,2010-02-21 00:00:00,606,53227,1,1258.95,USD
2010-02-15 00:00:00,2010-02-21 00:00:00,606,53913,1,314.7375,GBP
2010-02-15 00:00:00,2010-02-21 00:00:00,606,56353,1,314.7375,USD
2010-02-15 00:00:00,2010-02-21 00:00:00,606,59803,1,314.7375,GBP
2010-02-15 00:00:00,2010-02-21 00:00:00,606,65020,1,314.7375,GBP
2010-02-15 00:00:00,2010-02-21 00:00:00,606,68144,1,314.7375,USD
2010-02-15 00:00:00,2010-02-21 00:00:00,606,70062,1,314.7375,GBP
2010-02-15 00:00:00,2010-02-21 00:00:00,606,72032,1,314.7375,USD
2010-02-15 00:00:00,2010-02-21 00:00:00,606,87402,1,314.7375,GBP
2010-02-15 00:00:00,2010-02-21 00:00:00,606,89121,1,314.7375,GBP
2010-02-15 00:00:00,2010-02-21 00:00:00,606,92014,1,321.0375,GBP
2010-02-15 00:00:00,2010-02-21 00:00:00,606,92071,1,321.0375,USD
2010-02-15 00:00:00,2010-02-21 00:00:00,606,92647,1,321.0375,USD
2010-02-15 00:00:00,2010-02-21 00:00:00,606,94546,1,321.0375,GBP
2010-02-15 00:00:00,2010-02-21 00:00:00,606,94941,1,321.0375,GBP
2010-02-15 00:00:00,2010-02-21 00:00:00,609,02021,3,2336.5125,GBP
2010-02-15 00:00:00,2010-02-21 00:00:00,609,02301,2,1557.675,USD
2010-02-15 00:00:00,2010-02-21 00:00:00,609,06457,1,778.8375,USD
2010-02-15 00:00:00,2010-02-21 00:00:00,609,06516,2,1557.675,USD
2010-02-15 00:00:00,2010-02-21 00:00:00,609,07071,1,778.8375,USD
2010-02-15 00:00:00,2010-02-21 00:00:00,609,07417,1,778.8375,GBP
2010-02-15 00:00:00,2010-02-21 00:00:00,609,07755,1,778.8375,USD
2010-02-15 00:00:00,2010-02-21 00:00:00,609,08003,1,778.8375,USD
2010-02-15 00:00:00,2010-02-21 00:00:00,609,08610,1,778.8375,USD
2010-02-15 00:00:00,2010-02-21 00:00:00,609,08731,1,778.8375,USD
2010-02-15 00:00:00,2010-02-21 00:00:00,609,21034,1,778.8375,USD
2010-02-15 00:00:00,2010-02-21 00:00:00,609,21122,1,778.8375,USD
2010-02-15 00:00:00,2010-02-21 00:00:00,609,25701,2,1557.675,USD
2010-02-15 00:00:00,2010-02-21 00:00:00,609,29170,1,778.8375,USD
2010-02-15 00:00:00,2010-02-21 00:00:00,609,29420,1,778.8375,GBP
2010-02-15 00:00:00,2010-02-21 00:00:00,609,32221,1,778.8375,GBP
2010-02-15 00:00:00,2010-02-21 00:00:00,609,32316,1,778.8375,USD
2010-02-15 00:00:00,2010-02-21 00:00:00,609,32605,1,778.8375,USD
2010-02-15 00:00:00,2010-02-21 00:00:00,609,33157,2,1557.675,USD
2010-02-15 00:00:00,2010-02-21 00:00:00,609,33331,1,778.8375,USD
2010-02-15 00:00:00,2010-02-21 00:00:00,609,33713,1,778.8375,USD
2010-02-15 00:00:00,2010-02-21 00:00:00,609,33919,1,778.8375,USD
2010-02-15 00:00:00,2010-02-21 00:00:00,609,36301,1,778.8375,USD
2010-02-15 00:00:00,2010-02-21 00:00:00,609,36695,1,778.8375,USD
2010-02-15 00:00:00,2010-02-21 00:00:00,609,37643,1,778.8375,USD
2010-02-15 00:00:00,2010-02-21 00:00:00,609,37912,1,778.8375,USD
2010-02-15 00:00:00,2010-02-21 00:00:00,609,39556,1,766.2375,GBP
2010-02-15 00:00:00,2010-02-21 00:00:00,609,40299,1,778.8375,USD
2010-02-15 00:00:00,2010-02-21 00:00:00,609,41063,1,778.8375,GBP
2010-02-15 00:00:00,2010-02-21 00:00:00,609,41063,1,1557.675,USD
2010-02-15 00:00:00,2010-02-21 00:00:00,609,46052,1,778.8375,GBP
2010-02-15 00:00:00,2010-02-21 00:00:00,609,46214,1,778.8375,GBP
2010-02-15 00:00:00,2010-02-21 00:00:00,609,46236,1,778.8375,USD
2010-02-15 00:00:00,2010-02-21 00:00:00,609,46383,1,778.8375,GBP
2010-02-15 00:00:00,2010-02-21 00:00:00,609,46514,1,1557.675,GBP
2010-02-15 00:00:00,2010-02-21 00:00:00,609,46514,1,2336.5125,USD
2010-02-15 00:00:00,2010-02-21 00:00:00,609,47807,1,778.8375,GBP
2010-02-15 00:00:00,2010-02-21 00:00:00,609,50601,1,778.8375,GBP
2010-02-15 00:00:00,2010-02-21 00:00:00,609,52404,1,778.8375,USD
2010-02-15 00:00:00,2010-02-21 00:00:00,609,52732,2,1557.675,GBP
2010-02-15 00:00:00,2010-02-21 00:00:00,609,53225,1,1557.675,GBP
2010-02-15 00:00:00,2010-02-21 00:00:00,609,53225,1,1557.675,USD
2010-02-15 00:00:00,2010-02-21 00:00:00,609,54476,1,778.8375,USD
2010-02-15 00:00:00,2010-02-21 00:00:00,609,54568,1,778.8375,GBP
2010-02-15 00:00:00,2010-02-21 00:00:00,609,55113,1,778.8375,GBP
2010-02-15 00:00:00,2010-02-21 00:00:00,609,55806,1,778.8375,GBP
2010-02-15 00:00:00,2010-02-21 00:00:00,609,57701,1,778.8375,GBP
2010-02-15 00:00:00,2010-02-21 00:00:00,609,58040,1,778.8375,GBP
2010-02-15 00:00:00,2010-02-21 00:00:00,609,58504,1,778.8375,USD
2010-02-15 00:00:00,2010-02-21 00:00:00,609,63144,1,778.8375,USD
2010-02-15 00:00:00,2010-02-21 00:00:00,609,64083,1,778.8375,USD
2010-02-15 00:00:00,2010-02-21 00:00:00,609,64501,1,778.8375,GBP
2010-02-15 00:00:00,2010-02-21 00:00:00,609,64507,1,778.8375,USD
2010-02-15 00:00:00,2010-02-21 00:00:00,609,64746,1,778.8375,USD
2010-02-15 00:00:00,2010-02-21 00:00:00,609,65202,1,778.8375,USD
2010-02-15 00:00:00,2010-02-21 00:00:00,609,66614,1,778.8375,GBP
2010-02-15 00:00:00,2010-02-21 00:00:00,609,67901,1,778.8375,GBP
2010-02-15 00:00:00,2010-02-21 00:00:00,609,71473,1,778.8375,USD
2010-02-15 00:00:00,2010-02-21 00:00:00,609,72113,1,778.8375,USD
2010-02-15 00:00:00,2010-02-21 00:00:00,609,73099,2,1557.675,USD
2010-02-15 00:00:00,2010-02-21 00:00:00,609,74128,1,778.8375,GBP
2010-02-15 00:00:00,2010-02-21 00:00:00,609,74354,1,778.8375,GBP
2010-02-15 00:00:00,2010-02-21 00:00:00,609,75043,1,778.8375,GBP
2010-02-15 00:00:00,2010-02-21 00:00:00,609,75082,1,778.8375,GBP
2010-02-15 00:00:00,2010-02-21 00:00:00,609,75150,1,778.8375,USD
2010-02-15 00:00:00,2010-02-21 00:00:00,609,76021,1,778.8375,USD
2010-02-15 00:00:00,2010-02-21 00:00:00,609,76230,1,778.8375,USD
2010-02-15 00:00:00,2010-02-21 00:00:00,609,76706,1,778.8375,USD
2010-02-15 00:00:00,2010-02-21 00:00:00,609,77520,1,778.8375,USD
2010-02-15 00:00:00,2010-02-21 00:00:00,609,77803,1,778.8375,GBP
2010-02-15 00:00:00,2010-02-21 00:00:00,609,77901,1,778.8375,USD
2010-02-15 00:00:00,2010-02-21 00:00:00,609,78258,1,778.8375,USD
2010-02-15 00:00:00,2010-02-21 00:00:00,609,78676,1,778.8375,USD
2010-02-15 00:00:00,2010-02-21 00:00:00,609,78726,1,778.8375,USD
2010-02-15 00:00:00,2010-02-21 00:00:00,609,79106,1,778.8375,USD
2010-02-15 00:00:00,2010-02-21 00:00:00,609,79714,1,778.8375,GBP
2010-02-15 00:00:00,2010-02-21 00:00:00,609,79765,1,778.8375,USD
2010-02-15 00:00:00,2010-02-21 00:00:00,609,85254,1,778.8375,USD
2010-02-15 00:00:00,2010-02-21 00:00:00,609,85718,1,778.8375,GBP
2010-02-15 00:00:00,2010-02-21 00:00:00,609,87505,1,778.8375,GBP
2010-02-15 00:00:00,2010-02-21 00:00:00,609,89123,1,778.8375,USD
2010-02-15 00:00:00,2010-02-21 00:00:00,609,90248,1,794.0625,USD
2010-02-15 00:00:00,2010-02-21 00:00:00,609,90717,1,794.0625,USD
2010-02-15 00:00:00,2010-02-21 00:00:00,609,91361,1,794.0625,USD
2010-02-15 00:00:00,2010-02-21 00:00:00,609,91745,1,794.0625,GBP
2010-02-15 00:00:00,2010-02-21 00:00:00,609,92110,1,794.0625,GBP
2010-02-15 00:00:00,2010-02-21 00:00:00,609,92284,1,794.0625,GBP
2010-02-15 00:00:00,2010-02-21 00:00:00,609,92592,1,794.0625,GBP
2010-02-15 00:00:00,2010-02-21 00:00:00,609,92618,1,778.8375,GBP
2010-02-15 00:00:00,2010-02-21 00:00:00,609,93274,1,794.0625,GBP
2010-02-15 00:00:00,2010-02-21 00:00:00,609,93309,1,794.0625,GBP
2010-02-15 00:00:00,2010-02-21 00:00:00,609,93722,1,794.0625,GBP
2010-02-15 00:00:00,2010-02-21 00:00:00,609,94010,1,794.0625,USD
2010-02-15 00:00:00,2010-02-21 00:00:00,609,95004,1,794.0625,USD
2010-02-15 00:00:00,2010-02-21 00:00:00,609,95212,1,794.0625,USD
2010-02-15 00:00:00,2010-02-21 00:00:00,609,95650,1,794.0625,USD
2010-02-15 00:00:00,2010-02-21 00:00:00,609,95765,1,794.0625,GBP
2010-02-15 00:00:00,2010-02-21 00:00:00,609,95815,1,794.0625,USD
2010-02-15 00:00:00,2010-02-21 00:00:00,609,95926,1,794.0625,USD
2010-02-15 00:00:00,2010-02-21 00:00:00,609,97228,1,778.8375,USD
2010-02-15 00:00:00,2010-02-21 00:00:00,609,97303,1,778.8375,GBP
2010-02-15 00:00:00,2010-02-21 00:00:00,609,97341,1,778.8375,GBP
2010-02-15 00:00:00,2010-02-21 00:00:00,631,01590,1,346.2375,USD
2010-02-15 00:00:00,2010-02-21 00:00:00,631,06060,1,346.2375,USD
2010-02-15 00:00:00,2010-02-21 00:00:00,631,06708,1,346.2375,GBP
2010-02-15 00:00:00,2010-02-21 00:00:00,631,08332,1,346.2375,GBP
2010-02-15 00:00:00,2010-02-21 00:00:00,631,08611,1,346.2375,GBP
2010-02-15 00:00:00,2010-02-21 00:00:00,631,21074,1,346.2375,GBP
2010-02-15 00:00:00,2010-02-21 00:00:00,631,29053,1,346.2375,GBP
2010-02-15 00:00:00,2010-02-21 00:00:00,631,32225,1,346.2375,GBP
2010-02-15 00:00:00,2010-02-21 00:00:00,631,33326,1,346.2375,USD
2010-02-15 00:00:00,2010-02-21 00:00:00,631,33924,1,346.2375,GBP
2010-02-15 00:00:00,2010-02-21 00:00:00,631,35212,1,346.2375,GBP
2010-02-15 00:00:00,2010-02-21 00:00:00,631,35242,1,346.2375,USD
2010-02-15 00:00:00,2010-02-21 00:00:00,631,36303,1,346.2375,GBP
2010-02-15 00:00:00,2010-02-21 00:00:00,631,37060,1,346.2375,GBP
2010-02-15 00:00:00,2010-02-21 00:00:00,631,37090,1,346.2375,GBP
2010-02-15 00:00:00,2010-02-21 00:00:00,631,50156,1,346.2375,USD
2010-02-15 00:00:00,2010-02-21 00:00:00,631,50441,1,346.2375,GBP
2010-02-15 00:00:00,2010-02-21 00:00:00,631,52403,1,346.2375,USD
2010-02-15 00:00:00,2010-02-21 00:00:00,631,52534,1,346.2375,USD
2010-02-15 00:00:00,2010-02-21 00:00:00,631,54636,1,346.2375,GBP
2010-02-15 00:00:00,2010-02-21 00:00:00,631,56303,1,346.2375,GBP
2010-02-15 00:00:00,2010-02-21 00:00:00,631,75287,1,346.2375,USD
2010-02-15 00:00:00,2010-02-21 00:00:00,631,95060,1,352.5375,USD
2010-02-15 00:00:00,2010-02-21 00:00:00,645,21136,1,746.55,GBP
2010-02-15 00:00:00,2010-02-21 00:00:00,645,29212,1,746.55,USD
2010-02-15 00:00:00,2010-02-21 00:00:00,645,29575,1,746.55,USD
2010-02-15 00:00:00,2010-02-21 00:00:00,645,32602,1,746.55,GBP
2010-02-15 00:00:00,2010-02-21 00:00:00,645,34235,1,746.55,USD
2010-02-15 00:00:00,2010-02-21 00:00:00,645,46530,1,746.55,USD
2010-02-15 00:00:00,2010-02-21 00:00:00,645,46725,1,746.55,GBP
2010-02-15 00:00:00,2010-02-21 00:00:00,645,47303,1,746.55,GBP
2010-02-15 00:00:00,2010-02-21 00:00:00,645,47586,1,746.55,USD
2010-02-15 00:00:00,2010-02-21 00:00:00,645,50680,1,746.55,GBP
2010-02-15 00:00:00,2010-02-21 00:00:00,645,53045,1,746.55,USD
2010-02-15 00:00:00,2010-02-21 00:00:00,645,55331,1,746.55,USD
2010-02-15 00:00:00,2010-02-21 00:00:00,645,63701,1,746.55,GBP
2010-02-15 00:00:00,2010-02-21 00:00:00,645,72631,1,746.55,USD
2010-02-15 00:00:00,2010-02-21 00:00:00,645,72802,1,746.55,GBP
2010-02-15 00:00:00,2010-02-21 00:00:00,645,75234,1,746.55,GBP
2010-02-15 00:00:00,2010-02-21 00:00:00,645,78641,1,746.55,USD
2010-02-15 00:00:00,2010-02-21 00:00:00,645,78745,1,746.55,USD
2010-02-15 00:00:00,2010-02-21 00:00:00,645,90292,1,761.5125,GBP
2010-02-15 00:00:00,2010-02-21 00:00:00,645,90631,1,761.5125,USD
2010-02-15 00:00:00,2010-02-21 00:00:00,645,91910,1,761.5125,USD
2010-02-15 00:00:00,2010-02-21 00:00:00,645,92651,1,761.5125,USD
2010-02-15 00:00:00,2010-02-21 00:00:00,645,94509,1,761.5125,USD
2010-02-15 00:00:00,2010-02-21 00:00:00,645,94947,1,761.5125,USD
2010-02-15 00:00:00,2010-02-21 00:00:00,658,02568,1,902.7375,USD
2010-02-15 00:00:00,2010-02-21 00:00:00,658,21237,1,902.7375,USD
2010-02-15 00:00:00,2010-02-21 00:00:00,658,55987,1,902.7375,USD
2010-02-15 00:00:00,2010-02-21 00:00:00,658,73541,1,902.7375,USD
2010-02-15 00:00:00,2010-02-21 00:00:00,658,79114,1,902.7375,USD
2010-02-15 00:00:00,2010-02-21 00:00:00,658,95758,1,917.9625,GBP
2010-02-15 00:00:00,2010-02-21 00:00:00,658,97459,1,902.7375,USD
2010-02-15 00:00:00,2010-02-21 00:00:00,663,32118,1,765.45,USD
2010-02-15 00:00:00,2010-02-21 00:00:00,663,54016,1,765.45,USD
2010-02-15 00:00:00,2010-02-21 00:00:00,663,54650,1,765.45,USD
2010-02-15 00:00:00,2010-02-21 00:00:00,663,55110,1,765.45,GBP
2010-02-15 00:00:00,2010-02-21 00:00:00,663,63031,1,765.45,USD
2010-02-15 00:00:00,2010-02-21 00:00:00,663,63129,1,765.45,USD
2010-02-15 00:00:00,2010-02-21 00:00:00,663,76655,1,765.45,USD
2010-02-15 00:00:00,2010-02-21 00:00:00,676,02093,1,801.9375,USD
2010-02-15 00:00:00,2010-02-21 00:00:00,676,06052,1,801.9375,GBP
2010-02-15 00:00:00,2010-02-21 00:00:00,676,06114,1,801.9375,USD
2010-02-15 00:00:00,2010-02-21 00:00:00,676,06877,1,801.9375,USD
2010-02-15 00:00:00,2010-02-21 00:00:00,676,06902,1,801.9375,GBP
2010-02-15 00:00:00,2010-02-21 00:00:00,676,07410,1,801.9375,USD
2010-02-15 00:00:00,2010-02-21 00:00:00,676,08095,1,801.9375,USD
2010-02-15 00:00:00,2010-02-21 00:00:00,676,08201,1,801.9375,USD
2010-02-15 00:00:00,2010-02-21 00:00:00,676,08343,1,801.9375,USD
2010-02-15 00:00:00,2010-02-21 00:00:00,676,08527,1,801.9375,USD
2010-02-15 00:00:00,2010-02-21 00:00:00,676,19807,1,801.9375,USD
2010-02-15 00:00:00,2010-02-21 00:00:00,676,21122,1,801.9375,USD
2010-02-15 00:00:00,2010-02-21 00:00:00,676,25701,2,1603.875,GBP
2010-02-15 00:00:00,2010-02-21 00:00:00,676,29169,1,801.9375,USD
2010-02-15 00:00:00,2010-02-21 00:00:00,676,33334,1,801.9375,GBP
2010-02-15 00:00:00,2010-02-21 00:00:00,676,34251,1,801.9375,USD
2010-02-15 00:00:00,2010-02-21 00:00:00,676,40215,1,3207.75,GBP
2010-02-15 00:00:00,2010-02-21 00:00:00,676,40215,1,1603.875,USD
2010-02-15 00:00:00,2010-02-21 00:00:00,676,40472,1,1603.875,GBP
2010-02-15 00:00:00,2010-02-21 00:00:00,676,40472,1,4009.6875,USD
2010-02-15 00:00:00,2010-02-21 00:00:00,676,42701,1,801.9375,GBP
2010-02-15 00:00:00,2010-02-21 00:00:00,676,46240,1,801.9375,GBP
2010-02-15 00:00:00,2010-02-21 00:00:00,676,46514,4,6415.5,GBP
2010-02-15 00:00:00,2010-02-21 00:00:00,676,46514,4,9623.25,USD
2010-02-15 00:00:00,2010-02-21 00:00:00,676,47201,1,801.9375,USD
2010-02-15 00:00:00,2010-02-21 00:00:00,676,47804,1,11227.125,GBP
2010-02-15 00:00:00,2010-02-21 00:00:00,676,47804,1,10425.1875,USD
2010-02-15 00:00:00,2010-02-21 00:00:00,676,52601,1,801.9375,USD
2010-02-15 00:00:00,2010-02-21 00:00:00,676,52722,1,801.9375,USD
2010-02-15 00:00:00,2010-02-21 00:00:00,676,53225,1,801.9375,GBP
2010-02-15 00:00:00,2010-02-21 00:00:00,676,53225,1,4811.625,USD
2010-02-15 00:00:00,2010-02-21 00:00:00,676,53227,1,801.9375,GBP
2010-02-15 00:00:00,2010-02-21 00:00:00,676,53227,1,4811.625,USD
2010-02-15 00:00:00,2010-02-21 00:00:00,676,54304,1,801.9375,USD
2010-02-15 00:00:00,2010-02-21 00:00:00,676,54474,1,801.9375,USD
2010-02-15 00:00:00,2010-02-21 00:00:00,676,54650,1,801.9375,GBP
2010-02-15 00:00:00,2010-02-21 00:00:00,676,58103,1,801.9375,GBP
2010-02-15 00:00:00,2010-02-21 00:00:00,676,58402,1,816.9,USD
2010-02-15 00:00:00,2010-02-21 00:00:00,676,59353,1,801.9375,USD
2010-02-15 00:00:00,2010-02-21 00:00:00,676,63011,1,801.9375,USD
2010-02-15 00:00:00,2010-02-21 00:00:00,676,63122,2,1603.875,USD
2010-02-15 00:00:00,2010-02-21 00:00:00,676,63123,1,801.9375,USD
2010-02-15 00:00:00,2010-02-21 00:00:00,676,63349,1,801.9375,USD
2010-02-15 00:00:00,2010-02-21 00:00:00,676,64477,1,801.9375,USD
2010-02-15 00:00:00,2010-02-21 00:00:00,676,66213,1,801.9375,USD
2010-02-15 00:00:00,2010-02-21 00:00:00,676,67502,1,801.9375,USD
2010-02-15 00:00:00,2010-02-21 00:00:00,676,68467,1,801.9375,USD
2010-02-15 00:00:00,2010-02-21 00:00:00,676,70663,1,801.9375,GBP
2010-02-15 00:00:00,2010-02-21 00:00:00,676,75070,1,801.9375,USD
2010-02-15 00:00:00,2010-02-21 00:00:00,676,76021,1,801.9375,USD
2010-02-15 00:00:00,2010-02-21 00:00:00,676,76248,1,801.9375,GBP
2010-02-15 00:00:00,2010-02-21 00:00:00,676,76712,1,801.9375,USD
2010-02-15 00:00:00,2010-02-21 00:00:00,676,78233,1,801.9375,USD
2010-02-15 00:00:00,2010-02-21 00:00:00,676,78415,1,801.9375,USD
2010-02-15 00:00:00,2010-02-21 00:00:00,676,83714,1,801.9375,USD
2010-02-15 00:00:00,2010-02-21 00:00:00,676,84050,1,801.9375,GBP
2010-02-15 00:00:00,2010-02-21 00:00:00,676,84302,1,801.9375,USD
2010-02-15 00:00:00,2010-02-21 00:00:00,676,85308,1,801.9375,USD
2010-02-15 00:00:00,2010-02-21 00:00:00,676,90078,1,816.9,USD
2010-02-15 00:00:00,2010-02-21 00:00:00,676,91786,1,816.9,USD
2010-02-15 00:00:00,2010-02-21 00:00:00,676,92054,1,816.9,USD
2010-02-15 00:00:00,2010-02-21 00:00:00,676,92410,1,816.9,USD
2010-02-15 00:00:00,2010-02-21 00:00:00,676,92870,1,816.9,USD
2010-02-15 00:00:00,2010-02-21 00:00:00,676,93447,1,816.9,USD
2010-02-15 00:00:00,2010-02-21 00:00:00,676,93536,1,816.9,USD
2010-02-15 00:00:00,2010-02-21 00:00:00,676,94102,1,816.9,USD
2010-02-15 00:00:00,2010-02-21 00:00:00,676,94507,1,816.9,USD
2010-02-15 00:00:00,2010-02-21 00:00:00,676,94523,1,816.9,GBP
2010-02-15 00:00:00,2010-02-21 00:00:00,676,94947,1,816.9,USD
2010-02-15 00:00:00,2010-02-21 00:00:00,676,95492,1,816.9,GBP
2010-02-15 00:00:00,2010-02-21 00:00:00,676,97206,1,801.9375,USD
2010-02-15 00:00:00,2010-02-21 00:00:00,676,97225,1,801.9375,USD
2010-02-15 00:00:00,2010-02-21 00:00:00,676,97405,1,801.9375,USD
2010-02-15 00:00:00,2010-02-21 00:00:00,676,97535,1,801.9375,USD
2010-02-15 00:00:00,2010-02-21 00:00:00,681,01247,1,629.7375,USD
2010-02-15 00:00:00,2010-02-21 00:00:00,681,06053,1,629.7375,USD
2010-02-15 00:00:00,2010-02-21 00:00:00,681,07801,1,629.7375,USD
2010-02-15 00:00:00,2010-02-21 00:00:00,681,19938,1,629.7375,USD
2010-02-15 00:00:00,2010-02-21 00:00:00,681,29841,1,629.7375,USD
2010-02-15 00:00:00,2010-02-21 00:00:00,681,46218,1,629.7375,GBP
2010-02-15 00:00:00,2010-02-21 00:00:00,681,70719,1,629.7375,USD
2010-02-15 00:00:00,2010-02-21 00:00:00,681,73118,1,629.7375,GBP
2010-02-15 00:00:00,2010-02-21 00:00:00,681,77378,1,629.7375,USD
2010-02-15 00:00:00,2010-02-21 00:00:00,681,90250,1,644.9625,USD
2010-02-15 00:00:00,2010-02-21 00:00:00,681,93222,1,644.9625,USD
2010-02-15 00:00:00,2010-02-21 00:00:00,681,95476,1,644.9625,USD
2010-02-15 00:00:00,2010-02-21 00:00:00,681,95603,1,644.9625,GBP
2010-02-15 00:00:00,2010-02-21 00:00:00,681,96001,1,644.9625,USD
2010-02-15 00:00:00,2010-02-21 00:00:00,681,97304,1,629.7375,USD
2010-02-15 00:00:00,2010-02-21 00:00:00,683,06095,1,788.025,GBP
2010-02-15 00:00:00,2010-02-21 00:00:00,683,08360,1,788.025,GBP
2010-02-15 00:00:00,2010-02-21 00:00:00,683,21037,1,2364.075,GBP
2010-02-15 00:00:00,2010-02-21 00:00:00,683,21037,1,3152.1,USD
2010-02-15 00:00:00,2010-02-21 00:00:00,683,21401,1,788.025,USD
2010-02-15 00:00:00,2010-02-21 00:00:00,683,29932,1,788.025,GBP
2010-02-15 00:00:00,2010-02-21 00:00:00,683,35216,1,788.025,USD
2010-02-15 00:00:00,2010-02-21 00:00:00,683,40962,1,788.025,GBP
2010-02-15 00:00:00,2010-02-21 00:00:00,683,53024,1,788.025,GBP
2010-02-15 00:00:00,2010-02-21 00:00:00,683,55303,1,788.025,GBP
2010-02-15 00:00:00,2010-02-21 00:00:00,683,65301,1,788.025,GBP
2010-02-15 00:00:00,2010-02-21 00:00:00,683,66061,1,788.025,USD
2010-02-15 00:00:00,2010-02-21 00:00:00,683,66106,1,788.025,USD
2010-02-15 00:00:00,2010-02-21 00:00:00,683,83661,1,788.025,GBP
2010-02-15 00:00:00,2010-02-21 00:00:00,683,83815,1,788.025,GBP
2010-02-15 00:00:00,2010-02-21 00:00:00,683,91915,1,803.25,GBP
2010-02-15 00:00:00,2010-02-21 00:00:00,683,94510,1,803.25,GBP
2010-02-15 00:00:00,2010-02-21 00:00:00,687,29575,1,445.9875,USD
2010-02-15 00:00:00,2010-02-21 00:00:00,687,32907,1,445.9875,GBP
2010-02-15 00:00:00,2010-02-21 00:00:00,687,36116,1,445.9875,GBP
2010-02-15 00:00:00,2010-02-21 00:00:00,687,46142,1,445.9875,USD
2010-02-15 00:00:00,2010-02-21 00:00:00,687,53572,1,445.9875,GBP
2010-02-15 00:00:00,2010-02-21 00:00:00,687,56763,1,445.9875,USD
2010-02-15 00:00:00,2010-02-21 00:00:00,687,66801,1,445.9875,USD
2010-02-15 00:00:00,2010-02-21 00:00:00,687,76520,1,445.9875,USD
2010-02-15 00:00:00,2010-02-21 00:00:00,687,76542,1,445.9875,USD
2010-02-15 00:00:00,2010-02-21 00:00:00,687,85027,1,445.9875,USD
2010-02-15 00:00:00,2010-02-21 00:00:00,687,89506,1,445.9875,GBP
2010-02-15 00:00:00,2010-02-21 00:00:00,702,20622,1,286.0725,USD
2010-02-15 00:00:00,2010-02-21 00:00:00,702,33428,1,286.0725,GBP
2010-02-15 00:00:00,2010-02-21 00:00:00,702,92021,1,286.0725,GBP
2010-02-15 00:00:00,2010-02-21 00:00:00,702,92064,1,286.0725,GBP
2010-02-15 00:00:00,2010-02-21 00:00:00,702,92264,1,286.0725,GBP
2010-02-15 00:00:00,2010-02-21 00:00:00,702,94110,2,572.145,GBP
2010-02-15 00:00:00,2010-02-21 00:00:00,713,29078,1,160.0725,USD
2010-02-15 00:00:00,2010-02-21 00:00:00,713,74452,1,160.0725,USD
2010-02-15 00:00:00,2010-02-21 00:00:00,713,85304,1,160.0725,USD
2010-02-15 00:00:00,2010-02-21 00:00:00,713,91730,1,160.0725,USD
2010-02-15 00:00:00,2010-02-21 00:00:00,713,93308,1,160.0725,USD
2010-02-15 00:00:00,2010-02-21 00:00:00,714,34667,1,160.0725,USD
2010-02-15 00:00:00,2010-02-21 00:00:00,714,64628,1,160.0725,GBP
2010-02-15 00:00:00,2010-02-21 00:00:00,714,74452,1,160.0725,USD
2010-02-15 00:00:00,2010-02-21 00:00:00,714,93311,1,160.0725,GBP
2010-02-15 00:00:00,2010-02-21 00:00:00,714,94526,1,160.0725,GBP
2010-02-15 00:00:00,2010-02-21 00:00:00,725,07832,1,115.4475,GBP
2010-02-15 00:00:00,2010-02-21 00:00:00,725,08037,1,115.4475,GBP
2010-02-15 00:00:00,2010-02-21 00:00:00,725,32779,2,230.895,GBP
2010-02-15 00:00:00,2010-02-21 00:00:00,725,33521,1,115.4475,GBP
2010-02-15 00:00:00,2010-02-21 00:00:00,725,33972,1,115.4475,GBP
2010-02-15 00:00:00,2010-02-21 00:00:00,725,34241,2,230.895,GBP
2010-02-15 00:00:00,2010-02-21 00:00:00,725,35007,1,115.4475,USD
2010-02-15 00:00:00,2010-02-21 00:00:00,725,37129,1,115.4475,USD
2010-02-15 00:00:00,2010-02-21 00:00:00,725,47551,1,461.79,GBP
2010-02-15 00:00:00,2010-02-21 00:00:00,725,47551,1,461.79,USD
2010-02-15 00:00:00,2010-02-21 00:00:00,725,51503,1,115.4475,USD
2010-02-15 00:00:00,2010-02-21 00:00:00,725,57785,1,115.4475,USD
2010-02-15 00:00:00,2010-02-21 00:00:00,725,63052,1,115.4475,GBP
2010-02-15 00:00:00,2010-02-21 00:00:00,725,66938,1,115.4475,USD
2010-02-15 00:00:00,2010-02-21 00:00:00,725,67216,1,115.4475,GBP
2010-02-15 00:00:00,2010-02-21 00:00:00,725,67661,1,115.4475,GBP
2010-02-15 00:00:00,2010-02-21 00:00:00,725,72711,1,115.4475,GBP
2010-02-15 00:00:00,2010-02-21 00:00:00,725,73448,1,115.4475,GBP
2010-02-15 00:00:00,2010-02-21 00:00:00,725,75572,1,115.4475,GBP
2010-02-15 00:00:00,2010-02-21 00:00:00,725,75656,1,115.4475,USD
2010-02-15 00:00:00,2010-02-21 00:00:00,725,77546,1,115.4475,USD
2010-02-15 00:00:00,2010-02-21 00:00:00,725,77662,1,115.4475,USD
2010-02-15 00:00:00,2010-02-21 00:00:00,725,83402,1,115.4475,GBP
2010-02-15 00:00:00,2010-02-21 00:00:00,725,86004,1,115.4475,GBP
2010-02-15 00:00:00,2010-02-21 00:00:00,725,95252,1,115.4475,GBP
2010-02-15 00:00:00,2010-02-21 00:00:00,726,08037,1,115.4475,GBP
2010-02-15 00:00:00,2010-02-21 00:00:00,726,21214,1,115.4475,GBP
2010-02-15 00:00:00,2010-02-21 00:00:00,726,37064,1,115.4475,USD
2010-02-15 00:00:00,2010-02-21 00:00:00,726,38366,1,115.4475,GBP
2010-02-15 00:00:00,2010-02-21 00:00:00,726,38835,1,115.4475,USD
2010-02-15 00:00:00,2010-02-21 00:00:00,726,47551,1,808.1325,GBP
2010-02-15 00:00:00,2010-02-21 00:00:00,726,47551,1,230.895,USD
2010-02-15 00:00:00,2010-02-21 00:00:00,726,64080,1,115.4475,GBP
2010-02-15 00:00:00,2010-02-21 00:00:00,726,75070,2,230.895,GBP
2010-02-15 00:00:00,2010-02-21 00:00:00,726,84004,1,115.4475,GBP
2010-02-15 00:00:00,2010-02-21 00:00:00,726,84601,1,115.4475,USD
2010-02-15 00:00:00,2010-02-21 00:00:00,726,85205,1,115.4475,GBP
2010-02-15 00:00:00,2010-02-21 00:00:00,726,85249,1,115.4475,USD
2010-02-15 00:00:00,2010-02-21 00:00:00,726,87176,1,115.4475,GBP
2010-02-15 00:00:00,2010-02-21 00:00:00,726,89444,1,115.4475,USD
2010-02-15 00:00:00,2010-02-21 00:00:00,726,92590,1,115.4475,USD
2010-02-15 00:00:00,2010-02-21 00:00:00,726,93638,1,115.4475,GBP
2010-02-15 00:00:00,2010-02-21 00:00:00,726,94117,1,115.4475,GBP
2010-02-15 00:00:00,2010-02-21 00:00:00,726,95046,1,115.4475,USD
2010-02-15 00:00:00,2010-02-21 00:00:00,726,95051,1,115.4475,GBP
2010-02-15 00:00:00,2010-02-21 00:00:00,726,95758,1,115.4475,USD
2010-02-15 00:00:00,2010-02-21 00:00:00,726,97007,1,115.4475,GBP
2010-02-15 00:00:00,2010-02-21 00:00:00,726,97108,1,115.4475,GBP
2010-02-15 00:00:00,2010-02-21 00:00:00,727,08053,1,62.9475,USD
2010-02-15 00:00:00,2010-02-21 00:00:00,727,26529,1,62.9475,GBP
2010-02-15 00:00:00,2010-02-21 00:00:00,727,32541,1,62.9475,USD
2010-02-15 00:00:00,2010-02-21 00:00:00,727,34251,1,62.9475,USD
2010-02-15 00:00:00,2010-02-21 00:00:00,727,36567,1,62.9475,GBP
2010-02-15 00:00:00,2010-02-21 00:00:00,727,37871,1,62.9475,GBP
2010-02-15 00:00:00,2010-02-21 00:00:00,727,42337,1,62.9475,USD
2010-02-15 00:00:00,2010-02-21 00:00:00,727,63146,1,62.9475,USD
2010-02-15 00:00:00,2010-02-21 00:00:00,727,70578,1,62.9475,GBP
2010-02-15 00:00:00,2010-02-21 00:00:00,727,72472,1,62.9475,GBP
2010-02-15 00:00:00,2010-02-21 00:00:00,727,73717,1,65.5725,GBP
2010-02-15 00:00:00,2010-02-21 00:00:00,727,76114,1,62.9475,USD
2010-02-15 00:00:00,2010-02-21 00:00:00,727,89118,1,62.9475,GBP
2010-02-15 00:00:00,2010-02-21 00:00:00,727,92307,1,62.9475,USD
2010-02-15 00:00:00,2010-02-21 00:00:00,727,92377,1,62.9475,USD
2010-02-15 00:00:00,2010-02-21 00:00:00,727,93444,1,62.9475,GBP
2010-02-15 00:00:00,2010-02-21 00:00:00,727,99669,1,62.9475,GBP
2010-02-15 00:00:00,2010-02-21 00:00:00,728,25267,1,62.9475,GBP
2010-02-15 00:00:00,2010-02-21 00:00:00,728,29212,1,68.1975,USD
2010-02-15 00:00:00,2010-02-21 00:00:00,728,32750,1,62.9475,GBP
2010-02-15 00:00:00,2010-02-21 00:00:00,728,33175,1,68.1975,USD
2010-02-15 00:00:00,2010-02-21 00:00:00,728,33467,1,62.9475,GBP
2010-02-15 00:00:00,2010-02-21 00:00:00,728,36351,1,62.9475,USD
2010-02-15 00:00:00,2010-02-21 00:00:00,728,36567,1,62.9475,USD
2010-02-15 00:00:00,2010-02-21 00:00:00,728,66027,1,62.9475,USD
2010-02-15 00:00:00,2010-02-21 00:00:00,728,73717,1,65.5725,GBP
2010-02-15 00:00:00,2010-02-21 00:00:00,728,75028,1,62.9475,USD
2010-02-15 00:00:00,2010-02-21 00:00:00,728,75605,1,62.9475,USD
2010-02-15 00:00:00,2010-02-21 00:00:00,728,79925,1,62.9475,GBP
2010-02-15 00:00:00,2010-02-21 00:00:00,728,91311,1,62.9475,GBP
2010-02-15 00:00:00,2010-02-21 00:00:00,728,93306,1,62.9475,USD
2010-02-15 00:00:00,2010-02-21 00:00:00,728,94704,1,62.9475,USD
2010-02-15 00:00:00,2010-02-21 00:00:00,728,94947,1,62.9475,USD
2010-02-15 00:00:00,2010-02-21 00:00:00,728,95650,1,62.9475,GBP
2010-02-15 00:00:00,2010-02-21 00:00:00,728,95746,1,62.9475,USD
2010-02-15 00:00:00,2010-02-21 00:00:00,729,42141,1,299.1975,USD
2010-02-15 00:00:00,2010-02-21 00:00:00,729,89030,1,301.8225,GBP
2010-02-15 00:00:00,2010-02-21 00:00:00,729,95060,1,301.8225,GBP
2010-02-15 00:00:00,2010-02-21 00:00:00,730,42141,1,299.1975,USD
2010-02-15 00:00:00,2010-02-21 00:00:00,739,02351,1,170.5725,GBP
2010-02-15 00:00:00,2010-02-21 00:00:00,739,06804,1,170.5725,GBP
2010-02-15 00:00:00,2010-02-21 00:00:00,739,08865,1,170.5725,GBP
2010-02-15 00:00:00,2010-02-21 00:00:00,739,36521,1,170.5725,GBP
2010-02-15 00:00:00,2010-02-21 00:00:00,739,41773,1,170.5725,GBP
2010-02-15 00:00:00,2010-02-21 00:00:00,739,77043,1,167.9475,GBP
2010-02-15 00:00:00,2010-02-21 00:00:00,739,89015,1,170.5725,GBP
2010-02-15 00:00:00,2010-02-21 00:00:00,739,93720,1,170.5725,GBP
2010-02-15 00:00:00,2010-02-21 00:00:00,739,93960,1,170.5725,GBP
2010-02-15 00:00:00,2010-02-21 00:00:00,739,95376,1,170.5725,GBP
2010-02-15 00:00:00,2010-02-21 00:00:00,740,02780,1,170.5725,USD
2010-02-15 00:00:00,2010-02-21 00:00:00,740,05354,1,170.5725,USD
2010-02-15 00:00:00,2010-02-21 00:00:00,740,07067,1,170.5725,GBP
2010-02-15 00:00:00,2010-02-21 00:00:00,740,08094,1,170.5725,GBP
2010-02-15 00:00:00,2010-02-21 00:00:00,740,21791,1,170.5725,GBP
2010-02-15 00:00:00,2010-02-21 00:00:00,740,36330,1,170.5725,USD
2010-02-15 00:00:00,2010-02-21 00:00:00,740,37920,1,170.5725,GBP
2010-02-15 00:00:00,2010-02-21 00:00:00,740,38549,1,170.5725,GBP
2010-02-15 00:00:00,2010-02-21 00:00:00,740,39307,1,170.5725,USD
2010-02-15 00:00:00,2010-02-21 00:00:00,740,71104,1,170.5725,GBP
2010-02-15 00:00:00,2010-02-21 00:00:00,740,72834,1,170.5725,GBP
2010-02-15 00:00:00,2010-02-21 00:00:00,740,76227,1,170.5725,USD
2010-02-15 00:00:00,2010-02-21 00:00:00,740,85650,1,170.5725,USD
2010-02-15 00:00:00,2010-02-21 00:00:00,740,92583,1,170.5725,GBP
2010-02-15 00:00:00,2010-02-21 00:00:00,740,92586,1,170.5725,GBP
2010-02-15 00:00:00,2010-02-21 00:00:00,740,93117,1,170.5725,GBP
2010-02-15 00:00:00,2010-02-21 00:00:00,740,93243,1,170.5725,GBP
2010-02-15 00:00:00,2010-02-21 00:00:00,740,93444,1,170.5725,GBP
2010-02-15 00:00:00,2010-02-21 00:00:00,740,95677,1,170.5725,USD
2010-02-15 00:00:00,2010-02-21 00:00:00,740,95765,1,170.5725,GBP
2010-02-15 00:00:00,2010-02-21 00:00:00,743,89103,1,270.3225,GBP
2010-02-15 00:00:00,2010-02-21 00:00:00,747,42345,1,291.3225,GBP
2010-02-15 00:00:00,2010-02-21 00:00:00,747,59044,1,291.3225,USD
2010-02-15 00:00:00,2010-02-21 00:00:00,747,84041,1,291.3225,USD
2010-02-15 00:00:00,2010-02-21 00:00:00,747,89447,1,291.3225,GBP
2010-02-15 00:00:00,2010-02-21 00:00:00,747,97470,1,291.3225,USD
2010-02-15 00:00:00,2010-02-21 00:00:00,748,33480,1,291.3225,USD
2010-02-15 00:00:00,2010-02-21 00:00:00,748,59701,1,291.3225,GBP
2010-02-15 00:00:00,2010-02-21 00:00:00,748,84775,1,291.3225,GBP
2010-02-15 00:00:00,2010-02-21 00:00:00,748,93033,1,291.3225,USD
2010-02-15 00:00:00,2010-02-21 00:00:00,748,97054,1,291.3225,USD
2010-02-15 00:00:00,2010-02-21 00:00:00,748,97132,1,291.3225,USD
2010-02-15 00:00:00,2010-02-21 00:00:00,753,29821,1,244.0725,GBP
2010-02-15 00:00:00,2010-02-21 00:00:00,753,46614,1,244.0725,GBP
2010-02-15 00:00:00,2010-02-21 00:00:00,753,55398,1,244.0725,USD
2010-02-15 00:00:00,2010-02-21 00:00:00,753,65109,1,244.0725,GBP
2010-02-15 00:00:00,2010-02-21 00:00:00,753,69351,1,241.4475,GBP
2010-02-15 00:00:00,2010-02-21 00:00:00,753,69354,1,244.0725,GBP
2010-02-15 00:00:00,2010-02-21 00:00:00,753,71913,1,244.0725,GBP
2010-02-15 00:00:00,2010-02-21 00:00:00,753,72751,1,244.0725,GBP
2010-02-15 00:00:00,2010-02-21 00:00:00,753,73020,1,236.1975,USD
2010-02-15 00:00:00,2010-02-21 00:00:00,753,85296,1,244.0725,GBP
2010-02-15 00:00:00,2010-02-21 00:00:00,753,91978,1,244.0725,GBP
2010-02-15 00:00:00,2010-02-21 00:00:00,753,94089,1,241.4475,GBP
2010-02-15 00:00:00,2010-02-21 00:00:00,753,95111,1,241.4475,USD
2010-02-15 00:00:00,2010-02-21 00:00:00,753,95472,1,244.0725,GBP
2010-02-15 00:00:00,2010-02-21 00:00:00,753,97456,1,244.0725,USD
2010-02-15 00:00:00,2010-02-21 00:00:00,754,06385,1,244.0725,USD
2010-02-15 00:00:00,2010-02-21 00:00:00,754,21758,1,244.0725,USD
2010-02-15 00:00:00,2010-02-21 00:00:00,754,29821,1,244.0725,USD
2010-02-15 00:00:00,2010-02-21 00:00:00,754,65018,1,244.0725,GBP
2010-02-15 00:00:00,2010-02-21 00:00:00,754,65559,1,209.9475,GBP
2010-02-15 00:00:00,2010-02-21 00:00:00,754,69354,1,244.0725,USD
2010-02-15 00:00:00,2010-02-21 00:00:00,754,71913,1,244.0725,GBP
2010-02-15 00:00:00,2010-02-21 00:00:00,754,73020,1,236.1975,GBP
2010-02-15 00:00:00,2010-02-21 00:00:00,754,85207,1,241.4475,GBP
2010-02-15 00:00:00,2010-02-21 00:00:00,754,85326,1,244.0725,USD
2010-02-15 00:00:00,2010-02-21 00:00:00,754,85650,1,244.0725,USD
2010-02-15 00:00:00,2010-02-21 00:00:00,754,90815,1,244.0725,GBP
2010-02-15 00:00:00,2010-02-21 00:00:00,754,95032,1,241.4475,USD
2010-02-15 00:00:00,2010-02-21 00:00:00,754,95120,2,488.145,USD
2010-02-15 00:00:00,2010-02-21 00:00:00,754,95472,1,244.0725,USD
2010-02-15 00:00:00,2010-02-21 00:00:00,754,97034,1,244.0725,USD
2010-02-15 00:00:00,2010-02-21 00:00:00,754,97266,1,241.4475,USD
2010-02-15 00:00:00,2010-02-21 00:00:00,754,97386,1,244.0725,GBP
2010-02-15 00:00:00,2010-02-21 00:00:00,757,29038,1,83.9475,GBP
2010-02-15 00:00:00,2010-02-21 00:00:00,757,29483,1,83.9475,GBP
2010-02-15 00:00:00,2010-02-21 00:00:00,757,29621,1,83.9475,GBP
2010-02-15 00:00:00,2010-02-21 00:00:00,757,29730,1,83.9475,GBP
2010-02-15 00:00:00,2010-02-21 00:00:00,757,36804,1,83.9475,GBP
2010-02-15 00:00:00,2010-02-21 00:00:00,757,40065,1,83.9475,USD
2010-02-15 00:00:00,2010-02-21 00:00:00,757,42141,1,83.9475,USD
2010-02-15 00:00:00,2010-02-21 00:00:00,757,70582,1,83.9475,USD
2010-02-15 00:00:00,2010-02-21 00:00:00,757,71968,1,83.9475,USD
2010-02-15 00:00:00,2010-02-21 00:00:00,757,75067,1,83.9475,GBP
2010-02-15 00:00:00,2010-02-21 00:00:00,757,75189,1,83.9475,GBP
2010-02-15 00:00:00,2010-02-21 00:00:00,757,75633,1,83.9475,GBP
2010-02-15 00:00:00,2010-02-21 00:00:00,757,76543,1,83.9475,USD
2010-02-15 00:00:00,2010-02-21 00:00:00,757,83402,1,83.9475,GBP
2010-02-15 00:00:00,2010-02-21 00:00:00,757,94506,1,83.9475,GBP
2010-02-15 00:00:00,2010-02-21 00:00:00,757,95023,1,83.9475,GBP
2010-02-15 00:00:00,2010-02-21 00:00:00,757,95608,1,83.9475,GBP
2010-02-15 00:00:00,2010-02-21 00:00:00,757,95614,1,83.9475,USD
2010-02-15 00:00:00,2010-02-21 00:00:00,757,97420,1,83.9475,USD
2010-02-15 00:00:00,2010-02-21 00:00:00,758,08020,1,83.9475,USD
2010-02-15 00:00:00,2010-02-21 00:00:00,758,29038,1,83.9475,GBP
2010-02-15 00:00:00,2010-02-21 00:00:00,758,29621,1,83.9475,GBP
2010-02-15 00:00:00,2010-02-21 00:00:00,758,29645,1,83.9475,USD
2010-02-15 00:00:00,2010-02-21 00:00:00,758,34135,2,167.895,USD
2010-02-15 00:00:00,2010-02-21 00:00:00,758,34293,1,83.9475,USD
2010-02-15 00:00:00,2010-02-21 00:00:00,758,36804,1,83.9475,GBP
2010-02-15 00:00:00,2010-02-21 00:00:00,758,50313,1,83.9475,USD
2010-02-15 00:00:00,2010-02-21 00:00:00,758,75633,1,83.9475,USD
2010-02-15 00:00:00,2010-02-21 00:00:00,758,75685,1,83.9475,GBP
2010-02-15 00:00:00,2010-02-21 00:00:00,758,76227,1,83.9475,USD
2010-02-15 00:00:00,2010-02-21 00:00:00,758,76543,1,83.9475,USD
2010-02-15 00:00:00,2010-02-21 00:00:00,758,78566,1,83.9475,USD
2010-02-15 00:00:00,2010-02-21 00:00:00,758,85308,3,251.8425,USD
2010-02-15 00:00:00,2010-02-21 00:00:00,758,91320,1,83.9475,USD
2010-02-15 00:00:00,2010-02-21 00:00:00,758,94025,1,83.9475,USD
2010-02-15 00:00:00,2010-02-21 00:00:00,758,94568,1,83.9475,GBP
2010-02-15 00:00:00,2010-02-21 00:00:00,758,95023,1,83.9475,USD
2010-02-15 00:00:00,2010-02-21 00:00:00,758,95066,1,83.9475,USD
2010-02-15 00:00:00,2010-02-21 00:00:00,767,32226,1,104.9475,GBP
2010-02-15 00:00:00,2010-02-21 00:00:00,767,34470,1,104.9475,GBP
2010-02-15 00:00:00,2010-02-21 00:00:00,767,35579,1,104.9475,USD
2010-02-15 00:00:00,2010-02-21 00:00:00,767,37064,1,104.9475,GBP
2010-02-15 00:00:00,2010-02-21 00:00:00,767,37091,1,104.9475,GBP
2010-02-15 00:00:00,2010-02-21 00:00:00,767,37166,1,102.3225,GBP
2010-02-15 00:00:00,2010-02-21 00:00:00,767,38125,1,104.9475,GBP
2010-02-15 00:00:00,2010-02-21 00:00:00,767,46142,1,104.9475,USD
2010-02-15 00:00:00,2010-02-21 00:00:00,767,54311,1,104.9475,GBP
2010-02-15 00:00:00,2010-02-21 00:00:00,767,63775,1,104.9475,GBP
2010-02-15 00:00:00,2010-02-21 00:00:00,767,74108,1,104.9475,USD
2010-02-15 00:00:00,2010-02-21 00:00:00,767,77074,1,104.9475,USD
2010-02-15 00:00:00,2010-02-21 00:00:00,767,77505,1,104.9475,GBP
2010-02-15 00:00:00,2010-02-21 00:00:00,767,91042,1,104.9475,USD
2010-02-15 00:00:00,2010-02-21 00:00:00,767,92109,1,104.9475,GBP
2010-02-15 00:00:00,2010-02-21 00:00:00,767,92688,1,104.9475,GBP
2010-02-15 00:00:00,2010-02-21 00:00:00,767,95014,1,104.9475,GBP
2010-02-15 00:00:00,2010-02-21 00:00:00,767,95023,1,104.9475,GBP
2010-02-15 00:00:00,2010-02-21 00:00:00,767,95482,1,104.9475,GBP
2010-02-15 00:00:00,2010-02-21 00:00:00,767,95490,1,104.9475,GBP
2010-02-15 00:00:00,2010-02-21 00:00:00,767,95661,1,104.9475,GBP
2010-02-15 00:00:00,2010-02-21 00:00:00,767,97459,1,104.9475,GBP
2010-02-15 00:00:00,2010-02-21 00:00:00,768,32086,1,104.9475,USD
2010-02-15 00:00:00,2010-02-21 00:00:00,768,35043,1,104.9475,USD
2010-02-15 00:00:00,2010-02-21 00:00:00,768,37091,1,104.9475,USD
2010-02-15 00:00:00,2010-02-21 00:00:00,768,37379,1,104.9475,GBP
2010-02-15 00:00:00,2010-02-21 00:00:00,768,46077,1,104.9475,GBP
2010-02-15 00:00:00,2010-02-21 00:00:00,768,46319,1,104.9475,USD
2010-02-15 00:00:00,2010-02-21 00:00:00,768,50263,1,104.9475,GBP
2010-02-15 00:00:00,2010-02-21 00:00:00,768,59804,1,104.9475,GBP
2010-02-15 00:00:00,2010-02-21 00:00:00,768,63011,1,104.9475,GBP
2010-02-15 00:00:00,2010-02-21 00:00:00,768,70380,1,104.9475,USD
2010-02-15 00:00:00,2010-02-21 00:00:00,768,84512,1,104.9475,USD
2010-02-15 00:00:00,2010-02-21 00:00:00,768,90027,1,104.9475,USD
2010-02-15 00:00:00,2010-02-21 00:00:00,768,91910,1,104.9475,USD
2010-02-15 00:00:00,2010-02-21 00:00:00,768,91911,1,104.9475,USD
2010-02-15 00:00:00,2010-02-21 00:00:00,768,92109,1,104.9475,USD
2010-02-15 00:00:00,2010-02-21 00:00:00,768,92583,2,209.895,USD
2010-02-15 00:00:00,2010-02-21 00:00:00,768,95046,1,104.9475,USD
2010-02-15 00:00:00,2010-02-21 00:00:00,769,08098,1,257.1975,GBP
2010-02-15 00:00:00,2010-02-21 00:00:00,769,37025,1,257.1975,USD
2010-02-15 00:00:00,2010-02-21 00:00:00,769,38133,1,257.1975,USD
2010-02-15 00:00:00,2010-02-21 00:00:00,769,40219,2,514.395,USD
2010-02-15 00:00:00,2010-02-21 00:00:00,769,42519,1,257.1975,USD
2010-02-15 00:00:00,2010-02-21 00:00:00,769,42553,1,771.5925,GBP
2010-02-15 00:00:00,2010-02-21 00:00:00,769,42553,1,1028.79,USD
2010-02-15 00:00:00,2010-02-21 00:00:00,769,54935,1,257.1975,USD
2010-02-15 00:00:00,2010-02-21 00:00:00,769,65788,1,257.1975,GBP
2010-02-15 00:00:00,2010-02-21 00:00:00,769,77034,1,257.1975,GBP
2010-02-15 00:00:00,2010-02-21 00:00:00,769,85546,1,257.1975,GBP
2010-02-15 00:00:00,2010-02-21 00:00:00,769,89129,1,257.1975,USD
2010-02-15 00:00:00,2010-02-21 00:00:00,769,91765,1,257.1975,GBP
2010-02-15 00:00:00,2010-02-21 00:00:00,769,92345,1,257.1975,GBP
2010-02-15 00:00:00,2010-02-21 00:00:00,769,92399,1,257.1975,GBP
2010-02-15 00:00:00,2010-02-21 00:00:00,769,92570,1,257.1975,GBP
2010-02-15 00:00:00,2010-02-21 00:00:00,769,93536,1,257.1975,USD
2010-02-15 00:00:00,2010-02-21 00:00:00,769,99516,1,257.1975,GBP
2010-02-15 00:00:00,2010-02-21 00:00:00,770,25865,1,257.1975,GBP
2010-02-15 00:00:00,2010-02-21 00:00:00,770,33442,1,257.1975,GBP
2010-02-15 00:00:00,2010-02-21 00:00:00,770,34285,1,257.1975,GBP
2010-02-15 00:00:00,2010-02-21 00:00:00,770,38133,1,257.1975,USD
2010-02-15 00:00:00,2010-02-21 00:00:00,770,40219,2,514.395,GBP
2010-02-15 00:00:00,2010-02-21 00:00:00,770,42553,1,1028.79,GBP
2010-02-15 00:00:00,2010-02-21 00:00:00,770,42553,1,771.5925,USD
2010-02-15 00:00:00,2010-02-21 00:00:00,770,51053,1,257.1975,USD
2010-02-15 00:00:00,2010-02-21 00:00:00,770,55944,1,257.1975,GBP
2010-02-15 00:00:00,2010-02-21 00:00:00,770,67133,1,257.1975,USD
2010-02-15 00:00:00,2010-02-21 00:00:00,770,68135,1,257.1975,GBP
2010-02-15 00:00:00,2010-02-21 00:00:00,770,92009,1,257.1975,USD
2010-02-15 00:00:00,2010-02-21 00:00:00,770,92595,1,257.1975,USD
2010-02-15 00:00:00,2010-02-21 00:00:00,771,21237,1,165.3225,USD
2010-02-15 00:00:00,2010-02-21 00:00:00,771,34609,1,165.3225,GBP
2010-02-15 00:00:00,2010-02-21 00:00:00,771,47635,1,165.3225,USD
2010-02-15 00:00:00,2010-02-21 00:00:00,771,65536,1,165.3225,USD
2010-02-15 00:00:00,2010-02-21 00:00:00,771,89031,1,165.3225,USD
2010-02-15 00:00:00,2010-02-21 00:00:00,771,89506,1,165.3225,USD
2010-02-15 00:00:00,2010-02-21 00:00:00,771,92692,1,165.3225,GBP
2010-02-15 00:00:00,2010-02-21 00:00:00,771,92704,1,165.3225,USD
2010-02-15 00:00:00,2010-02-21 00:00:00,771,92887,1,165.3225,USD
2010-02-15 00:00:00,2010-02-21 00:00:00,772,08223,1,165.3225,GBP
2010-02-15 00:00:00,2010-02-21 00:00:00,772,25676,1,165.3225,GBP
2010-02-15 00:00:00,2010-02-21 00:00:00,772,36867,1,165.3225,GBP
2010-02-15 00:00:00,2010-02-21 00:00:00,772,42301,1,165.3225,GBP
2010-02-15 00:00:00,2010-02-21 00:00:00,772,65536,1,165.3225,GBP
2010-02-15 00:00:00,2010-02-21 00:00:00,772,84108,1,165.3225,GBP
2010-02-15 00:00:00,2010-02-21 00:00:00,772,89031,1,165.3225,GBP
2010-02-15 00:00:00,2010-02-21 00:00:00,772,91016,1,165.3225,GBP
2010-02-15 00:00:00,2010-02-21 00:00:00,772,92647,1,165.3225,GBP
2010-02-15 00:00:00,2010-02-21 00:00:00,795,42717,1,275.5725,USD
2010-02-15 00:00:00,2010-02-21 00:00:00,795,64021,1,275.5725,USD
2010-02-15 00:00:00,2010-02-21 00:00:00,795,68939,1,275.5725,USD
2010-02-15 00:00:00,2010-02-21 00:00:00,795,76021,1,275.5725,USD
2010-02-15 00:00:00,2010-02-21 00:00:00,795,78552,1,275.5725,GBP
2010-02-15 00:00:00,2010-02-21 00:00:00,795,83854,1,275.5725,USD
2010-02-15 00:00:00,2010-02-21 00:00:00,795,84020,1,275.5725,USD
2010-02-15 00:00:00,2010-02-21 00:00:00,795,85213,1,275.5725,GBP
2010-02-15 00:00:00,2010-02-21 00:00:00,795,89031,1,275.5725,GBP
2010-02-15 00:00:00,2010-02-21 00:00:00,795,90042,1,275.5725,USD
2010-02-15 00:00:00,2010-02-21 00:00:00,795,91354,1,275.5725,GBP
2010-02-15 00:00:00,2010-02-21 00:00:00,795,92407,1,275.5725,GBP
2010-02-15 00:00:00,2010-02-21 00:00:00,795,92807,1,275.5725,GBP
2010-02-15 00:00:00,2010-02-21 00:00:00,795,93023,1,275.5725,USD
2010-02-15 00:00:00,2010-02-21 00:00:00,795,93063,2,551.145,GBP
2010-02-15 00:00:00,2010-02-21 00:00:00,795,93455,1,275.5725,GBP
2010-02-15 00:00:00,2010-02-21 00:00:00,796,08092,1,275.5725,GBP
2010-02-15 00:00:00,2010-02-21 00:00:00,796,42717,1,275.5725,USD
2010-02-15 00:00:00,2010-02-21 00:00:00,796,59047,1,275.5725,USD
2010-02-15 00:00:00,2010-02-21 00:00:00,796,63044,1,275.5725,GBP
2010-02-15 00:00:00,2010-02-21 00:00:00,796,73835,1,272.9475,USD
2010-02-15 00:00:00,2010-02-21 00:00:00,796,76205,1,275.5725,GBP
2010-02-15 00:00:00,2010-02-21 00:00:00,796,77067,1,275.5725,GBP
2010-02-15 00:00:00,2010-02-21 00:00:00,796,78653,1,275.5725,USD
2010-02-15 00:00:00,2010-02-21 00:00:00,796,83401,1,275.5725,GBP
2010-02-15 00:00:00,2010-02-21 00:00:00,796,90042,1,275.5725,GBP
2010-02-15 00:00:00,2010-02-21 00:00:00,796,92407,1,275.5725,GBP
2010-02-15 00:00:00,2010-02-21 00:00:00,796,92530,1,275.5725,GBP
2010-02-15 00:00:00,2010-02-21 00:00:00,796,92688,1,275.5725,USD
2010-02-15 00:00:00,2010-02-21 00:00:00,796,92831,1,275.5725,USD
2010-02-15 00:00:00,2010-02-21 00:00:00,796,93023,1,275.5725,USD
2010-02-15 00:00:00,2010-02-21 00:00:00,796,93225,1,275.5725,USD
2010-02-15 00:00:00,2010-02-21 00:00:00,796,93401,1,275.5725,GBP
2010-02-15 00:00:00,2010-02-21 00:00:00,796,93940,1,275.5725,GBP
2010-02-15 00:00:00,2010-02-21 00:00:00,796,94506,4,1102.29,USD
2010-02-15 00:00:00,2010-02-21 00:00:00,796,95120,1,275.5725,GBP
2010-02-15 00:00:00,2010-02-21 00:00:00,796,95124,2,551.145,GBP
2010-02-15 00:00:00,2010-02-21 00:00:00,796,96013,1,275.5725,GBP
2010-02-15 00:00:00,2010-02-21 00:00:00,796,97223,1,275.5725,USD
2010-02-15 00:00:00,2010-02-21 00:00:00,796,97303,1,275.5725,GBP
2010-02-15 00:00:00,2010-02-21 00:00:00,796,97477,1,275.5725,GBP
2010-02-15 00:00:00,2010-02-21 00:00:00,797,07853,1,301.8225,GBP
2010-02-15 00:00:00,2010-02-21 00:00:00,797,33635,1,301.8225,USD
2010-02-15 00:00:00,2010-02-21 00:00:00,797,34275,1,301.8225,GBP
2010-02-15 00:00:00,2010-02-21 00:00:00,797,37757,2,603.645,USD
2010-02-15 00:00:00,2010-02-21 00:00:00,797,46517,1,301.8225,GBP
2010-02-15 00:00:00,2010-02-21 00:00:00,797,46835,1,301.8225,USD
2010-02-15 00:00:00,2010-02-21 00:00:00,797,52739,1,301.8225,USD
2010-02-15 00:00:00,2010-02-21 00:00:00,797,53151,1,301.8225,GBP
2010-02-15 00:00:00,2010-02-21 00:00:00,797,53227,1,603.645,GBP
2010-02-15 00:00:00,2010-02-21 00:00:00,797,53227,1,301.8225,USD
2010-02-15 00:00:00,2010-02-21 00:00:00,797,58501,1,301.8225,GBP
2010-02-15 00:00:00,2010-02-21 00:00:00,797,64670,1,301.8225,USD
2010-02-15 00:00:00,2010-02-21 00:00:00,797,67801,1,301.8225,GBP
2010-02-15 00:00:00,2010-02-21 00:00:00,797,68504,1,301.8225,GBP
2010-02-15 00:00:00,2010-02-21 00:00:00,797,74337,1,301.8225,USD
2010-02-15 00:00:00,2010-02-21 00:00:00,797,75252,1,301.8225,GBP
2010-02-15 00:00:00,2010-02-21 00:00:00,797,76086,1,301.8225,GBP
2010-02-15 00:00:00,2010-02-21 00:00:00,797,85259,1,301.8225,USD
2010-02-15 00:00:00,2010-02-21 00:00:00,797,85546,1,301.8225,USD
2010-02-15 00:00:00,2010-02-21 00:00:00,797,85730,1,301.8225,GBP
2010-02-15 00:00:00,2010-02-21 00:00:00,797,89128,1,301.8225,USD
2010-02-15 00:00:00,2010-02-21 00:00:00,797,89147,1,301.8225,GBP
2010-02-15 00:00:00,2010-02-21 00:00:00,797,91362,1,301.8225,GBP
2010-02-15 00:00:00,2010-02-21 00:00:00,797,92329,1,301.8225,USD
2010-02-15 00:00:00,2010-02-21 00:00:00,797,92407,1,301.8225,USD
2010-02-15 00:00:00,2010-02-21 00:00:00,797,92539,1,301.8225,GBP
2010-02-15 00:00:00,2010-02-21 00:00:00,797,93230,1,301.8225,GBP
2010-02-15 00:00:00,2010-02-21 00:00:00,797,94105,1,301.8225,USD
2010-02-15 00:00:00,2010-02-21 00:00:00,797,95945,1,301.8225,USD
2010-02-15 00:00:00,2010-02-21 00:00:00,797,97321,1,301.8225,GBP
2010-02-15 00:00:00,2010-02-21 00:00:00,797,97478,3,905.4675,USD
2010-02-15 00:00:00,2010-02-21 00:00:00,797,97914,1,301.8225,GBP
2010-02-15 00:00:00,2010-02-21 00:00:00,801,92128,1,288.6975,USD
2010-02-15 00:00:00,2010-02-21 00:00:00,823,77092,1,619.4475,USD
2010-02-15 00:00:00,2010-02-21 00:00:00,823,87123,1,619.4475,USD
2010-02-15 00:00:00,2010-02-21 00:00:00,833,33647,1,803.1975,USD
2010-02-15 00:00:00,2010-02-21 00:00:00,833,34223,1,803.1975,USD
2010-02-15 00:00:00,2010-02-21 00:00:00,837,32246,1,813.6975,USD
2010-02-15 00:00:00,2010-02-21 00:00:00,837,34117,1,813.6975,GBP
2010-02-15 00:00:00,2010-02-21 00:00:00,837,36260,1,813.6975,USD
2010-02-15 00:00:00,2010-02-21 00:00:00,837,53151,1,813.6975,USD
2010-02-15 00:00:00,2010-02-21 00:00:00,837,56082,1,813.6975,GBP
2010-02-15 00:00:00,2010-02-21 00:00:00,837,77478,1,813.6975,USD
2010-02-15 00:00:00,2010-02-21 00:00:00,838,20019,1,944.9475,GBP
2010-02-15 00:00:00,2010-02-21 00:00:00,838,20653,1,918.6975,USD
2010-02-15 00:00:00,2010-02-21 00:00:00,838,38141,1,944.9475,GBP
2010-02-15 00:00:00,2010-02-21 00:00:00,838,42437,1,934.4475,USD
2010-02-15 00:00:00,2010-02-21 00:00:00,838,55981,1,929.1975,GBP
2010-02-15 00:00:00,2010-02-21 00:00:00,838,57522,1,929.1975,GBP
2010-02-15 00:00:00,2010-02-21 00:00:00,838,67212,1,944.9475,USD
2010-02-15 00:00:00,2010-02-21 00:00:00,838,76016,1,929.1975,GBP
2010-02-15 00:00:00,2010-02-21 00:00:00,838,77489,1,944.9475,USD
2010-02-15 00:00:00,2010-02-21 00:00:00,838,78130,1,944.9475,GBP
2010-02-15 00:00:00,2010-02-21 00:00:00,838,78747,1,934.4475,USD
2010-02-15 00:00:00,2010-02-21 00:00:00,838,85231,1,934.4475,USD
2010-02-15 00:00:00,2010-02-21 00:00:00,838,94002,1,934.4475,GBP
2010-02-15 00:00:00,2010-02-21 00:00:00,838,97062,1,929.1975,GBP
2010-02-15 00:00:00,2010-02-21 00:00:00,842,87110,1,750.6975,GBP
2010-02-15 00:00:00,2010-02-21 00:00:00,847,32065,1,577.4475,GBP
2010-02-15 00:00:00,2010-02-21 00:00:00,847,38305,1,577.4475,USD
2010-02-15 00:00:00,2010-02-21 00:00:00,847,41092,1,603.6975,GBP
2010-02-15 00:00:00,2010-02-21 00:00:00,847,47601,1,551.1975,USD
2010-02-15 00:00:00,2010-02-21 00:00:00,847,55944,1,603.6975,GBP
2010-02-15 00:00:00,2010-02-21 00:00:00,847,70458,1,551.1975,GBP
2010-02-15 00:00:00,2010-02-21 00:00:00,847,78539,1,577.4475,GBP
2010-02-15 00:00:00,2010-02-21 00:00:00,847,84104,1,603.6975,USD
2010-02-15 00:00:00,2010-02-21 00:00:00,847,89128,1,551.1975,GBP
2010-02-15 00:00:00,2010-02-21 00:00:00,847,91706,1,603.6975,GBP
2010-02-15 00:00:00,2010-02-21 00:00:00,847,92562,1,603.6975,USD
2010-02-15 00:00:00,2010-02-21 00:00:00,847,97702,1,603.6975,GBP
2010-02-15 00:00:00,2010-02-21 00:00:00,852,32174,1,745.4475,USD
2010-02-15 00:00:00,2010-02-21 00:00:00,852,40207,1,771.6975,GBP
2010-02-15 00:00:00,2010-02-21 00:00:00,852,42303,1,745.4475,USD
2010-02-15 00:00:00,2010-02-21 00:00:00,862,72712,1,304.4475,GBP
2010-02-15 00:00:00,2010-02-21 00:00:00,862,77098,1,162.6975,GBP
2010-02-15 00:00:00,2010-02-21 00:00:00,862,84067,3,629.8425,GBP
2010-02-15 00:00:00,2010-02-21 00:00:00,862,85027,1,209.9475,USD
2010-02-15 00:00:00,2010-02-21 00:00:00,862,85208,1,209.9475,USD
2010-02-15 00:00:00,2010-02-21 00:00:00,863,32579,1,299.1975,USD
2010-02-15 00:00:00,2010-02-21 00:00:00,863,34609,1,304.4475,USD
2010-02-15 00:00:00,2010-02-21 00:00:00,901,06786,1,409.4475,USD
2010-02-15 00:00:00,2010-02-21 00:00:00,901,32542,1,409.4475,USD
2010-02-15 00:00:00,2010-02-21 00:00:00,901,33637,1,409.4475,USD
2010-02-15 00:00:00,2010-02-21 00:00:00,901,42223,1,409.4475,USD
2010-02-15 00:00:00,2010-02-21 00:00:00,901,47374,1,409.4475,USD
2010-02-15 00:00:00,2010-02-21 00:00:00,901,54143,1,409.4475,GBP
2010-02-15 00:00:00,2010-02-21 00:00:00,901,75061,1,409.4475,GBP
2010-02-15 00:00:00,2010-02-21 00:00:00,901,77071,1,409.4475,USD
2010-02-15 00:00:00,2010-02-21 00:00:00,901,77339,1,409.4475,USD
2010-02-15 00:00:00,2010-02-21 00:00:00,901,84104,1,409.4475,USD
2010-02-15 00:00:00,2010-02-21 00:00:00,901,97201,1,409.4475,USD
2010-02-15 00:00:00,2010-02-21 00:00:00,901,97223,1,409.4475,USD
2010-02-15 00:00:00,2010-02-21 00:00:00,901,99702,1,409.4475,USD
2010-02-15 00:00:00,2010-02-21 00:00:00,910,06812,1,414.6975,USD
2010-02-15 00:00:00,2010-02-21 00:00:00,910,29550,1,414.6975,USD
2010-02-15 00:00:00,2010-02-21 00:00:00,910,32092,1,414.6975,USD
2010-02-15 00:00:00,2010-02-21 00:00:00,910,32718,1,414.6975,USD
2010-02-15 00:00:00,2010-02-21 00:00:00,910,32780,1,414.6975,USD
2010-02-15 00:00:00,2010-02-21 00:00:00,910,32810,1,414.6975,USD
2010-02-15 00:00:00,2010-02-21 00:00:00,910,32907,1,414.6975,USD
2010-02-15 00:00:00,2010-02-21 00:00:00,910,33433,1,414.6975,USD
2010-02-15 00:00:00,2010-02-21 00:00:00,910,33615,1,414.6975,USD
2010-02-15 00:00:00,2010-02-21 00:00:00,910,33772,1,414.6975,USD
2010-02-15 00:00:00,2010-02-21 00:00:00,910,34953,1,414.6975,USD
2010-02-15 00:00:00,2010-02-21 00:00:00,910,46060,1,414.6975,USD
2010-02-15 00:00:00,2010-02-21 00:00:00,910,52002,1,414.6975,USD
2010-02-15 00:00:00,2010-02-21 00:00:00,910,71044,1,414.6975,GBP
2010-02-15 00:00:00,2010-02-21 00:00:00,910,75243,1,414.6975,USD
2010-02-15 00:00:00,2010-02-21 00:00:00,910,75287,1,414.6975,USD
2010-02-15 00:00:00,2010-02-21 00:00:00,910,76008,1,414.6975,USD
2010-02-15 00:00:00,2010-02-21 00:00:00,910,77535,1,414.6975,GBP
2010-02-15 00:00:00,2010-02-21 00:00:00,910,78250,1,414.6975,GBP
2010-02-15 00:00:00,2010-02-21 00:00:00,910,85281,1,414.6975,USD
2010-02-15 00:00:00,2010-02-21 00:00:00,910,90065,1,414.6975,GBP
2010-02-15 00:00:00,2010-02-21 00:00:00,910,90069,1,414.6975,USD
2010-02-15 00:00:00,2010-02-21 00:00:00,910,91902,1,414.6975,USD
2010-02-15 00:00:00,2010-02-21 00:00:00,910,92028,2,829.395,USD
2010-02-15 00:00:00,2010-02-21 00:00:00,910,94123,1,414.6975,USD
2010-02-15 00:00:00,2010-02-21 00:00:00,910,97333,1,414.6975,USD
2010-02-15 00:00:00,2010-02-21 00:00:00,914,29212,1,577.4475,USD
2010-02-15 00:00:00,2010-02-21 00:00:00,914,37042,1,603.6975,USD
2010-02-15 00:00:00,2010-02-21 00:00:00,914,37143,1,603.6975,GBP
2010-02-15 00:00:00,2010-02-21 00:00:00,921,07080,1,524.9475,USD
2010-02-15 00:00:00,2010-02-21 00:00:00,921,07087,1,524.9475,GBP
2010-02-15 00:00:00,2010-02-21 00:00:00,921,07508,1,524.9475,GBP
2010-02-15 00:00:00,2010-02-21 00:00:00,921,07866,1,524.9475,GBP
2010-02-15 00:00:00,2010-02-21 00:00:00,921,32607,1,524.9475,GBP
2010-02-15 00:00:00,2010-02-21 00:00:00,921,33166,1,524.9475,GBP
2010-02-15 00:00:00,2010-02-21 00:00:00,921,33180,1,524.9475,GBP
2010-02-15 00:00:00,2010-02-21 00:00:00,921,37129,1,524.9475,USD
2010-02-15 00:00:00,2010-02-21 00:00:00,921,64133,1,524.9475,GBP
2010-02-15 00:00:00,2010-02-21 00:00:00,921,67204,1,524.9475,USD
2010-02-15 00:00:00,2010-02-21 00:00:00,921,70454,1,524.9475,USD
2010-02-15 00:00:00,2010-02-21 00:00:00,921,73107,1,524.9475,USD
2010-02-15 00:00:00,2010-02-21 00:00:00,921,74463,1,524.9475,USD
2010-02-15 00:00:00,2010-02-21 00:00:00,921,75043,1,524.9475,USD
2010-02-15 00:00:00,2010-02-21 00:00:00,921,75235,1,524.9475,USD
2010-02-15 00:00:00,2010-02-21 00:00:00,921,76092,1,524.9475,USD
2010-02-15 00:00:00,2010-02-21 00:00:00,921,93454,1,524.9475,GBP
2010-02-15 00:00:00,2010-02-21 00:00:00,921,95136,1,524.9475,USD
2010-02-15 00:00:00,2010-02-21 00:00:00,922,07424,1,472.4475,GBP
2010-02-15 00:00:00,2010-02-21 00:00:00,922,33705,1,472.4475,GBP
2010-02-15 00:00:00,2010-02-21 00:00:00,922,78660,1,472.4475,USD
2010-02-15 00:00:00,2010-02-21 00:00:00,922,90013,1,472.4475,GBP
2010-02-15 00:00:00,2010-02-21 00:00:00,922,90035,1,472.4475,GBP
2010-02-15 00:00:00,2010-02-21 00:00:00,932,53575,1,430.4475,GBP
2010-02-15 00:00:00,2010-02-21 00:00:00,936,06415,1,498.6975,GBP
2010-02-15 00:00:00,2010-02-21 00:00:00,936,32951,1,498.6975,GBP
2010-02-15 00:00:00,2010-02-21 00:00:00,936,79912,1,498.6975,GBP
2010-02-15 00:00:00,2010-02-21 00:00:00,936,89509,1,498.6975,GBP
2010-02-15 00:00:00,2010-02-21 00:00:00,936,90024,1,498.6975,GBP
2010-02-15 00:00:00,2010-02-21 00:00:00,936,91377,1,498.6975,GBP
2010-02-15 00:00:00,2010-02-21 00:00:00,936,92027,1,498.6975,GBP
2010-02-15 00:00:00,2010-02-21 00:00:00,936,94568,1,498.6975,GBP
2010-02-15 00:00:00,2010-02-21 00:00:00,936,94610,1,498.6975,GBP
2010-02-15 00:00:00,2010-02-21 00:00:00,940,33021,1,687.6975,GBP
2010-02-15 00:00:00,2010-02-21 00:00:00,940,72086,1,687.6975,USD
2010-02-15 00:00:00,2010-02-21 00:00:00,940,92626,1,671.9475,GBP
2010-02-15 00:00:00,2010-02-21 00:00:00,952,36027,1,262.4475,USD
2010-02-15 00:00:00,2010-02-21 00:00:00,952,92310,1,262.4475,USD
2010-02-15 00:00:00,2010-02-21 00:00:00,962,32136,1,524.9475,USD
2010-02-15 00:00:00,2010-02-21 00:00:00,962,32578,1,524.9475,USD
2010-02-15 00:00:00,2010-02-21 00:00:00,962,34744,1,524.9475,USD
2010-02-15 00:00:00,2010-02-21 00:00:00,962,37013,1,524.9475,GBP
2010-02-15 00:00:00,2010-02-21 00:00:00,962,37821,1,524.9475,USD
2010-02-15 00:00:00,2010-02-21 00:00:00,962,38260,1,509.1975,USD
2010-02-15 00:00:00,2010-02-21 00:00:00,962,73122,1,524.9475,USD
2010-02-15 00:00:00,2010-02-21 00:00:00,962,75050,1,524.9475,GBP
2010-02-15 00:00:00,2010-02-21 00:00:00,962,95472,1,524.9475,USD
2010-02-15 00:00:00,2010-02-21 00:00:00,964,32043,1,356.9475,USD
2010-02-15 00:00:00,2010-02-21 00:00:00,964,33837,1,346.4475,USD
2010-02-15 00:00:00,2010-02-21 00:00:00,964,35673,1,356.9475,GBP
2010-02-15 00:00:00,2010-02-21 00:00:00,964,36054,1,356.9475,GBP
2010-02-15 00:00:00,2010-02-21 00:00:00,964,38501,1,346.4475,GBP
2010-02-15 00:00:00,2010-02-21 00:00:00,964,70726,1,346.4475,USD
2010-02-15 00:00:00,2010-02-21 00:00:00,964,74105,1,346.4475,USD
2010-02-15 00:00:00,2010-02-21 00:00:00,964,76018,1,346.4475,GBP
2010-02-15 00:00:00,2010-02-21 00:00:00,964,76180,1,346.4475,USD
2010-02-15 00:00:00,2010-02-21 00:00:00,964,78504,1,356.9475,USD
2010-02-15 00:00:00,2010-02-21 00:00:00,964,78596,1,356.9475,USD
2010-02-15 00:00:00,2010-02-21 00:00:00,964,85283,1,356.9475,GBP
2010-02-15 00:00:00,2010-02-21 00:00:00,964,92019,1,356.9475,USD
2010-02-15 00:00:00,2010-02-21 00:00:00,964,92651,1,356.9475,GBP
2010-02-15 00:00:00,2010-02-21 00:00:00,979,33433,1,409.4475,USD
2010-02-15 00:00:00,2010-02-21 00:00:00,979,34237,1,409.4475,GBP
2010-02-15 00:00:00,2010-02-21 00:00:00,979,46383,1,409.4475,USD
2010-02-15 00:00:00,2010-02-21 00:00:00,979,54669,1,409.4475,GBP
2010-02-15 00:00:00,2010-02-21 00:00:00,979,85296,1,409.4475,USD
2010-02-15 00:00:00,2010-02-21 00:00:00,979,85345,1,409.4475,USD
2010-02-15 00:00:00,2010-02-21 00:00:00,981,26041,1,209.9475,GBP
2010-02-15 00:00:00,2010-02-21 00:00:00,981,33825,1,157.4475,USD
2010-02-15 00:00:00,2010-02-21 00:00:00,981,37122,1,157.4475,GBP
2010-02-15 00:00:00,2010-02-21 00:00:00,981,77345,1,157.4475,GBP
2010-02-15 00:00:00,2010-02-21 00:00:00,981,78644,1,157.4475,GBP
2010-02-15 00:00:00,2010-02-21 00:00:00,981,78757,1,167.9475,USD
2010-02-15 00:00:00,2010-02-21 00:00:00,988,46385,1,414.6975,USD
2010-02-15 00:00:00,2010-02-21 00:00:00,989,20640,1,451.4475,GBP
2010-02-15 00:00:00,2010-02-21 00:00:00,989,25427,1,467.1975,GBP
2010-02-15 00:00:00,2010-02-21 00:00:00,989,29125,1,451.4475,GBP
2010-02-15 00:00:00,2010-02-21 00:00:00,989,29651,1,467.1975,USD
2010-02-15 00:00:00,2010-02-21 00:00:00,989,39666,1,451.4475,USD
2010-02-15 00:00:00,2010-02-21 00:00:00,989,70344,1,451.4475,GBP
2010-02-15 00:00:00,2010-02-21 00:00:00,989,70714,1,451.4475,USD
2010-02-15 00:00:00,2010-02-21 00:00:00,989,71753,1,451.4475,GBP
2010-02-15 00:00:00,2010-02-21 00:00:00,989,74050,1,451.4475,GBP
2010-02-15 00:00:00,2010-02-21 00:00:00,989,77479,1,451.4475,USD
2010-02-15 00:00:00,2010-02-21 00:00:00,989,83651,1,451.4475,USD
2010-02-15 00:00:00,2010-02-21 00:00:00,990,32937,1,456.6975,GBP
2010-02-15 00:00:00,2010-02-21 00:00:00,990,33063,1,482.9475,GBP
2010-02-15 00:00:00,2010-02-21 00:00:00,990,33351,1,503.9475,GBP
2010-02-15 00:00:00,2010-02-21 00:00:00,990,34232,1,456.6975,GBP
2010-02-15 00:00:00,2010-02-21 00:00:00,990,36301,1,503.9475,GBP
2010-02-15 00:00:00,2010-02-21 00:00:00,990,36526,1,456.6975,USD
2010-02-15 00:00:00,2010-02-21 00:00:00,990,42452,1,503.9475,USD
2010-02-15 00:00:00,2010-02-21 00:00:00,990,42642,1,503.9475,USD
2010-02-15 00:00:00,2010-02-21 00:00:00,990,50266,1,530.1975,USD
2010-02-15 00:00:00,2010-02-21 00:00:00,990,55110,1,456.6975,USD
2010-02-15 00:00:00,2010-02-21 00:00:00,990,70090,1,482.9475,GBP
2010-02-15 00:00:00,2010-02-21 00:00:00,990,77459,1,530.1975,GBP
2010-02-15 00:00:00,2010-02-21 00:00:00,990,78736,1,503.9475,USD
2010-02-15 00:00:00,2010-02-21 00:00:00,990,87566,1,503.9475,GBP
2010-02-15 00:00:00,2010-02-21 00:00:00,990,92131,1,482.9475,GBP
2010-02-15 00:00:00,2010-02-21 00:00:00,992,32127,1,288.6975,USD
2010-02-15 00:00:00,2010-02-21 00:00:00,992,37921,1,278.1975,GBP
2010-02-15 00:00:00,2010-02-21 00:00:00,992,70517,1,314.9475,GBP
2010-02-15 00:00:00,2010-02-21 00:00:00,992,77517,1,278.1975,USD
2010-02-15 00:00:00,2010-02-21 00:00:00,992,77627,1,314.9475,USD
2010-02-15 00:00:00,2010-02-21 00:00:00,992,86401,1,278.1975,USD
2010-02-15 00:00:00,2010-02-21 00:00:00,992,88033,1,278.1975,USD
2010-02-15 00:00:00,2010-02-21 00:00:00,992,89503,1,278.1975,USD
2010-02-15 00:00:00,2010-02-21 00:00:00,993,72390,1,330.6975,USD
2010-02-15 00:00:00,2010-02-21 00:00:00,1003,29709,1,86.5725,GBP
2010-02-15 00:00:00,2010-02-21 00:00:00,1003,40212,1,432.8625,GBP
2010-02-15 00:00:00,2010-02-21 00:00:00,1003,40212,1,86.5725,USD
2010-02-15 00:00:00,2010-02-21 00:00:00,1003,46902,1,86.5725,USD
2010-02-15 00:00:00,2010-02-21 00:00:00,1003,47804,1,1125.4425,GBP
2010-02-15 00:00:00,2010-02-21 00:00:00,1003,47804,1,779.1525,USD
2010-02-15 00:00:00,2010-02-21 00:00:00,1003,89509,1,86.5725,USD
2010-02-15 00:00:00,2010-02-21 00:00:00,1005,33461,1,107.5725,USD
2010-02-15 00:00:00,2010-02-21 00:00:00,1005,35901,1,107.5725,GBP
2010-02-15 00:00:00,2010-02-21 00:00:00,1005,46745,1,107.5725,GBP
2010-02-15 00:00:00,2010-02-21 00:00:00,1005,58482,1,107.5725,USD
2010-02-15 00:00:00,2010-02-21 00:00:00,1005,77022,2,215.145,USD
2010-02-15 00:00:00,2010-02-21 00:00:00,1008,29642,1,236.1975,USD
2010-02-15 00:00:00,2010-02-21 00:00:00,1008,32541,1,236.1975,USD
2010-02-15 00:00:00,2010-02-21 00:00:00,1008,32720,1,236.1975,USD
2010-02-15 00:00:00,2010-02-21 00:00:00,1008,33064,1,236.1975,USD
2010-02-15 00:00:00,2010-02-21 00:00:00,1008,51501,1,236.1975,GBP
2010-02-15 00:00:00,2010-02-21 00:00:00,1008,57442,1,236.1975,USD
2010-02-15 00:00:00,2010-02-21 00:00:00,1008,63114,1,236.1975,USD
2010-02-15 00:00:00,2010-02-21 00:00:00,1008,70380,1,236.1975,GBP
2010-02-15 00:00:00,2010-02-21 00:00:00,1014,29388,1,86.5725,USD
2010-02-15 00:00:00,2010-02-21 00:00:00,1014,46256,1,86.5725,GBP
2010-02-15 00:00:00,2010-02-21 00:00:00,1045,19971,1,207.3225,GBP
2010-02-15 00:00:00,2010-02-21 00:00:00,1045,25705,1,207.3225,GBP
2010-02-15 00:00:00,2010-02-21 00:00:00,1045,33050,1,207.3225,GBP
2010-02-15 00:00:00,2010-02-21 00:00:00,1045,37892,1,207.3225,GBP
2010-02-15 00:00:00,2010-02-21 00:00:00,1045,74848,1,207.3225,GBP
2010-02-15 00:00:00,2010-02-21 00:00:00,1046,42003,1,99.6975,GBP
2010-02-15 00:00:00,2010-02-21 00:00:00,1046,54538,1,99.6975,GBP
2010-02-15 00:00:00,2010-02-21 00:00:00,1046,55051,1,99.6975,GBP
2010-02-15 00:00:00,2010-02-21 00:00:00,1046,55919,1,99.6975,GBP
2010-02-15 00:00:00,2010-02-21 00:00:00,1053,34771,1,251.9475,USD
2010-02-15 00:00:00,2010-02-21 00:00:00,1053,42701,1,251.9475,USD
2010-02-15 00:00:00,2010-02-21 00:00:00,1053,76543,1,251.9475,GBP
2010-02-15 00:00:00,2010-02-21 00:00:00,1053,91362,1,251.9475,USD
2010-02-15 00:00:00,2010-02-21 00:00:00,1053,91741,1,251.9475,GBP
2010-02-15 00:00:00,2010-02-21 00:00:00,1053,94010,1,251.9475,USD
2010-02-15 00:00:00,2010-02-21 00:00:00,1053,95426,1,251.9475,USD
2010-02-15 00:00:00,2010-02-21 00:00:00,1065,06902,1,296.5725,USD
2010-02-15 00:00:00,2010-02-21 00:00:00,1065,19808,1,296.5725,USD
2010-02-15 00:00:00,2010-02-21 00:00:00,1065,21754,1,296.5725,USD
2010-02-15 00:00:00,2010-02-21 00:00:00,1065,25557,1,296.5725,GBP
2010-02-15 00:00:00,2010-02-21 00:00:00,1065,29036,1,296.5725,USD
2010-02-15 00:00:00,2010-02-21 00:00:00,1065,33880,1,296.5725,GBP
2010-02-15 00:00:00,2010-02-21 00:00:00,1065,34668,1,296.5725,GBP
2010-02-15 00:00:00,2010-02-21 00:00:00,1065,37221,1,296.5725,USD
2010-02-15 00:00:00,2010-02-21 00:00:00,1065,40229,1,593.145,GBP
2010-02-15 00:00:00,2010-02-21 00:00:00,1065,40229,1,1186.29,USD
2010-02-15 00:00:00,2010-02-21 00:00:00,1065,40965,1,296.5725,GBP
2010-02-15 00:00:00,2010-02-21 00:00:00,1065,41640,1,296.5725,USD
2010-02-15 00:00:00,2010-02-21 00:00:00,1065,42327,1,593.145,USD
2010-02-15 00:00:00,2010-02-21 00:00:00,1065,46158,1,296.5725,GBP
2010-02-15 00:00:00,2010-02-21 00:00:00,1065,53550,1,296.5725,USD
2010-02-15 00:00:00,2010-02-21 00:00:00,1065,55082,1,296.5725,GBP
2010-02-15 00:00:00,2010-02-21 00:00:00,1065,63020,1,296.5725,GBP
2010-02-15 00:00:00,2010-02-21 00:00:00,1065,63755,1,296.5725,USD
2010-02-15 00:00:00,2010-02-21 00:00:00,1065,66801,1,296.5725,USD
2010-02-15 00:00:00,2010-02-21 00:00:00,1065,68134,1,296.5725,GBP
2010-02-15 00:00:00,2010-02-21 00:00:00,1065,70809,1,296.5725,USD
2010-02-15 00:00:00,2010-02-21 00:00:00,1065,76086,1,296.5725,USD
2010-02-15 00:00:00,2010-02-21 00:00:00,1065,76248,1,296.5725,USD
2010-02-15 00:00:00,2010-02-21 00:00:00,1065,76367,1,296.5725,USD
2010-02-15 00:00:00,2010-02-21 00:00:00,1065,77447,1,296.5725,GBP
2010-02-15 00:00:00,2010-02-21 00:00:00,1065,79925,1,296.5725,USD
2010-02-15 00:00:00,2010-02-21 00:00:00,1065,85205,1,296.5725,USD
2010-02-15 00:00:00,2010-02-21 00:00:00,1065,90501,1,296.5725,GBP
2010-02-15 00:00:00,2010-02-21 00:00:00,1065,92084,1,296.5725,USD
2010-02-15 00:00:00,2010-02-21 00:00:00,1065,92585,1,296.5725,USD
2010-02-15 00:00:00,2010-02-21 00:00:00,1065,93532,1,296.5725,USD
2010-02-15 00:00:00,2010-02-21 00:00:00,1065,93536,1,296.5725,USD
2010-02-15 00:00:00,2010-02-21 00:00:00,1065,95117,1,296.5725,USD
2010-02-15 00:00:00,2010-02-21 00:00:00,1065,97023,1,296.5725,USD
2010-02-15 00:00:00,2010-02-21 00:00:00,1065,97030,1,296.5725,USD
2010-02-15 00:00:00,2010-02-21 00:00:00,1066,07465,1,296.5725,GBP
2010-02-15 00:00:00,2010-02-21 00:00:00,1066,08859,1,296.5725,GBP
2010-02-15 00:00:00,2010-02-21 00:00:00,1066,33634,1,296.5725,GBP
2010-02-15 00:00:00,2010-02-21 00:00:00,1066,34602,1,296.5725,GBP
2010-02-15 00:00:00,2010-02-21 00:00:00,1066,36272,1,296.5725,GBP
2010-02-15 00:00:00,2010-02-21 00:00:00,1066,40229,1,1482.8625,GBP
2010-02-15 00:00:00,2010-02-21 00:00:00,1066,40229,1,296.5725,USD
2010-02-15 00:00:00,2010-02-21 00:00:00,1066,42327,1,296.5725,GBP
2010-02-15 00:00:00,2010-02-21 00:00:00,1066,46151,1,296.5725,GBP
2010-02-15 00:00:00,2010-02-21 00:00:00,1066,46158,1,296.5725,GBP
2010-02-15 00:00:00,2010-02-21 00:00:00,1066,47371,2,593.145,GBP
2010-02-15 00:00:00,2010-02-21 00:00:00,1066,47918,1,889.7175,GBP
2010-02-15 00:00:00,2010-02-21 00:00:00,1066,50273,1,296.5725,GBP
2010-02-15 00:00:00,2010-02-21 00:00:00,1066,54736,1,296.5725,GBP
2010-02-15 00:00:00,2010-02-21 00:00:00,1066,55304,1,296.5725,GBP
2010-02-15 00:00:00,2010-02-21 00:00:00,1066,56318,1,296.5725,GBP
2010-02-15 00:00:00,2010-02-21 00:00:00,1066,57702,1,296.5725,USD
2010-02-15 00:00:00,2010-02-21 00:00:00,1066,58703,1,296.5725,GBP
2010-02-15 00:00:00,2010-02-21 00:00:00,1066,63020,1,296.5725,GBP
2010-02-15 00:00:00,2010-02-21 00:00:00,1066,63755,1,296.5725,GBP
2010-02-15 00:00:00,2010-02-21 00:00:00,1066,66801,1,296.5725,USD
2010-02-15 00:00:00,2010-02-21 00:00:00,1066,68116,1,296.5725,GBP
2010-02-15 00:00:00,2010-02-21 00:00:00,1066,76086,1,296.5725,GBP
2010-02-15 00:00:00,2010-02-21 00:00:00,1066,77338,1,296.5725,GBP
2010-02-15 00:00:00,2010-02-21 00:00:00,1066,77346,2,593.145,USD
2010-02-15 00:00:00,2010-02-21 00:00:00,1066,83401,1,296.5725,USD
2010-02-15 00:00:00,2010-02-21 00:00:00,1066,83814,1,296.5725,USD
2010-02-15 00:00:00,2010-02-21 00:00:00,1066,84065,1,296.5725,GBP
2010-02-15 00:00:00,2010-02-21 00:00:00,1066,84620,1,296.5725,GBP
2010-02-15 00:00:00,2010-02-21 00:00:00,1066,90254,2,593.145,USD
2010-02-15 00:00:00,2010-02-21 00:00:00,1066,91709,1,296.5725,USD
2010-02-15 00:00:00,2010-02-21 00:00:00,1066,92071,1,296.5725,USD
2010-02-15 00:00:00,2010-02-21 00:00:00,1066,92223,1,296.5725,GBP
2010-02-15 00:00:00,2010-02-21 00:00:00,1066,92647,1,296.5725,USD
2010-02-15 00:00:00,2010-02-21 00:00:00,1066,93551,1,296.5725,USD
2010-02-15 00:00:00,2010-02-21 00:00:00,1066,95476,1,296.5725,GBP
2010-02-15 00:00:00,2010-02-21 00:00:00,1066,95966,1,296.5725,USD
2010-02-15 00:00:00,2010-02-21 00:00:00,1066,97224,1,296.5725,GBP
2010-02-15 00:00:00,2010-02-21 00:00:00,1079,92026,1,262.4475,GBP
2010-02-15 00:00:00,2010-02-21 00:00:00,1079,92345,2,524.895,GBP
2010-02-15 00:00:00,2010-02-21 00:00:00,1079,92376,1,262.4475,GBP
2010-02-15 00:00:00,2010-02-21 00:00:00,1080,32052,1,262.4475,GBP
2010-02-15 00:00:00,2010-02-21 00:00:00,1080,90631,1,262.4475,GBP
2010-02-15 00:00:00,2010-02-21 00:00:00,1080,99502,1,262.4475,USD
2010-02-15 00:00:00,2010-02-21 00:00:00,1081,08087,1,225.6975,USD
2010-02-15 00:00:00,2010-02-21 00:00:00,1081,29506,1,225.6975,USD
2010-02-15 00:00:00,2010-02-21 00:00:00,1081,53121,1,225.6975,GBP
2010-02-15 00:00:00,2010-02-21 00:00:00,1081,67204,1,225.6975,GBP
2010-02-15 00:00:00,2010-02-21 00:00:00,1082,35242,1,225.6975,USD
2010-02-15 00:00:00,2010-02-21 00:00:00,1082,37040,1,225.6975,USD
2010-02-15 00:00:00,2010-02-21 00:00:00,1082,53121,1,225.6975,USD
2010-02-15 00:00:00,2010-02-21 00:00:00,1082,65101,1,225.6975,GBP
2010-02-15 00:00:00,2010-02-21 00:00:00,1092,36527,1,169.5225,GBP
2010-02-15 00:00:00,2010-02-21 00:00:00,1105,36301,1,246.6975,GBP
2010-02-15 00:00:00,2010-02-21 00:00:00,1105,85257,1,246.6975,USD
2010-02-15 00:00:00,2010-02-21 00:00:00,1105,92345,1,246.6975,USD
2010-02-15 00:00:00,2010-02-21 00:00:00,1105,94110,1,246.6975,GBP
2010-02-15 00:00:00,2010-02-21 00:00:00,1106,05340,1,246.6975,USD
2010-02-15 00:00:00,2010-02-21 00:00:00,1106,34601,1,246.6975,USD
2010-02-15 00:00:00,2010-02-21 00:00:00,1106,36301,1,246.6975,USD
2010-02-15 00:00:00,2010-02-21 00:00:00,1106,41721,1,246.6975,USD
2010-02-15 00:00:00,2010-02-21 00:00:00,1106,76126,1,246.6975,USD
2010-02-15 00:00:00,2010-02-21 00:00:00,1106,83835,1,246.6975,USD
2010-02-15 00:00:00,2010-02-21 00:00:00,1106,95492,1,246.6975,USD
2010-02-15 00:00:00,2010-02-21 00:00:00,1109,07438,1,209.9475,GBP
2010-02-15 00:00:00,2010-02-21 00:00:00,1109,34677,1,209.9475,USD
2010-02-15 00:00:00,2010-02-21 00:00:00,1109,35640,1,209.9475,GBP
2010-02-15 00:00:00,2010-02-21 00:00:00,1109,46224,1,209.9475,GBP
2010-02-15 00:00:00,2010-02-21 00:00:00,1109,64505,1,209.9475,GBP
2010-02-15 00:00:00,2010-02-21 00:00:00,1110,07403,1,209.9475,USD
2010-02-15 00:00:00,2010-02-21 00:00:00,1110,41102,1,209.9475,USD
2010-02-15 00:00:00,2010-02-21 00:00:00,1110,50126,1,209.9475,GBP
2010-02-15 00:00:00,2010-02-21 00:00:00,1110,64075,1,209.9475,GBP
2010-02-15 00:00:00,2010-02-21 00:00:00,1110,94523,1,209.9475,GBP
2010-02-15 00:00:00,2010-02-21 00:00:00,1111,08848,1,116.4975,GBP
2010-02-15 00:00:00,2010-02-21 00:00:00,1111,33809,1,116.4975,USD
2010-02-15 00:00:00,2010-02-21 00:00:00,1111,46324,1,116.4975,GBP
2010-02-15 00:00:00,2010-02-21 00:00:00,1111,72956,1,116.4975,GBP
2010-02-15 00:00:00,2010-02-21 00:00:00,1111,77429,1,116.4975,GBP
2010-02-15 00:00:00,2010-02-21 00:00:00,1111,83660,1,116.4975,GBP
2010-02-15 00:00:00,2010-02-21 00:00:00,1111,83703,1,116.4975,GBP
2010-02-15 00:00:00,2010-02-21 00:00:00,1111,84526,1,116.4975,GBP
2010-02-15 00:00:00,2010-02-21 00:00:00,1111,85208,1,116.4975,GBP
2010-02-15 00:00:00,2010-02-21 00:00:00,1111,86401,1,116.4975,GBP
2010-02-15 00:00:00,2010-02-21 00:00:00,1111,90620,1,116.4975,GBP
2010-02-15 00:00:00,2010-02-21 00:00:00,1111,94558,1,116.4975,GBP
2010-02-15 00:00:00,2010-02-21 00:00:00,1111,94585,1,116.4975,GBP
2010-02-15 00:00:00,2010-02-21 00:00:00,1112,07644,1,116.4975,USD
2010-02-15 00:00:00,2010-02-21 00:00:00,1112,08361,1,116.4975,GBP
2010-02-15 00:00:00,2010-02-21 00:00:00,1112,34117,1,116.4975,USD
2010-02-15 00:00:00,2010-02-21 00:00:00,1112,34711,2,232.995,GBP
2010-02-15 00:00:00,2010-02-21 00:00:00,1112,52241,1,116.4975,USD
2010-02-15 00:00:00,2010-02-21 00:00:00,1112,55362,1,116.4975,USD
2010-02-15 00:00:00,2010-02-21 00:00:00,1112,73401,1,116.4975,USD
2010-02-15 00:00:00,2010-02-21 00:00:00,1112,77630,1,116.4975,GBP
2010-02-15 00:00:00,2010-02-21 00:00:00,1112,85044,1,116.4975,GBP
2010-02-15 00:00:00,2010-02-21 00:00:00,1112,91786,1,116.4975,GBP
2010-02-15 00:00:00,2010-02-21 00:00:00,1112,95667,1,116.4975,GBP
2010-02-15 00:00:00,2010-02-21 00:00:00,1116,29306,1,251.9475,USD
2010-02-15 00:00:00,2010-02-21 00:00:00,1116,32714,2,503.895,GBP
2010-02-15 00:00:00,2010-02-21 00:00:00,1116,47371,4,1007.79,GBP
2010-02-15 00:00:00,2010-02-21 00:00:00,1116,50125,2,503.895,GBP
2010-02-15 00:00:00,2010-02-21 00:00:00,1116,54456,1,251.9475,GBP
2010-02-15 00:00:00,2010-02-21 00:00:00,1116,65202,1,251.9475,GBP
2010-02-15 00:00:00,2010-02-21 00:00:00,1116,65706,1,251.9475,USD
2010-02-15 00:00:00,2010-02-21 00:00:00,1116,71112,1,251.9475,GBP
2010-02-15 00:00:00,2010-02-21 00:00:00,1116,79423,1,251.9475,GBP
2010-02-15 00:00:00,2010-02-21 00:00:00,1116,89030,1,251.9475,GBP
2010-02-15 00:00:00,2010-02-21 00:00:00,1116,91304,1,251.9475,USD
2010-02-15 00:00:00,2010-02-21 00:00:00,1116,92399,1,251.9475,GBP
2010-02-15 00:00:00,2010-02-21 00:00:00,1120,35215,1,173.1975,GBP
2010-02-15 00:00:00,2010-02-21 00:00:00,1120,57369,1,173.1975,GBP
2010-02-15 00:00:00,2010-02-21 00:00:00,1120,77356,1,173.1975,GBP
2010-02-15 00:00:00,2010-02-21 00:00:00,1120,89005,1,173.1975,USD
2010-02-15 00:00:00,2010-02-21 00:00:00,1122,21102,1,157.4475,USD
2010-02-15 00:00:00,2010-02-21 00:00:00,1122,25427,1,157.4475,USD
2010-02-15 00:00:00,2010-02-21 00:00:00,1122,29032,1,157.4475,USD
2010-02-15 00:00:00,2010-02-21 00:00:00,1122,55336,1,157.4475,USD
2010-02-15 00:00:00,2010-02-21 00:00:00,1122,67042,1,147.9975,USD
2010-02-15 00:00:00,2010-02-21 00:00:00,1122,72076,1,157.4475,USD
2010-02-15 00:00:00,2010-02-21 00:00:00,1122,72745,1,157.4475,USD
2010-02-15 00:00:00,2010-02-21 00:00:00,1122,77511,1,157.4475,GBP
2010-02-15 00:00:00,2010-02-21 00:00:00,1122,90602,1,157.4475,GBP
2010-02-15 00:00:00,2010-02-21 00:00:00,1122,92243,1,157.4475,GBP
2010-02-15 00:00:00,2010-02-21 00:00:00,1122,92581,1,157.4475,GBP
2010-02-15 00:00:00,2010-02-21 00:00:00,1122,92604,1,157.4475,GBP
2010-02-15 00:00:00,2010-02-21 00:00:00,1122,93550,1,157.4475,GBP
2010-02-15 00:00:00,2010-02-21 00:00:00,1122,93611,1,157.4475,GBP
2010-02-15 00:00:00,2010-02-21 00:00:00,1131,19904,1,419.9475,GBP
2010-02-15 00:00:00,2010-02-21 00:00:00,1131,34266,1,419.9475,GBP
2010-02-15 00:00:00,2010-02-21 00:00:00,1131,37865,1,419.9475,GBP
2010-02-15 00:00:00,2010-02-21 00:00:00,1131,53714,1,419.9475,USD
2010-02-15 00:00:00,2010-02-21 00:00:00,1131,77642,1,419.9475,GBP
2010-02-15 00:00:00,2010-02-21 00:00:00,1131,95476,1,419.9475,GBP
2010-02-15 00:00:00,2010-02-21 00:00:00,1131,95632,1,419.9475,GBP
2010-02-15 00:00:00,2010-02-21 00:00:00,1132,33904,1,629.9475,USD
2010-02-15 00:00:00,2010-02-21 00:00:00,1132,37066,1,629.9475,GBP
2010-02-15 00:00:00,2010-02-21 00:00:00,1132,70774,1,629.9475,USD
2010-02-15 00:00:00,2010-02-21 00:00:00,1132,70806,1,629.9475,USD
2010-02-15 00:00:00,2010-02-21 00:00:00,1132,75949,1,629.9475,USD
2010-02-15 00:00:00,2010-02-21 00:00:00,1132,76230,1,629.9475,GBP
2010-02-15 00:00:00,2010-02-21 00:00:00,1157,29532,1,377.9475,GBP
2010-02-15 00:00:00,2010-02-21 00:00:00,1157,32174,1,377.9475,GBP
2010-02-15 00:00:00,2010-02-21 00:00:00,1157,32404,1,377.9475,USD
2010-02-15 00:00:00,2010-02-21 00:00:00,1157,34119,1,377.9475,GBP
2010-02-15 00:00:00,2010-02-21 00:00:00,1157,47408,1,377.9475,USD
2010-02-15 00:00:00,2010-02-21 00:00:00,1157,53227,1,755.895,GBP
2010-02-15 00:00:00,2010-02-21 00:00:00,1157,53227,1,755.895,USD
2010-02-15 00:00:00,2010-02-21 00:00:00,1157,55345,1,377.9475,USD
2010-02-15 00:00:00,2010-02-21 00:00:00,1157,67219,1,377.9475,GBP
2010-02-15 00:00:00,2010-02-21 00:00:00,1157,71047,1,377.9475,GBP
2010-02-15 00:00:00,2010-02-21 00:00:00,1157,79731,1,377.9475,USD
2010-02-15 00:00:00,2010-02-21 00:00:00,1157,99524,1,377.9475,GBP
2010-02-15 00:00:00,2010-02-21 00:00:00,1166,29550,2,1070.895,USD
2010-02-15 00:00:00,2010-02-21 00:00:00,1166,29710,1,535.4475,USD
2010-02-15 00:00:00,2010-02-21 00:00:00,1166,46201,1,535.4475,GBP
2010-02-15 00:00:00,2010-02-21 00:00:00,1166,77632,1,535.4475,USD
2010-02-15 00:00:00,2010-02-21 00:00:00,1167,50702,1,312.3225,USD
2010-02-15 00:00:00,2010-02-21 00:00:00,1168,72015,1,367.4475,GBP
2010-02-15 00:00:00,2010-02-21 00:00:00,1168,93940,1,367.4475,GBP
2010-02-15 00:00:00,2010-02-21 00:00:00,1169,37659,1,419.9475,USD
2010-02-15 00:00:00,2010-02-21 00:00:00,1173,01020,1,524.9475,GBP
2010-02-15 00:00:00,2010-02-21 00:00:00,1173,06611,1,524.9475,GBP
2010-02-15 00:00:00,2010-02-21 00:00:00,1173,08854,1,524.9475,USD
2010-02-15 00:00:00,2010-02-21 00:00:00,1173,32244,1,524.9475,GBP
2010-02-15 00:00:00,2010-02-21 00:00:00,1173,33165,1,524.9475,GBP
2010-02-15 00:00:00,2010-02-21 00:00:00,1173,33458,1,524.9475,USD
2010-02-15 00:00:00,2010-02-21 00:00:00,1173,37737,1,524.9475,GBP
2010-02-15 00:00:00,2010-02-21 00:00:00,1173,37830,1,524.9475,GBP
2010-02-15 00:00:00,2010-02-21 00:00:00,1173,39428,1,524.9475,GBP
2010-02-15 00:00:00,2010-02-21 00:00:00,1173,46222,1,524.9475,GBP
2010-02-15 00:00:00,2010-02-21 00:00:00,1173,76011,1,524.9475,GBP
2010-02-15 00:00:00,2010-02-21 00:00:00,1173,77077,1,524.9475,GBP
2010-02-15 00:00:00,2010-02-21 00:00:00,1173,78233,1,524.9475,GBP
2010-02-15 00:00:00,2010-02-21 00:00:00,1173,90278,1,524.9475,USD
2010-02-15 00:00:00,2010-02-21 00:00:00,1173,92054,1,524.9475,USD
2010-02-15 00:00:00,2010-02-21 00:00:00,1173,92399,1,524.9475,GBP
2010-02-15 00:00:00,2010-02-21 00:00:00,1173,95123,1,524.9475,GBP
2010-02-15 00:00:00,2010-02-21 00:00:00,1182,01201,1,157.4475,GBP
2010-02-15 00:00:00,2010-02-21 00:00:00,1182,33161,1,157.4475,USD
2010-02-15 00:00:00,2010-02-21 00:00:00,1182,33351,1,157.4475,GBP
2010-02-15 00:00:00,2010-02-21 00:00:00,1182,37763,1,157.4475,GBP
2010-02-15 00:00:00,2010-02-21 00:00:00,1182,63129,1,157.4475,USD
2010-02-15 00:00:00,2010-02-21 00:00:00,1182,65714,1,157.4475,GBP
2010-02-15 00:00:00,2010-02-21 00:00:00,1182,72764,1,157.4475,GBP
2010-02-15 00:00:00,2010-02-21 00:00:00,1182,73072,1,157.4475,GBP
2010-02-15 00:00:00,2010-02-21 00:00:00,1182,75240,1,157.4475,GBP
2010-02-15 00:00:00,2010-02-21 00:00:00,1182,76311,1,157.4475,GBP
2010-02-15 00:00:00,2010-02-21 00:00:00,1182,76571,1,157.4475,USD
2010-02-15 00:00:00,2010-02-21 00:00:00,1182,77879,1,157.4475,USD
2010-02-15 00:00:00,2010-02-21 00:00:00,1182,95403,1,157.4475,GBP
2010-02-15 00:00:00,2010-02-21 00:00:00,1182,97402,1,157.4475,USD
2010-02-15 00:00:00,2010-02-21 00:00:00,1185,21244,1,419.9475,GBP
2010-02-15 00:00:00,2010-02-21 00:00:00,1185,33040,1,419.9475,GBP
2010-02-15 00:00:00,2010-02-21 00:00:00,1185,33064,1,419.9475,GBP
2010-02-15 00:00:00,2010-02-21 00:00:00,1185,33175,1,419.9475,GBP
2010-02-15 00:00:00,2010-02-21 00:00:00,1185,37075,1,419.9475,GBP
2010-02-15 00:00:00,2010-02-21 00:00:00,1185,53225,1,419.9475,GBP
2010-02-15 00:00:00,2010-02-21 00:00:00,1185,53225,1,419.9475,USD
2010-02-15 00:00:00,2010-02-21 00:00:00,1185,55372,1,419.9475,GBP
2010-02-15 00:00:00,2010-02-21 00:00:00,1185,76016,2,839.895,USD
2010-02-15 00:00:00,2010-02-21 00:00:00,1185,77840,1,419.9475,USD
2010-02-15 00:00:00,2010-02-21 00:00:00,1185,84003,1,419.9475,GBP
2010-02-15 00:00:00,2010-02-21 00:00:00,1185,95828,1,419.9475,USD
2010-02-15 00:00:00,2010-02-21 00:00:00,1188,20744,1,472.4475,USD
2010-02-15 00:00:00,2010-02-21 00:00:00,1188,29732,1,472.4475,USD
2010-02-15 00:00:00,2010-02-21 00:00:00,1188,33755,1,472.4475,GBP
2010-02-15 00:00:00,2010-02-21 00:00:00,1188,55322,1,472.4475,USD
2010-02-15 00:00:00,2010-02-21 00:00:00,1188,77571,1,472.4475,USD
2010-02-15 00:00:00,2010-02-21 00:00:00,1188,78234,1,472.4475,GBP
2010-02-15 00:00:00,2010-02-21 00:00:00,1188,85251,1,472.4475,GBP
2010-02-15 00:00:00,2010-02-21 00:00:00,1188,95821,1,472.4475,GBP
2010-02-15 00:00:00,2010-02-21 00:00:00,1191,02895,1,262.4475,USD
2010-02-15 00:00:00,2010-02-21 00:00:00,1191,34609,1,257.1975,USD
2010-02-15 00:00:00,2010-02-21 00:00:00,1191,38555,1,262.4475,GBP
2010-02-15 00:00:00,2010-02-21 00:00:00,1191,71241,2,524.895,GBP
2010-02-15 00:00:00,2010-02-21 00:00:00,1191,85719,1,262.4475,GBP
2010-02-15 00:00:00,2010-02-21 00:00:00,1191,92055,1,262.4475,USD
2010-02-15 00:00:00,2010-02-21 00:00:00,1191,94025,1,262.4475,GBP
2010-02-15 00:00:00,2010-02-21 00:00:00,1203,64498,1,314.9475,USD
2010-02-15 00:00:00,2010-02-21 00:00:00,1203,74820,1,314.9475,GBP
2010-02-15 00:00:00,2010-02-21 00:00:00,1203,78233,1,314.9475,USD
2010-02-15 00:00:00,2010-02-21 00:00:00,1203,93402,1,341.1975,GBP
2010-02-15 00:00:00,2010-02-21 00:00:00,1204,06357,1,419.9475,USD
2010-02-15 00:00:00,2010-02-21 00:00:00,1204,32824,1,419.9475,GBP
2010-02-15 00:00:00,2010-02-21 00:00:00,1204,33144,1,456.6975,GBP
2010-02-15 00:00:00,2010-02-21 00:00:00,1204,37384,1,419.9475,USD
2010-02-15 00:00:00,2010-02-21 00:00:00,1205,52732,1,367.4475,USD
2010-02-15 00:00:00,2010-02-21 00:00:00,1206,07036,1,509.1975,GBP
2010-02-15 00:00:00,2010-02-21 00:00:00,1208,36117,1,330.6975,USD
2010-02-15 00:00:00,2010-02-21 00:00:00,1215,33175,1,356.9475,GBP
2010-02-15 00:00:00,2010-02-21 00:00:00,1215,33455,1,356.9475,GBP
2010-02-15 00:00:00,2010-02-21 00:00:00,1215,35063,1,356.9475,GBP
2010-02-15 00:00:00,2010-02-21 00:00:00,1215,37412,1,356.9475,USD
2010-02-15 00:00:00,2010-02-21 00:00:00,1215,46385,1,356.9475,USD
2010-02-15 00:00:00,2010-02-21 00:00:00,1215,52730,1,362.1975,USD
2010-02-15 00:00:00,2010-02-21 00:00:00,1215,79109,1,356.9475,GBP
2010-02-15 00:00:00,2010-02-21 00:00:00,1215,85929,1,356.9475,USD
2010-02-15 00:00:00,2010-02-21 00:00:00,1215,90077,1,356.9475,GBP
2010-02-15 00:00:00,2010-02-21 00:00:00,1215,92683,1,362.1975,USD
2010-02-15 00:00:00,2010-02-21 00:00:00,1225,57005,1,257.1975,USD
2010-02-15 00:00:00,2010-02-21 00:00:00,1225,68132,1,236.1975,GBP
2010-02-15 00:00:00,2010-02-21 00:00:00,1225,75147,1,236.1975,GBP
2010-02-15 00:00:00,2010-02-21 00:00:00,1225,92707,1,236.1975,USD
2010-02-15 00:00:00,2010-02-21 00:00:00,1227,21619,1,330.6975,USD
2010-02-15 00:00:00,2010-02-21 00:00:00,1227,33018,1,314.9475,USD
2010-02-15 00:00:00,2010-02-21 00:00:00,1227,33156,1,314.9475,USD
2010-02-15 00:00:00,2010-02-21 00:00:00,1227,37013,1,314.9475,USD
2010-02-15 00:00:00,2010-02-21 00:00:00,1227,37807,1,314.9475,USD
2010-02-15 00:00:00,2010-02-21 00:00:00,1227,59802,1,314.9475,USD
2010-02-15 00:00:00,2010-02-21 00:00:00,1227,70123,1,314.9475,GBP
2010-02-15 00:00:00,2010-02-21 00:00:00,1227,71220,1,335.9475,GBP
2010-02-15 00:00:00,2010-02-21 00:00:00,1227,74873,1,314.9475,USD
2010-02-15 00:00:00,2010-02-21 00:00:00,1227,76017,1,314.9475,GBP
2010-02-15 00:00:00,2010-02-21 00:00:00,1229,70529,1,236.1975,USD
2010-02-15 00:00:00,2010-02-21 00:00:00,1229,75751,1,236.1975,GBP
2010-02-15 00:00:00,2010-02-21 00:00:00,1229,92021,1,236.1975,USD
2010-02-15 00:00:00,2010-02-21 00:00:00,1230,21901,1,519.6975,USD
2010-02-15 00:00:00,2010-02-21 00:00:00,1230,29555,1,524.9475,USD
2010-02-15 00:00:00,2010-02-21 00:00:00,1230,29745,2,1044.645,USD
2010-02-15 00:00:00,2010-02-21 00:00:00,1230,33055,1,524.9475,GBP
2010-02-15 00:00:00,2010-02-21 00:00:00,1230,35954,1,519.6975,GBP
2010-02-15 00:00:00,2010-02-21 00:00:00,1230,47805,1,4199.580000000001,GBP
2010-02-15 00:00:00,2010-02-21 00:00:00,1230,47805,1,3149.6850000000004,USD
2010-02-15 00:00:00,2010-02-21 00:00:00,1230,50321,1,524.9475,GBP
2010-02-15 00:00:00,2010-02-21 00:00:00,1230,69361,1,519.6975,USD
2010-02-15 00:00:00,2010-02-21 00:00:00,1230,70043,1,524.9475,GBP
2010-02-15 00:00:00,2010-02-21 00:00:00,1230,77447,1,519.6975,GBP
2010-02-15 00:00:00,2010-02-21 00:00:00,1230,83501,1,519.6975,USD
2010-02-15 00:00:00,2010-02-21 00:00:00,1230,84121,1,519.6975,GBP
2010-02-15 00:00:00,2010-02-21 00:00:00,1230,88008,1,519.6975,USD
2010-02-15 00:00:00,2010-02-21 00:00:00,1230,88021,1,524.9475,GBP
2010-02-15 00:00:00,2010-02-21 00:00:00,1230,94401,1,519.6975,GBP
2010-02-15 00:00:00,2010-02-21 00:00:00,1230,94556,1,519.6975,GBP
2010-02-15 00:00:00,2010-02-21 00:00:00,1230,94598,1,519.6975,USD
2010-02-15 00:00:00,2010-02-21 00:00:00,1270,08068,1,346.395,GBP
2010-02-15 00:00:00,2010-02-21 00:00:00,1293,95678,1,393.645,GBP
2010-02-15 00:00:00,2010-02-21 00:00:00,1298,91403,1,346.395,GBP
2010-02-15 00:00:00,2010-02-21 00:00:00,1298,92612,1,346.395,USD
2010-02-15 00:00:00,2010-02-21 00:00:00,1317,92679,1,307.02,USD
2010-02-15 00:00:00,2010-02-21 00:00:00,1318,07470,1,307.02,USD
2010-02-15 00:00:00,2010-02-21 00:00:00,1318,29691,1,307.02,GBP
2010-02-15 00:00:00,2010-02-21 00:00:00,1318,35501,1,307.02,USD
2010-02-15 00:00:00,2010-02-21 00:00:00,1329,34668,1,92.82,GBP
2010-02-15 00:00:00,2010-02-21 00:00:00,1329,54016,1,92.82,GBP
2010-02-15 00:00:00,2010-02-21 00:00:00,1329,55433,1,92.82,USD
2010-02-15 00:00:00,2010-02-21 00:00:00,1329,58104,1,92.82,GBP
2010-02-15 00:00:00,2010-02-21 00:00:00,1329,84093,1,92.82,GBP
2010-02-15 00:00:00,2010-02-21 00:00:00,1329,91020,1,91.77,USD
2010-02-15 00:00:00,2010-02-21 00:00:00,1329,95667,1,92.82,GBP
2010-02-15 00:00:00,2010-02-21 00:00:00,1330,20659,1,92.82,GBP
2010-02-15 00:00:00,2010-02-21 00:00:00,1330,21043,1,92.82,GBP
2010-02-15 00:00:00,2010-02-21 00:00:00,1330,37087,1,92.82,GBP
2010-02-15 00:00:00,2010-02-21 00:00:00,1330,55008,1,92.82,GBP
2010-02-15 00:00:00,2010-02-21 00:00:00,1330,92082,1,92.82,USD
2010-02-15 00:00:00,2010-02-21 00:00:00,1347,47918,1,598.29,GBP
2010-02-15 00:00:00,2010-02-21 00:00:00,1347,47918,1,598.29,USD
2010-02-15 00:00:00,2010-02-21 00:00:00,1348,47918,1,299.145,GBP
2010-02-15 00:00:00,2010-02-21 00:00:00,1348,47918,1,299.145,USD
2010-02-15 00:00:00,2010-02-21 00:00:00,1348,92064,1,299.145,USD
2010-02-15 00:00:00,2010-02-21 00:00:00,1351,02703,1,309.645,GBP
2010-02-15 00:00:00,2010-02-21 00:00:00,1351,75089,1,309.645,GBP
2010-02-15 00:00:00,2010-02-21 00:00:00,1352,02703,1,309.645,GBP
2010-02-15 00:00:00,2010-02-21 00:00:00,1352,35226,1,309.645,USD
2010-02-15 00:00:00,2010-02-21 00:00:00,1379,92021,1,314.895,GBP
2010-02-15 00:00:00,2010-02-21 00:00:00,1379,92691,1,314.895,GBP
2010-02-15 00:00:00,2010-02-21 00:00:00,1379,97054,1,314.895,GBP
2010-02-15 00:00:00,2010-02-21 00:00:00,1380,59937,1,314.895,USD
2010-02-15 00:00:00,2010-02-21 00:00:00,1380,74343,1,314.895,USD
2010-02-15 00:00:00,2010-02-21 00:00:00,1425,02664,1,286.02,GBP
2010-02-15 00:00:00,2010-02-21 00:00:00,1425,46229,1,286.02,USD
2010-02-15 00:00:00,2010-02-21 00:00:00,1425,51503,1,572.04,USD
2010-02-15 00:00:00,2010-02-21 00:00:00,1425,72947,1,286.02,GBP
2010-02-15 00:00:00,2010-02-21 00:00:00,1425,92506,1,286.02,GBP
2010-02-15 00:00:00,2010-02-21 00:00:00,1426,46229,1,286.02,USD
2010-02-15 00:00:00,2010-02-21 00:00:00,1426,51503,1,286.02,GBP
2010-02-15 00:00:00,2010-02-21 00:00:00,1426,75165,1,286.02,USD
2010-02-15 00:00:00,2010-02-21 00:00:00,1426,84095,1,286.02,GBP
2010-02-15 00:00:00,2010-02-21 00:00:00,1426,92506,1,286.02,USD
2010-02-15 00:00:00,2010-02-21 00:00:00,1429,21162,1,283.395,GBP
2010-02-15 00:00:00,2010-02-21 00:00:00,1429,85253,1,283.395,USD
2010-02-15 00:00:00,2010-02-21 00:00:00,1430,01077,1,283.395,GBP
2010-02-15 00:00:00,2010-02-21 00:00:00,1435,08012,1,312.27,GBP
2010-02-15 00:00:00,2010-02-21 00:00:00,1435,65613,1,312.27,GBP
2010-02-15 00:00:00,2010-02-21 00:00:00,1435,78746,1,312.27,GBP
2010-02-15 00:00:00,2010-02-21 00:00:00,1435,87109,1,312.27,GBP
2010-02-15 00:00:00,2010-02-21 00:00:00,1435,94561,1,312.27,USD
2010-02-15 00:00:00,2010-02-21 00:00:00,1436,08012,1,312.27,GBP
2010-02-15 00:00:00,2010-02-21 00:00:00,1436,32579,1,312.27,GBP
2010-02-15 00:00:00,2010-02-21 00:00:00,1436,66618,1,312.27,GBP
2010-02-15 00:00:00,2010-02-21 00:00:00,1436,78641,1,312.27,GBP
2010-02-15 00:00:00,2010-02-21 00:00:00,1436,97013,1,312.27,GBP
2010-02-15 00:00:00,2010-02-21 00:00:00,1449,76039,1,118.02,GBP
2010-02-15 00:00:00,2010-02-21 00:00:00,1450,26448,1,118.02,GBP
2010-02-15 00:00:00,2010-02-21 00:00:00,1450,91786,1,118.02,USD
2010-02-15 00:00:00,2010-02-21 00:00:00,1477,53227,1,952.56,USD
2010-02-15 00:00:00,2010-02-21 00:00:00,1477,67337,1,317.52,USD
2010-02-15 00:00:00,2010-02-21 00:00:00,1477,94572,1,317.52,GBP
2010-02-15 00:00:00,2010-02-21 00:00:00,1478,26542,1,317.52,USD
2010-02-15 00:00:00,2010-02-21 00:00:00,1478,37122,1,317.52,GBP
2010-02-15 00:00:00,2010-02-21 00:00:00,1478,53227,1,952.56,GBP
2010-02-15 00:00:00,2010-02-21 00:00:00,1478,53227,1,317.52,USD
2010-02-15 00:00:00,2010-02-21 00:00:00,1478,84624,1,317.52,GBP
2010-02-15 00:00:00,2010-02-21 00:00:00,1478,90731,1,317.52,GBP
2010-02-15 00:00:00,2010-02-21 00:00:00,1478,94572,1,317.52,USD
2010-02-15 00:00:00,2010-02-21 00:00:00,1489,78602,1,262.395,USD
2010-02-15 00:00:00,2010-02-21 00:00:00,1490,84332,1,262.395,GBP
2010-02-15 00:00:00,2010-02-21 00:00:00,1516,37921,1,333.27,USD
2010-02-15 00:00:00,2010-02-21 00:00:00,1517,33029,1,141.645,USD
2010-02-15 00:00:00,2010-02-21 00:00:00,1517,51232,1,141.645,GBP
2010-02-15 00:00:00,2010-02-21 00:00:00,1517,82718,1,141.645,GBP
2010-02-15 00:00:00,2010-02-21 00:00:00,1517,87047,1,141.645,USD
2010-02-15 00:00:00,2010-02-21 00:00:00,1517,93240,1,141.645,USD
2010-02-15 00:00:00,2010-02-21 00:00:00,1518,25309,2,283.29,GBP
2010-02-15 00:00:00,2010-02-21 00:00:00,1518,33060,1,141.645,GBP
2010-02-15 00:00:00,2010-02-21 00:00:00,1518,38363,1,141.645,GBP
2010-02-15 00:00:00,2010-02-21 00:00:00,1518,63125,1,141.645,USD
2010-02-15 00:00:00,2010-02-21 00:00:00,1518,83713,1,141.645,GBP
2010-02-15 00:00:00,2010-02-21 00:00:00,1518,90265,1,141.645,USD
2010-02-15 00:00:00,2010-02-21 00:00:00,1518,92071,1,141.645,GBP
2010-02-15 00:00:00,2010-02-21 00:00:00,1518,93560,1,141.645,USD
2010-02-15 00:00:00,2010-02-21 00:00:00,1535,68342,1,309.645,USD
2010-02-15 00:00:00,2010-02-21 00:00:00,1536,40222,1,309.645,USD
2010-02-15 00:00:00,2010-02-21 00:00:00,1536,92345,1,309.645,GBP
2010-02-15 00:00:00,2010-02-21 00:00:00,1536,92691,1,309.645,USD
2010-02-15 00:00:00,2010-02-21 00:00:00,1553,85381,1,330.645,USD
2010-02-15 00:00:00,2010-02-21 00:00:00,1553,92345,1,330.645,USD
2010-02-15 00:00:00,2010-02-21 00:00:00,1554,95624,1,330.645,USD
2010-02-15 00:00:00,2010-02-21 00:00:00,1554,95678,1,330.645,GBP
2010-02-15 00:00:00,2010-02-21 00:00:00,1641,70663,1,70.77,GBP
2010-02-15 00:00:00,2010-02-21 00:00:00,1894,02067,1,682.2375,USD
2010-02-15 00:00:00,2010-02-21 00:00:00,1894,02719,1,682.2375,USD
2010-02-15 00:00:00,2010-02-21 00:00:00,1894,07006,1,682.2375,USD
2010-02-15 00:00:00,2010-02-21 00:00:00,1894,46143,1,682.2375,USD
2010-02-15 00:00:00,2010-02-21 00:00:00,1894,55005,1,682.2375,GBP
2010-02-15 00:00:00,2010-02-21 00:00:00,1894,55975,1,682.2375,USD
2010-02-15 00:00:00,2010-02-21 00:00:00,1894,56557,1,682.2375,USD
2010-02-15 00:00:00,2010-02-21 00:00:00,1894,75077,1,682.2375,GBP
2010-02-15 00:00:00,2010-02-21 00:00:00,1909,33810,1,199.4475,GBP
2010-02-15 00:00:00,2010-02-21 00:00:00,1909,47923,1,199.4475,USD
2010-02-15 00:00:00,2010-02-21 00:00:00,1909,77535,1,199.4475,USD
2010-02-15 00:00:00,2010-02-21 00:00:00,1909,85242,1,199.4475,GBP
2010-02-15 00:00:00,2010-02-21 00:00:00,1909,85719,1,199.4475,USD
2010-02-15 00:00:00,2010-02-21 00:00:00,1909,87122,2,398.895,GBP
2010-02-15 00:00:00,2010-02-21 00:00:00,1911,33810,1,244.0725,USD
2010-02-15 00:00:00,2010-02-21 00:00:00,1911,34683,1,244.0725,GBP
2010-02-15 00:00:00,2010-02-21 00:00:00,1911,85220,1,244.0725,GBP
2010-02-15 00:00:00,2010-02-21 00:00:00,1911,85653,1,244.0725,GBP
2010-02-15 00:00:00,2010-02-21 00:00:00,1911,91352,1,244.0725,GBP
2010-02-15 00:00:00,2010-02-21 00:00:00,1911,95614,1,244.0725,USD
2010-02-15 00:00:00,2010-02-21 00:00:00,1920,02760,1,280.8225,USD
2010-02-15 00:00:00,2010-02-21 00:00:00,1920,29445,1,280.8225,GBP
2010-02-15 00:00:00,2010-02-21 00:00:00,1920,32789,1,280.8225,USD
2010-02-15 00:00:00,2010-02-21 00:00:00,1920,33801,1,280.8225,GBP
2010-02-15 00:00:00,2010-02-21 00:00:00,1920,53018,1,280.8225,USD
2010-02-15 00:00:00,2010-02-21 00:00:00,1920,70006,1,280.8225,USD
2010-02-15 00:00:00,2010-02-21 00:00:00,1930,79201,1,283.4475,USD
2010-02-15 00:00:00,2010-02-21 00:00:00,1931,76022,1,286.0725,USD
2010-02-15 00:00:00,2010-02-21 00:00:00,1948,08055,1,296.5725,GBP
2010-02-15 00:00:00,2010-02-21 00:00:00,1948,08755,1,296.5725,GBP
2010-02-15 00:00:00,2010-02-21 00:00:00,1948,32131,2,593.145,GBP
2010-02-15 00:00:00,2010-02-21 00:00:00,1948,53520,1,296.5725,GBP
2010-02-15 00:00:00,2010-02-21 00:00:00,1948,72143,1,296.5725,USD
2010-02-15 00:00:00,2010-02-21 00:00:00,1948,76008,1,296.5725,GBP
2010-02-15 00:00:00,2010-02-21 00:00:00,1948,82001,1,296.5725,USD
2010-02-15 00:00:00,2010-02-21 00:00:00,1948,85032,1,296.5725,USD
2010-02-15 00:00:00,2010-02-21 00:00:00,1948,85212,1,296.5725,GBP
2010-02-15 00:00:00,2010-02-21 00:00:00,1948,90069,1,296.5725,USD
2010-02-15 00:00:00,2010-02-21 00:00:00,1948,92129,2,593.145,USD
2010-02-15 00:00:00,2010-02-21 00:00:00,1948,94523,1,296.5725,USD
2010-02-15 00:00:00,2010-02-21 00:00:00,1948,95682,1,296.5725,GBP
2010-02-15 00:00:00,2010-02-21 00:00:00,1949,08016,1,296.5725,USD
2010-02-15 00:00:00,2010-02-21 00:00:00,1949,08332,1,296.5725,GBP
2010-02-15 00:00:00,2010-02-21 00:00:00,1949,21093,1,296.5725,USD
2010-02-15 00:00:00,2010-02-21 00:00:00,1949,25840,1,296.5725,GBP
2010-02-15 00:00:00,2010-02-21 00:00:00,1949,34470,1,296.5725,USD
2010-02-15 00:00:00,2010-02-21 00:00:00,1949,46011,1,296.5725,GBP
2010-02-15 00:00:00,2010-02-21 00:00:00,1949,53147,2,593.145,GBP
2010-02-15 00:00:00,2010-02-21 00:00:00,1949,75075,1,296.5725,GBP
2010-02-15 00:00:00,2010-02-21 00:00:00,1949,85207,2,593.145,USD
2010-02-15 00:00:00,2010-02-21 00:00:00,1949,92284,1,296.5725,USD
2010-02-15 00:00:00,2010-02-21 00:00:00,1949,93637,1,296.5725,USD
2010-02-15 00:00:00,2010-02-21 00:00:00,1949,93906,1,296.5725,GBP
2010-02-15 00:00:00,2010-02-21 00:00:00,1949,94523,1,296.5725,GBP
2010-02-15 00:00:00,2010-02-21 00:00:00,1949,95682,1,296.5725,USD
2010-02-15 00:00:00,2010-02-21 00:00:00,1949,97032,1,296.5725,USD
2010-02-15 00:00:00,2010-02-21 00:00:00,1956,37601,1,153.7725,GBP
2010-02-15 00:00:00,2010-02-21 00:00:00,1956,46514,1,461.3175,GBP
2010-02-15 00:00:00,2010-02-21 00:00:00,1956,46514,1,307.545,USD
2010-02-15 00:00:00,2010-02-21 00:00:00,1956,93065,1,153.7725,GBP
2010-02-15 00:00:00,2010-02-21 00:00:00,1956,96003,1,153.7725,GBP
2010-02-15 00:00:00,2010-02-21 00:00:00,1957,29349,1,153.7725,GBP
2010-02-15 00:00:00,2010-02-21 00:00:00,1957,46383,2,307.545,GBP
2010-02-15 00:00:00,2010-02-21 00:00:00,1957,46514,1,153.7725,GBP
2010-02-15 00:00:00,2010-02-21 00:00:00,1957,46514,1,153.7725,USD
2010-02-15 00:00:00,2010-02-21 00:00:00,1957,47408,1,153.7725,GBP
2010-02-15 00:00:00,2010-02-21 00:00:00,1957,53061,1,153.7725,GBP
2010-02-15 00:00:00,2010-02-21 00:00:00,1957,66402,1,153.7725,GBP
2010-02-15 00:00:00,2010-02-21 00:00:00,1957,85268,1,153.7725,GBP
2010-02-15 00:00:00,2010-02-21 00:00:00,1957,92503,1,153.7725,GBP
2010-02-15 00:00:00,2010-02-21 00:00:00,1957,94536,1,152.1975,GBP
2010-02-15 00:00:00,2010-02-21 00:00:00,1957,95209,1,153.7725,GBP
2010-02-15 00:00:00,2010-02-21 00:00:00,1957,95945,1,153.7725,GBP
2010-02-15 00:00:00,2010-02-21 00:00:00,1960,08060,1,97.0725,GBP
2010-02-15 00:00:00,2010-02-21 00:00:00,1960,08087,1,97.0725,GBP
2010-02-15 00:00:00,2010-02-21 00:00:00,1960,32968,1,97.0725,GBP
2010-02-15 00:00:00,2010-02-21 00:00:00,1960,63090,1,97.0725,GBP
2010-02-15 00:00:00,2010-02-21 00:00:00,1960,71913,1,97.0725,GBP
2010-02-15 00:00:00,2010-02-21 00:00:00,1960,75075,1,97.0725,GBP
2010-02-15 00:00:00,2010-02-21 00:00:00,1960,77379,1,97.0725,USD
2010-02-15 00:00:00,2010-02-21 00:00:00,1960,84062,1,97.0725,GBP
2010-02-15 00:00:00,2010-02-21 00:00:00,1961,25177,1,97.0725,GBP
2010-02-15 00:00:00,2010-02-21 00:00:00,1961,33030,1,97.0725,GBP
2010-02-15 00:00:00,2010-02-21 00:00:00,1961,34241,1,97.0725,USD
2010-02-15 00:00:00,2010-02-21 00:00:00,1961,71913,1,97.0725,USD
2010-02-15 00:00:00,2010-02-21 00:00:00,1961,77336,1,97.0725,GBP
2010-02-15 00:00:00,2010-02-21 00:00:00,1961,78654,1,97.0725,GBP
2010-02-15 00:00:00,2010-02-21 00:00:00,1961,90260,1,97.0725,GBP
2010-02-15 00:00:00,2010-02-21 00:00:00,1961,91352,1,97.0725,GBP
2010-02-15 00:00:00,2010-02-21 00:00:00,1961,92377,1,97.0725,GBP
2010-02-15 00:00:00,2010-02-21 00:00:00,1961,93422,1,97.0725,GBP
2010-02-15 00:00:00,2010-02-21 00:00:00,1961,96089,1,97.0725,USD
2010-02-15 00:00:00,2010-02-21 00:00:00,1968,29592,1,236.1975,GBP
2010-02-15 00:00:00,2010-02-21 00:00:00,1968,37323,2,477.645,GBP
2010-02-15 00:00:00,2010-02-21 00:00:00,1968,89108,1,238.8225,USD
2010-02-15 00:00:00,2010-02-21 00:00:00,1974,21047,1,52.4475,USD
2010-02-15 00:00:00,2010-02-21 00:00:00,1974,29575,1,52.4475,USD
2010-02-15 00:00:00,2010-02-21 00:00:00,1974,29651,1,52.4475,USD
2010-02-15 00:00:00,2010-02-21 00:00:00,1974,32503,1,52.4475,GBP
2010-02-15 00:00:00,2010-02-21 00:00:00,1974,33810,1,52.4475,GBP
2010-02-15 00:00:00,2010-02-21 00:00:00,1974,39062,1,52.4475,USD
2010-02-15 00:00:00,2010-02-21 00:00:00,1974,53121,1,52.4475,GBP
2010-02-15 00:00:00,2010-02-21 00:00:00,1974,76544,1,52.4475,USD
2010-02-15 00:00:00,2010-02-21 00:00:00,1975,36869,1,52.4475,GBP
2010-02-15 00:00:00,2010-02-21 00:00:00,1975,37371,1,52.4475,USD
2010-02-15 00:00:00,2010-02-21 00:00:00,1975,53121,1,52.4475,USD
2010-02-15 00:00:00,2010-02-21 00:00:00,1975,73507,1,52.4475,USD
2010-02-15 00:00:00,2010-02-21 00:00:00,1975,77381,1,52.4475,GBP
2010-02-15 00:00:00,2010-02-21 00:00:00,1975,84015,1,52.4475,GBP
2010-02-15 00:00:00,2010-02-21 00:00:00,1975,85032,1,52.4475,GBP
2010-02-15 00:00:00,2010-02-21 00:00:00,1975,85308,1,52.4475,USD
2010-02-15 00:00:00,2010-02-21 00:00:00,1975,96022,1,52.4475,USD
2010-02-15 00:00:00,2010-02-21 00:00:00,1978,35007,1,257.1975,USD
2010-02-15 00:00:00,2010-02-21 00:00:00,1978,95747,1,254.5725,GBP
2010-02-15 00:00:00,2010-02-21 00:00:00,1979,32091,1,257.1975,GBP
2010-02-15 00:00:00,2010-02-21 00:00:00,1979,34668,1,249.3225,GBP
2010-02-15 00:00:00,2010-02-21 00:00:00,1979,84770,1,257.1975,GBP
2010-02-15 00:00:00,2010-02-21 00:00:00,1979,95747,1,254.5725,GBP
2010-02-15 00:00:00,2010-02-21 00:00:00,1990,08817,1,257.1975,USD
2010-02-15 00:00:00,2010-02-21 00:00:00,1990,21403,1,257.1975,GBP
2010-02-15 00:00:00,2010-02-21 00:00:00,1990,21703,1,257.1975,USD
2010-02-15 00:00:00,2010-02-21 00:00:00,1990,32177,1,257.1975,USD
2010-02-15 00:00:00,2010-02-21 00:00:00,1990,37683,1,257.1975,USD
2010-02-15 00:00:00,2010-02-21 00:00:00,1990,41101,2,514.395,USD
2010-02-15 00:00:00,2010-02-21 00:00:00,1990,46514,1,514.395,GBP
2010-02-15 00:00:00,2010-02-21 00:00:00,1990,46514,1,257.1975,USD
2010-02-15 00:00:00,2010-02-21 00:00:00,1990,85212,1,257.1975,GBP
2010-02-15 00:00:00,2010-02-21 00:00:00,1990,97119,1,257.1975,USD
2010-02-15 00:00:00,2010-02-21 00:00:00,2005,32807,1,299.1975,USD
2010-02-15 00:00:00,2010-02-21 00:00:00,2005,46221,1,299.1975,USD
2010-02-15 00:00:00,2010-02-21 00:00:00,2005,76302,1,299.1975,USD
2010-02-15 00:00:00,2010-02-21 00:00:00,2012,07403,1,377.9475,GBP
2010-02-15 00:00:00,2010-02-21 00:00:00,2012,19960,1,377.9475,GBP
2010-02-15 00:00:00,2010-02-21 00:00:00,2012,33619,1,377.9475,GBP
2010-02-15 00:00:00,2010-02-21 00:00:00,2012,33810,1,377.9475,USD
2010-02-15 00:00:00,2010-02-21 00:00:00,2012,70068,1,377.9475,GBP
2010-02-15 00:00:00,2010-02-21 00:00:00,2012,71107,1,377.9475,GBP
2010-02-15 00:00:00,2010-02-21 00:00:00,2012,85304,1,377.9475,GBP
2010-02-15 00:00:00,2010-02-21 00:00:00,2012,90405,1,377.9475,GBP
2010-02-15 00:00:00,2010-02-21 00:00:00,2012,95670,2,755.895,GBP
2010-02-15 00:00:00,2010-02-21 00:00:00,2013,91765,1,451.4475,GBP
2010-02-15 00:00:00,2010-02-21 00:00:00,2016,46074,1,299.1975,USD
2010-02-15 00:00:00,2010-02-21 00:00:00,2016,91207,1,299.1975,USD
2010-02-15 00:00:00,2010-02-21 00:00:00,2016,97214,1,299.1975,USD
2010-02-15 00:00:00,2010-02-21 00:00:00,2032,85310,2,446.145,USD
2010-02-15 00:00:00,2010-02-21 00:00:00,2032,87410,1,223.0725,GBP
2010-02-15 00:00:00,2010-02-21 00:00:00,2032,92557,1,223.0725,USD
2010-02-15 00:00:00,2010-02-21 00:00:00,2032,92841,1,223.0725,GBP
2010-02-15 00:00:00,2010-02-21 00:00:00,2045,21133,1,409.4475,GBP
2010-02-15 00:00:00,2010-02-21 00:00:00,2045,29445,1,409.4475,GBP
2010-02-15 00:00:00,2010-02-21 00:00:00,2045,33428,1,409.4475,GBP
2010-02-15 00:00:00,2010-02-21 00:00:00,2045,35476,1,409.4475,USD
2010-02-15 00:00:00,2010-02-21 00:00:00,2045,38611,1,409.4475,GBP
2010-02-15 00:00:00,2010-02-21 00:00:00,2045,40324,1,409.4475,GBP
2010-02-15 00:00:00,2010-02-21 00:00:00,2045,63017,1,409.4475,USD
2010-02-15 00:00:00,2010-02-21 00:00:00,2045,70816,1,409.4475,GBP
2010-02-15 00:00:00,2010-02-21 00:00:00,2045,76903,1,409.4475,GBP
2010-02-15 00:00:00,2010-02-21 00:00:00,2045,77510,2,818.895,USD
2010-02-15 00:00:00,2010-02-21 00:00:00,2045,88330,1,409.4475,GBP
2010-02-15 00:00:00,2010-02-21 00:00:00,2045,90808,1,409.4475,USD
2010-02-15 00:00:00,2010-02-21 00:00:00,2047,29069,1,377.9475,GBP
2010-02-15 00:00:00,2010-02-21 00:00:00,2047,55316,1,377.9475,USD
2010-02-15 00:00:00,2010-02-21 00:00:00,2047,77061,1,377.9475,GBP
2010-02-15 00:00:00,2010-02-21 00:00:00,2047,78233,1,377.9475,USD
2010-02-15 00:00:00,2010-02-21 00:00:00,2047,78744,1,377.9475,USD
2010-02-15 00:00:00,2010-02-21 00:00:00,2050,29180,1,498.6975,GBP
2010-02-15 00:00:00,2010-02-21 00:00:00,2050,78639,1,498.6975,GBP
2010-02-15 00:00:00,2010-02-21 00:00:00,2050,94404,1,498.6975,GBP
2010-02-15 00:00:00,2010-02-21 00:00:00,2050,95051,1,498.6975,GBP
2010-02-15 00:00:00,2010-02-21 00:00:00,2050,95380,1,498.6975,USD
2010-02-15 00:00:00,2010-02-21 00:00:00,2056,08225,1,325.4475,USD
2010-02-15 00:00:00,2010-02-21 00:00:00,2056,25705,1,325.4475,GBP
2010-02-15 00:00:00,2010-02-21 00:00:00,2056,26378,1,325.4475,USD
2010-02-15 00:00:00,2010-02-21 00:00:00,2056,29464,1,325.4475,GBP
2010-02-15 00:00:00,2010-02-21 00:00:00,2056,32822,1,325.4475,USD
2010-02-15 00:00:00,2010-02-21 00:00:00,2056,35630,1,325.4475,GBP
2010-02-15 00:00:00,2010-02-21 00:00:00,2056,36067,1,325.4475,USD
2010-02-15 00:00:00,2010-02-21 00:00:00,2056,54121,1,325.4475,USD
2010-02-15 00:00:00,2010-02-21 00:00:00,2056,70507,1,325.4475,USD
2010-02-15 00:00:00,2010-02-21 00:00:00,2056,72209,1,325.4475,GBP
2010-02-15 00:00:00,2010-02-21 00:00:00,2056,72927,1,325.4475,GBP
2010-02-15 00:00:00,2010-02-21 00:00:00,2056,73505,1,325.4475,USD
2010-02-15 00:00:00,2010-02-21 00:00:00,2056,75939,1,325.4475,USD
2010-02-15 00:00:00,2010-02-21 00:00:00,2056,76544,1,325.4475,GBP
2010-02-15 00:00:00,2010-02-21 00:00:00,2056,77469,1,325.4475,GBP
2010-02-15 00:00:00,2010-02-21 00:00:00,2056,91406,1,325.4475,GBP
2010-02-15 00:00:00,2010-02-21 00:00:00,2056,92201,1,320.1975,GBP
2010-02-15 00:00:00,2010-02-21 00:00:00,2056,92688,1,320.1975,GBP
2010-02-15 00:00:00,2010-02-21 00:00:00,2056,93505,1,325.4475,GBP
2010-02-15 00:00:00,2010-02-21 00:00:00,2056,95123,1,325.4475,GBP
2010-02-15 00:00:00,2010-02-21 00:00:00,2057,33701,1,472.4475,GBP
2010-02-15 00:00:00,2010-02-21 00:00:00,2057,33774,1,472.4475,GBP
2010-02-15 00:00:00,2010-02-21 00:00:00,2057,76544,1,472.4475,USD
2010-02-15 00:00:00,2010-02-21 00:00:00,2062,93006,1,545.9475,USD
2010-02-15 00:00:00,2010-02-21 00:00:00,2064,01108,1,488.1975,GBP
2010-02-15 00:00:00,2010-02-21 00:00:00,2064,20876,1,488.1975,GBP
2010-02-15 00:00:00,2010-02-21 00:00:00,2064,32708,1,488.1975,USD
2010-02-15 00:00:00,2010-02-21 00:00:00,2064,32712,1,488.1975,GBP
2010-02-15 00:00:00,2010-02-21 00:00:00,2064,33018,1,488.1975,USD
2010-02-15 00:00:00,2010-02-21 00:00:00,2064,47037,1,488.1975,USD
2010-02-15 00:00:00,2010-02-21 00:00:00,2064,54615,1,488.1975,GBP
2010-02-15 00:00:00,2010-02-21 00:00:00,2064,58078,1,488.1975,GBP
2010-02-15 00:00:00,2010-02-21 00:00:00,2064,64075,1,488.1975,GBP
2010-02-15 00:00:00,2010-02-21 00:00:00,2064,72401,1,488.1975,USD
2010-02-15 00:00:00,2010-02-21 00:00:00,2064,76903,1,482.9475,USD
2010-02-15 00:00:00,2010-02-21 00:00:00,2064,77044,1,488.1975,USD
2010-02-15 00:00:00,2010-02-21 00:00:00,2064,89402,1,488.1975,USD
2010-02-15 00:00:00,2010-02-21 00:00:00,2064,90266,1,488.1975,GBP
2010-02-15 00:00:00,2010-02-21 00:00:00,2064,91381,1,488.1975,USD
2010-02-15 00:00:00,2010-02-21 00:00:00,2064,91730,1,488.1975,USD
2010-02-15 00:00:00,2010-02-21 00:00:00,2070,29229,1,519.6975,USD
2010-02-15 00:00:00,2010-02-21 00:00:00,2070,32169,1,519.6975,GBP
2010-02-15 00:00:00,2010-02-21 00:00:00,2070,33810,1,519.6975,USD
2010-02-15 00:00:00,2010-02-21 00:00:00,2070,38141,1,519.6975,USD
2010-02-15 00:00:00,2010-02-21 00:00:00,2070,46224,1,519.6975,USD
2010-02-15 00:00:00,2010-02-21 00:00:00,2070,51106,1,519.6975,GBP
2010-02-15 00:00:00,2010-02-21 00:00:00,2070,71107,1,519.6975,USD
2010-02-15 00:00:00,2010-02-21 00:00:00,2070,71603,1,519.6975,USD
2010-02-15 00:00:00,2010-02-21 00:00:00,2070,74055,1,519.6975,USD
2010-02-15 00:00:00,2010-02-21 00:00:00,2070,75243,1,519.6975,USD
2010-02-15 00:00:00,2010-02-21 00:00:00,2074,07848,1,328.0725,USD
2010-02-15 00:00:00,2010-02-21 00:00:00,2074,32073,1,328.0725,GBP
2010-02-15 00:00:00,2010-02-21 00:00:00,2074,36582,1,328.0725,GBP
2010-02-15 00:00:00,2010-02-21 00:00:00,2074,36608,1,328.0725,GBP
2010-02-15 00:00:00,2010-02-21 00:00:00,2074,46236,1,328.0725,GBP
2010-02-15 00:00:00,2010-02-21 00:00:00,2074,46236,1,328.0725,USD
2010-02-15 00:00:00,2010-02-21 00:00:00,2074,51023,1,328.0725,GBP
2010-02-15 00:00:00,2010-02-21 00:00:00,2074,53948,1,328.0725,GBP
2010-02-15 00:00:00,2010-02-21 00:00:00,2074,59063,1,328.0725,USD
2010-02-15 00:00:00,2010-02-21 00:00:00,2074,63119,1,328.0725,GBP
2010-02-15 00:00:00,2010-02-21 00:00:00,2074,71940,1,328.0725,GBP
2010-02-15 00:00:00,2010-02-21 00:00:00,2074,74470,1,328.0725,USD
2010-02-15 00:00:00,2010-02-21 00:00:00,2074,75934,1,328.0725,USD
2010-02-15 00:00:00,2010-02-21 00:00:00,2074,76501,1,328.0725,USD
2010-02-15 00:00:00,2010-02-21 00:00:00,2074,76651,1,328.0725,GBP
2010-02-15 00:00:00,2010-02-21 00:00:00,2074,78728,1,328.0725,GBP
2010-02-15 00:00:00,2010-02-21 00:00:00,2074,79925,1,328.0725,GBP
2010-02-15 00:00:00,2010-02-21 00:00:00,2074,84098,2,656.145,GBP
2010-02-15 00:00:00,2010-02-21 00:00:00,2074,85225,1,328.0725,USD
2010-02-15 00:00:00,2010-02-21 00:00:00,2081,25419,1,220.4475,GBP
2010-02-15 00:00:00,2010-02-21 00:00:00,2081,33013,1,220.4475,USD
2010-02-15 00:00:00,2010-02-21 00:00:00,2081,37144,2,440.895,GBP
2010-02-15 00:00:00,2010-02-21 00:00:00,2081,37187,1,220.4475,USD
2010-02-15 00:00:00,2010-02-21 00:00:00,2081,40475,1,220.4475,GBP
2010-02-15 00:00:00,2010-02-21 00:00:00,2083,33155,1,309.6975,USD
2010-02-15 00:00:00,2010-02-21 00:00:00,2083,33441,1,309.6975,GBP
2010-02-15 00:00:00,2010-02-21 00:00:00,2083,34488,1,309.6975,GBP
2010-02-15 00:00:00,2010-02-21 00:00:00,2083,37862,1,309.6975,USD
2010-02-15 00:00:00,2010-02-21 00:00:00,2083,42544,1,309.6975,USD
2010-02-15 00:00:00,2010-02-21 00:00:00,2083,70518,1,309.6975,GBP
2010-02-15 00:00:00,2010-02-21 00:00:00,2083,70726,1,309.6975,GBP
2010-02-15 00:00:00,2010-02-21 00:00:00,2083,72941,1,309.6975,GBP
2010-02-15 00:00:00,2010-02-21 00:00:00,2083,74578,1,309.6975,USD
2010-02-15 00:00:00,2010-02-21 00:00:00,2083,76205,1,309.6975,GBP
2010-02-15 00:00:00,2010-02-21 00:00:00,2083,78283,1,309.6975,USD
2010-02-15 00:00:00,2010-02-21 00:00:00,2083,78758,1,309.6975,USD
2010-02-15 00:00:00,2010-02-21 00:00:00,2083,82601,1,309.6975,USD
2010-02-15 00:00:00,2010-02-21 00:00:00,2083,83686,1,309.6975,GBP
2010-02-15 00:00:00,2010-02-21 00:00:00,2083,93013,1,309.6975,GBP
2010-02-15 00:00:00,2010-02-21 00:00:00,2083,95008,1,309.6975,GBP
2010-02-15 00:00:00,2010-02-21 00:00:00,2083,95117,1,309.6975,USD
2010-02-15 00:00:00,2010-02-21 00:00:00,2091,08332,1,152.1975,GBP
2010-02-15 00:00:00,2010-02-21 00:00:00,2091,38049,1,152.1975,GBP
2010-02-15 00:00:00,2010-02-21 00:00:00,2091,72443,1,152.1975,GBP
2010-02-15 00:00:00,2010-02-21 00:00:00,2091,75228,1,152.1975,USD
2010-02-15 00:00:00,2010-02-21 00:00:00,2091,77625,1,152.1975,GBP
2010-02-15 00:00:00,2010-02-21 00:00:00,2091,87505,1,152.1975,GBP
2010-02-15 00:00:00,2010-02-21 00:00:00,2094,07853,1,433.0725,USD
2010-02-15 00:00:00,2010-02-21 00:00:00,2094,32220,1,433.0725,GBP
2010-02-15 00:00:00,2010-02-21 00:00:00,2094,32533,1,433.0725,GBP
2010-02-15 00:00:00,2010-02-21 00:00:00,2094,33301,1,433.0725,GBP
2010-02-15 00:00:00,2010-02-21 00:00:00,2094,72210,1,433.0725,GBP
2010-02-15 00:00:00,2010-02-21 00:00:00,2094,75949,1,433.0725,GBP
2010-02-15 00:00:00,2010-02-21 00:00:00,2094,88011,1,433.0725,GBP
2010-02-15 00:00:00,2010-02-21 00:00:00,2094,92116,1,433.0725,GBP
2010-02-15 00:00:00,2010-02-21 00:00:00,2094,92805,1,433.0725,GBP
2010-02-15 00:00:00,2010-02-21 00:00:00,2120,79424,1,524.7375,USD
2010-02-15 00:00:00,2010-02-21 00:00:00,2121,95120,1,629.7375,USD
2010-02-15 00:00:00,2010-02-21 00:00:00,2126,97201,1,472.2375,USD
2010-02-15 00:00:00,2010-02-21 00:00:00,2128,64118,1,398.7375,USD
2010-02-15 00:00:00,2010-02-21 00:00:00,2130,32216,1,472.2375,GBP
2010-02-15 00:00:00,2010-02-21 00:00:00,2140,91709,1,550.9875,GBP
2010-02-15 00:00:00,2010-02-21 00:00:00,2161,08520,1,571.9875,GBP
2010-02-15 00:00:00,2010-02-21 00:00:00,2167,33781,1,577.2375,USD
2010-02-15 00:00:00,2010-02-21 00:00:00,2167,78250,1,577.2375,GBP
2010-02-15 00:00:00,2010-02-21 00:00:00,2167,92660,1,577.2375,GBP
2010-02-15 00:00:00,2010-02-21 00:00:00,2169,33161,1,535.2375,USD
2010-02-15 00:00:00,2010-02-21 00:00:00,2169,76051,1,535.2375,GBP
2010-02-15 00:00:00,2010-02-21 00:00:00,2169,95066,1,535.2375,USD
2010-02-15 00:00:00,2010-02-21 00:00:00,2175,46410,1,472.2375,USD
2010-02-15 00:00:00,2010-02-21 00:00:00,2192,63017,1,191.5725,USD
2010-02-15 00:00:00,2010-02-21 00:00:00,2192,91606,1,202.0725,USD
2010-02-15 00:00:00,2010-02-21 00:00:00,2192,92555,1,202.0725,GBP
2010-02-15 00:00:00,2010-02-21 00:00:00,2199,32507,1,178.4475,USD
2010-02-15 00:00:00,2010-02-21 00:00:00,2199,71913,1,178.4475,USD
2010-02-15 00:00:00,2010-02-21 00:00:00,2199,83686,1,178.4475,USD
2010-02-15 00:00:00,2010-02-21 00:00:00,2199,95006,1,178.4475,USD
2010-02-15 00:00:00,2010-02-21 00:00:00,2204,19940,1,173.1975,GBP
2010-02-15 00:00:00,2010-02-21 00:00:00,2204,85268,1,173.1975,GBP
2010-02-15 00:00:00,2010-02-21 00:00:00,2204,92129,1,173.1975,USD
2010-02-15 00:00:00,2010-02-21 00:00:00,2204,92708,1,173.1975,USD
2010-02-15 00:00:00,2010-02-21 00:00:00,2204,95023,1,173.1975,USD
2010-02-15 00:00:00,2010-02-21 00:00:00,2205,46803,1,173.1975,GBP
2010-02-15 00:00:00,2010-02-21 00:00:00,2205,85268,1,173.1975,USD
2010-02-15 00:00:00,2010-02-21 00:00:00,2205,85310,1,173.1975,GBP
2010-02-15 00:00:00,2010-02-21 00:00:00,2205,92129,1,173.1975,USD
2010-02-15 00:00:00,2010-02-21 00:00:00,2205,92708,1,173.1975,GBP
2010-02-15 00:00:00,2010-02-21 00:00:00,2205,95826,1,173.1975,GBP
2010-02-15 00:00:00,2010-02-21 00:00:00,2210,01748,1,107.5725,USD
2010-02-15 00:00:00,2010-02-21 00:00:00,2210,35068,1,107.5725,USD
2010-02-15 00:00:00,2010-02-21 00:00:00,2210,37616,1,107.5725,USD
2010-02-15 00:00:00,2010-02-21 00:00:00,2210,39553,1,107.5725,USD
2010-02-15 00:00:00,2010-02-21 00:00:00,2210,59030,1,107.5725,USD
2010-02-15 00:00:00,2010-02-21 00:00:00,2210,63020,1,107.5725,GBP
2010-02-15 00:00:00,2010-02-21 00:00:00,2210,70343,1,107.5725,USD
2010-02-15 00:00:00,2010-02-21 00:00:00,2210,92509,1,107.5725,GBP
2010-02-15 00:00:00,2010-02-21 00:00:00,2211,36551,1,107.5725,USD
2010-02-15 00:00:00,2010-02-21 00:00:00,2211,37421,1,107.5725,GBP
2010-02-15 00:00:00,2010-02-21 00:00:00,2211,63020,1,107.5725,USD
2010-02-15 00:00:00,2010-02-21 00:00:00,2211,70343,1,107.5725,USD
2010-02-15 00:00:00,2010-02-21 00:00:00,2211,72949,1,107.5725,GBP
2010-02-15 00:00:00,2010-02-21 00:00:00,2211,77041,1,107.5725,GBP
2010-02-15 00:00:00,2010-02-21 00:00:00,2211,77064,1,107.5725,GBP
2010-02-15 00:00:00,2010-02-21 00:00:00,2234,08527,1,65.5725,USD
2010-02-15 00:00:00,2010-02-21 00:00:00,2234,08691,1,65.5725,USD
2010-02-15 00:00:00,2010-02-21 00:00:00,2234,21531,1,65.5725,USD
2010-02-15 00:00:00,2010-02-21 00:00:00,2234,29135,1,65.5725,USD
2010-02-15 00:00:00,2010-02-21 00:00:00,2234,33435,1,65.5725,USD
2010-02-15 00:00:00,2010-02-21 00:00:00,2234,35633,1,65.5725,USD
2010-02-15 00:00:00,2010-02-21 00:00:00,2234,36207,1,65.5725,USD
2010-02-15 00:00:00,2010-02-21 00:00:00,2234,38463,1,65.5725,USD
2010-02-15 00:00:00,2010-02-21 00:00:00,2234,40071,1,65.5725,GBP
2010-02-15 00:00:00,2010-02-21 00:00:00,2234,40229,1,131.145,GBP
2010-02-15 00:00:00,2010-02-21 00:00:00,2234,40229,1,131.145,USD
2010-02-15 00:00:00,2010-02-21 00:00:00,2234,42261,1,65.5725,USD
2010-02-15 00:00:00,2010-02-21 00:00:00,2234,46788,1,65.5725,USD
2010-02-15 00:00:00,2010-02-21 00:00:00,2234,47918,1,65.5725,USD
2010-02-15 00:00:00,2010-02-21 00:00:00,2234,55811,1,65.5725,GBP
2010-02-15 00:00:00,2010-02-21 00:00:00,2234,63026,1,65.5725,GBP
2010-02-15 00:00:00,2010-02-21 00:00:00,2234,64040,1,65.5725,USD
2010-02-15 00:00:00,2010-02-21 00:00:00,2234,65026,1,65.5725,GBP
2010-02-15 00:00:00,2010-02-21 00:00:00,2234,71913,1,65.5725,GBP
2010-02-15 00:00:00,2010-02-21 00:00:00,2234,74023,1,65.5725,GBP
2010-02-15 00:00:00,2010-02-21 00:00:00,2234,75252,1,65.5725,USD
2010-02-15 00:00:00,2010-02-21 00:00:00,2234,75495,2,131.145,GBP
2010-02-15 00:00:00,2010-02-21 00:00:00,2234,78501,1,65.5725,USD
2010-02-15 00:00:00,2010-02-21 00:00:00,2234,79159,1,65.5725,GBP
2010-02-15 00:00:00,2010-02-21 00:00:00,2234,83605,1,65.5725,USD
2010-02-15 00:00:00,2010-02-21 00:00:00,2234,85742,1,65.5725,GBP
2010-02-15 00:00:00,2010-02-21 00:00:00,2234,89445,1,65.5725,USD
2010-02-15 00:00:00,2010-02-21 00:00:00,2234,91606,1,65.5725,USD
2010-02-15 00:00:00,2010-02-21 00:00:00,2234,92126,1,65.5725,USD
2010-02-15 00:00:00,2010-02-21 00:00:00,2234,92252,2,131.145,USD
2010-02-15 00:00:00,2010-02-21 00:00:00,2234,93907,1,65.5725,GBP
2010-02-15 00:00:00,2010-02-21 00:00:00,2235,07860,2,131.145,USD
2010-02-15 00:00:00,2010-02-21 00:00:00,2235,19960,1,65.5725,GBP
2010-02-15 00:00:00,2010-02-21 00:00:00,2235,20879,1,65.5725,USD
2010-02-15 00:00:00,2010-02-21 00:00:00,2235,29108,1,65.5725,USD
2010-02-15 00:00:00,2010-02-21 00:00:00,2235,29180,2,131.145,GBP
2010-02-15 00:00:00,2010-02-21 00:00:00,2235,32792,1,65.5725,USD
2010-02-15 00:00:00,2010-02-21 00:00:00,2235,34743,1,65.5725,GBP
2010-02-15 00:00:00,2010-02-21 00:00:00,2235,35593,1,65.5725,GBP
2010-02-15 00:00:00,2010-02-21 00:00:00,2235,37148,1,65.5725,USD
2010-02-15 00:00:00,2010-02-21 00:00:00,2235,38463,1,65.5725,USD
2010-02-15 00:00:00,2010-02-21 00:00:00,2235,40229,1,262.29,GBP
2010-02-15 00:00:00,2010-02-21 00:00:00,2235,40229,1,327.8625,USD
2010-02-15 00:00:00,2010-02-21 00:00:00,2235,46774,1,65.5725,GBP
2010-02-15 00:00:00,2010-02-21 00:00:00,2235,47918,1,131.145,GBP
2010-02-15 00:00:00,2010-02-21 00:00:00,2235,47918,1,65.5725,USD
2010-02-15 00:00:00,2010-02-21 00:00:00,2235,63730,1,65.5725,USD
2010-02-15 00:00:00,2010-02-21 00:00:00,2235,65711,1,65.5725,USD
2010-02-15 00:00:00,2010-02-21 00:00:00,2235,68104,1,65.5725,USD
2010-02-15 00:00:00,2010-02-21 00:00:00,2235,68410,1,65.5725,GBP
2010-02-15 00:00:00,2010-02-21 00:00:00,2235,70041,1,65.5725,USD
2010-02-15 00:00:00,2010-02-21 00:00:00,2235,70068,1,65.5725,USD
2010-02-15 00:00:00,2010-02-21 00:00:00,2235,72111,1,65.5725,USD
2010-02-15 00:00:00,2010-02-21 00:00:00,2235,72209,1,65.5725,GBP
2010-02-15 00:00:00,2010-02-21 00:00:00,2235,75224,1,65.5725,USD
2010-02-15 00:00:00,2010-02-21 00:00:00,2235,76073,1,65.5725,USD
2010-02-15 00:00:00,2010-02-21 00:00:00,2235,76234,2,131.145,GBP
2010-02-15 00:00:00,2010-02-21 00:00:00,2235,77036,1,65.5725,GBP
2010-02-15 00:00:00,2010-02-21 00:00:00,2235,77627,1,65.5725,USD
2010-02-15 00:00:00,2010-02-21 00:00:00,2235,83716,1,65.5725,USD
2010-02-15 00:00:00,2010-02-21 00:00:00,2235,84118,2,131.145,USD
2010-02-15 00:00:00,2010-02-21 00:00:00,2235,85213,1,65.5725,USD
2010-02-15 00:00:00,2010-02-21 00:00:00,2235,85268,1,65.5725,GBP
2010-02-15 00:00:00,2010-02-21 00:00:00,2235,86406,1,65.5725,USD
2010-02-15 00:00:00,2010-02-21 00:00:00,2235,87401,1,65.5725,USD
2010-02-15 00:00:00,2010-02-21 00:00:00,2235,87529,1,65.5725,USD
2010-02-15 00:00:00,2010-02-21 00:00:00,2235,91331,1,65.5725,GBP
2010-02-15 00:00:00,2010-02-21 00:00:00,2235,91739,1,65.5725,GBP
2010-02-15 00:00:00,2010-02-21 00:00:00,2235,91740,1,65.5725,USD
2010-02-15 00:00:00,2010-02-21 00:00:00,2235,92067,1,65.5725,GBP
2010-02-15 00:00:00,2010-02-21 00:00:00,2235,92210,1,65.5725,GBP
2010-02-15 00:00:00,2010-02-21 00:00:00,2235,92346,1,65.5725,USD
2010-02-15 00:00:00,2010-02-21 00:00:00,2235,92886,1,65.5725,USD
2010-02-15 00:00:00,2010-02-21 00:00:00,2235,94005,1,65.5725,USD
2010-02-15 00:00:00,2010-02-21 00:00:00,2235,97038,1,65.5725,USD
2010-02-15 00:00:00,2010-02-21 00:00:00,2235,97045,1,65.5725,GBP
2010-02-15 00:00:00,2010-02-21 00:00:00,2247,75063,1,131.1975,GBP
2010-02-15 00:00:00,2010-02-21 00:00:00,2254,06016,1,57.6975,GBP
2010-02-15 00:00:00,2010-02-21 00:00:00,2254,06241,1,57.6975,GBP
2010-02-15 00:00:00,2010-02-21 00:00:00,2254,20772,1,57.6975,USD
2010-02-15 00:00:00,2010-02-21 00:00:00,2254,21158,1,57.6975,USD
2010-02-15 00:00:00,2010-02-21 00:00:00,2254,26456,1,57.6975,GBP
2010-02-15 00:00:00,2010-02-21 00:00:00,2254,29053,1,57.6975,USD
2010-02-15 00:00:00,2010-02-21 00:00:00,2254,29579,1,57.6975,GBP
2010-02-15 00:00:00,2010-02-21 00:00:00,2254,46036,1,57.6975,USD
2010-02-15 00:00:00,2010-02-21 00:00:00,2254,46504,1,57.6975,GBP
2010-02-15 00:00:00,2010-02-21 00:00:00,2254,46514,1,57.6975,GBP
2010-02-15 00:00:00,2010-02-21 00:00:00,2254,46514,1,115.395,USD
2010-02-15 00:00:00,2010-02-21 00:00:00,2254,47265,1,57.6975,USD
2010-02-15 00:00:00,2010-02-21 00:00:00,2254,47929,1,115.395,GBP
2010-02-15 00:00:00,2010-02-21 00:00:00,2254,47929,1,115.395,USD
2010-02-15 00:00:00,2010-02-21 00:00:00,2254,51334,1,57.6975,GBP
2010-02-15 00:00:00,2010-02-21 00:00:00,2254,55923,1,57.6975,GBP
2010-02-15 00:00:00,2010-02-21 00:00:00,2254,70050,1,57.6975,GBP
2010-02-15 00:00:00,2010-02-21 00:00:00,2254,72701,1,57.6975,GBP
2010-02-15 00:00:00,2010-02-21 00:00:00,2254,77505,1,57.6975,USD
2010-02-15 00:00:00,2010-02-21 00:00:00,2254,78566,1,57.6975,GBP
2010-02-15 00:00:00,2010-02-21 00:00:00,2254,82718,1,57.6975,GBP
2010-02-15 00:00:00,2010-02-21 00:00:00,2254,84003,1,57.6975,GBP
2010-02-15 00:00:00,2010-02-21 00:00:00,2254,84651,1,57.6975,GBP
2010-02-15 00:00:00,2010-02-21 00:00:00,2254,85296,1,57.6975,GBP
2010-02-15 00:00:00,2010-02-21 00:00:00,2254,91702,1,57.6975,USD
2010-02-15 00:00:00,2010-02-21 00:00:00,2254,92026,1,57.6975,GBP
2010-02-15 00:00:00,2010-02-21 00:00:00,2254,92868,1,57.6975,USD
2010-02-15 00:00:00,2010-02-21 00:00:00,2254,93306,2,115.395,USD
2010-02-15 00:00:00,2010-02-21 00:00:00,2254,97111,1,57.6975,USD
2010-02-15 00:00:00,2010-02-21 00:00:00,2255,06016,1,57.6975,GBP
2010-02-15 00:00:00,2010-02-21 00:00:00,2255,06902,1,57.6975,GBP
2010-02-15 00:00:00,2010-02-21 00:00:00,2255,26037,1,57.6975,USD
2010-02-15 00:00:00,2010-02-21 00:00:00,2255,29579,1,57.6975,GBP
2010-02-15 00:00:00,2010-02-21 00:00:00,2255,33868,1,57.6975,GBP
2010-02-15 00:00:00,2010-02-21 00:00:00,2255,33993,2,115.395,USD
2010-02-15 00:00:00,2010-02-21 00:00:00,2255,37172,1,57.6975,USD
2010-02-15 00:00:00,2010-02-21 00:00:00,2255,38666,1,57.6975,GBP
2010-02-15 00:00:00,2010-02-21 00:00:00,2255,39503,1,57.6975,GBP
2010-02-15 00:00:00,2010-02-21 00:00:00,2255,42262,1,57.6975,USD
2010-02-15 00:00:00,2010-02-21 00:00:00,2255,42345,2,115.395,GBP
2010-02-15 00:00:00,2010-02-21 00:00:00,2255,46514,1,230.79,GBP
2010-02-15 00:00:00,2010-02-21 00:00:00,2255,46514,1,57.6975,USD
2010-02-15 00:00:00,2010-02-21 00:00:00,2255,47834,2,115.395,GBP
2010-02-15 00:00:00,2010-02-21 00:00:00,2255,47905,1,57.6975,GBP
2010-02-15 00:00:00,2010-02-21 00:00:00,2255,47929,1,57.6975,GBP
2010-02-15 00:00:00,2010-02-21 00:00:00,2255,47929,1,115.395,USD
2010-02-15 00:00:00,2010-02-21 00:00:00,2255,53038,1,57.6975,USD
2010-02-15 00:00:00,2010-02-21 00:00:00,2255,59901,1,57.6975,GBP
2010-02-15 00:00:00,2010-02-21 00:00:00,2255,63376,1,57.6975,GBP
2010-02-15 00:00:00,2010-02-21 00:00:00,2255,63601,2,115.395,GBP
2010-02-15 00:00:00,2010-02-21 00:00:00,2255,68123,1,57.6975,GBP
2010-02-15 00:00:00,2010-02-21 00:00:00,2255,70401,1,57.6975,GBP
2010-02-15 00:00:00,2010-02-21 00:00:00,2255,72364,1,70.8225,GBP
2010-02-15 00:00:00,2010-02-21 00:00:00,2255,75662,1,57.6975,USD
2010-02-15 00:00:00,2010-02-21 00:00:00,2255,77461,1,57.6975,GBP
2010-02-15 00:00:00,2010-02-21 00:00:00,2255,83301,1,57.6975,GBP
2010-02-15 00:00:00,2010-02-21 00:00:00,2255,87031,1,57.6975,GBP
2010-02-15 00:00:00,2010-02-21 00:00:00,2255,91711,1,57.6975,USD
2010-02-15 00:00:00,2010-02-21 00:00:00,2255,92056,1,57.6975,GBP
2010-02-15 00:00:00,2010-02-21 00:00:00,2255,92545,1,57.6975,USD
2010-02-15 00:00:00,2010-02-21 00:00:00,2255,92703,1,57.6975,GBP
2010-02-15 00:00:00,2010-02-21 00:00:00,2255,93955,1,57.6975,GBP
2010-02-15 00:00:00,2010-02-21 00:00:00,2255,95037,1,57.6975,USD
2010-02-15 00:00:00,2010-02-21 00:00:00,2255,95630,1,57.6975,GBP
2010-02-15 00:00:00,2010-02-21 00:00:00,2255,95678,1,57.6975,USD
2010-02-15 00:00:00,2010-02-21 00:00:00,2255,95688,1,57.6975,USD
2010-02-15 00:00:00,2010-02-21 00:00:00,2255,97206,2,115.395,GBP
2010-02-15 00:00:00,2010-02-21 00:00:00,2268,07885,1,309.6975,GBP
2010-02-15 00:00:00,2010-02-21 00:00:00,2268,34690,1,309.6975,USD
2010-02-15 00:00:00,2010-02-21 00:00:00,2268,52353,1,309.6975,GBP
2010-02-15 00:00:00,2010-02-21 00:00:00,2268,72118,1,309.6975,GBP
2010-02-15 00:00:00,2010-02-21 00:00:00,2268,72601,1,309.6975,GBP
2010-02-15 00:00:00,2010-02-21 00:00:00,2268,76051,1,309.6975,GBP
2010-02-15 00:00:00,2010-02-21 00:00:00,2268,86040,1,309.6975,GBP
2010-02-15 00:00:00,2010-02-21 00:00:00,2268,89191,1,309.6975,GBP
2010-02-15 00:00:00,2010-02-21 00:00:00,2268,95924,1,309.6975,GBP
2010-02-15 00:00:00,2010-02-21 00:00:00,2277,07071,1,251.9475,GBP
2010-02-15 00:00:00,2010-02-21 00:00:00,2277,07662,1,251.9475,GBP
2010-02-15 00:00:00,2010-02-21 00:00:00,2277,07726,1,251.9475,GBP
2010-02-15 00:00:00,2010-02-21 00:00:00,2277,08008,1,251.9475,GBP
2010-02-15 00:00:00,2010-02-21 00:00:00,2277,08108,1,251.9475,GBP
2010-02-15 00:00:00,2010-02-21 00:00:00,2277,21220,1,251.9475,GBP
2010-02-15 00:00:00,2010-02-21 00:00:00,2277,33540,1,251.9475,GBP
2010-02-15 00:00:00,2010-02-21 00:00:00,2277,35967,1,251.9475,GBP
2010-02-15 00:00:00,2010-02-21 00:00:00,2277,40222,1,251.9475,GBP
2010-02-15 00:00:00,2010-02-21 00:00:00,2277,42757,1,251.9475,GBP
2010-02-15 00:00:00,2010-02-21 00:00:00,2277,53066,1,251.9475,GBP
2010-02-15 00:00:00,2010-02-21 00:00:00,2277,53149,1,251.9475,GBP
2010-02-15 00:00:00,2010-02-21 00:00:00,2277,55372,1,251.9475,USD
2010-02-15 00:00:00,2010-02-21 00:00:00,2277,56007,1,251.9475,GBP
2010-02-15 00:00:00,2010-02-21 00:00:00,2277,67203,1,251.9475,GBP
2010-02-15 00:00:00,2010-02-21 00:00:00,2277,70068,1,251.9475,USD
2010-02-15 00:00:00,2010-02-21 00:00:00,2277,71909,1,251.9475,GBP
2010-02-15 00:00:00,2010-02-21 00:00:00,2277,75025,1,251.9475,GBP
2010-02-15 00:00:00,2010-02-21 00:00:00,2277,75044,1,251.9475,GBP
2010-02-15 00:00:00,2010-02-21 00:00:00,2277,75901,1,251.9475,GBP
2010-02-15 00:00:00,2010-02-21 00:00:00,2277,84020,1,251.9475,USD
2010-02-15 00:00:00,2010-02-21 00:00:00,2277,84093,1,251.9475,USD
2010-02-15 00:00:00,2010-02-21 00:00:00,2277,84310,1,251.9475,USD
2010-02-15 00:00:00,2010-02-21 00:00:00,2277,85748,1,251.9475,USD
2010-02-15 00:00:00,2010-02-21 00:00:00,2277,92122,1,251.9475,USD
2010-02-15 00:00:00,2010-02-21 00:00:00,2277,92592,1,251.9475,USD
2010-02-15 00:00:00,2010-02-21 00:00:00,2277,93446,1,251.9475,GBP
2010-02-15 00:00:00,2010-02-21 00:00:00,2277,94589,1,251.9475,USD
2010-02-15 00:00:00,2010-02-21 00:00:00,2277,95376,1,251.9475,GBP
2010-02-15 00:00:00,2010-02-21 00:00:00,2277,99705,1,251.9475,GBP
2010-02-15 00:00:00,2010-02-21 00:00:00,2279,34601,1,165.3225,GBP
2010-02-15 00:00:00,2010-02-21 00:00:00,2279,37620,1,149.5725,USD
2010-02-15 00:00:00,2010-02-21 00:00:00,2279,46970,1,165.3225,GBP
2010-02-15 00:00:00,2010-02-21 00:00:00,2279,74932,1,165.3225,USD
2010-02-15 00:00:00,2010-02-21 00:00:00,2279,77301,1,165.3225,GBP
2010-02-15 00:00:00,2010-02-21 00:00:00,2279,77521,2,330.645,USD
2010-02-15 00:00:00,2010-02-21 00:00:00,2279,90717,1,165.3225,USD
2010-02-15 00:00:00,2010-02-21 00:00:00,2279,92067,1,165.3225,USD
2010-02-15 00:00:00,2010-02-21 00:00:00,2279,95354,7,1157.2575,GBP
2010-02-15 00:00:00,2010-02-21 00:00:00,2282,07727,1,304.4475,GBP
2010-02-15 00:00:00,2010-02-21 00:00:00,2282,08505,1,304.4475,USD
2010-02-15 00:00:00,2010-02-21 00:00:00,2282,20866,1,304.4475,USD
2010-02-15 00:00:00,2010-02-21 00:00:00,2282,21773,1,304.4475,USD
2010-02-15 00:00:00,2010-02-21 00:00:00,2282,21842,1,304.4475,USD
2010-02-15 00:00:00,2010-02-21 00:00:00,2282,32174,1,304.4475,USD
2010-02-15 00:00:00,2010-02-21 00:00:00,2282,33166,1,304.4475,GBP
2010-02-15 00:00:00,2010-02-21 00:00:00,2282,33624,1,304.4475,GBP
2010-02-15 00:00:00,2010-02-21 00:00:00,2282,35761,1,304.4475,GBP
2010-02-15 00:00:00,2010-02-21 00:00:00,2282,37055,1,304.4475,GBP
2010-02-15 00:00:00,2010-02-21 00:00:00,2282,46517,1,304.4475,USD
2010-02-15 00:00:00,2010-02-21 00:00:00,2282,46818,1,304.4475,GBP
2010-02-15 00:00:00,2010-02-21 00:00:00,2282,46835,1,304.4475,GBP
2010-02-15 00:00:00,2010-02-21 00:00:00,2282,55303,1,304.4475,GBP
2010-02-15 00:00:00,2010-02-21 00:00:00,2282,57706,1,304.4475,USD
